1	2	113.82
1	3	25.606
1	4	25.578
1	5	25.578
1	6	25.578
1	7	23.117
1	8	30.724
1	9	30.724
1	10	30.724
1	11	64.395
1	12	64.395
1	13	64.395
1	14	64.395
1	15	64.395
1	16	64.395
1	17	64.395
1	18	64.395
1	19	64.395
1	20	29.123
1	21	29.123
1	22	29.123
1	23	29.123
1	24	44.396
1	25	44.396
1	26	30.506
1	27	71.25
1	28	71.25
1	29	33.386
1	30	31.405
1	31	31.405
1	32	31.405
1	33	22.777
1	34	22.777
1	35	22.777
1	36	22.777
1	37	22.777
1	38	22.777
1	39	22.777
1	40	22.777
1	41	22.777
1	42	22.777
1	43	22.777
1	44	21.225
1	45	26.74
1	46	26.74
1	47	26.74
1	48	26.74
1	49	26.74
1	50	26.74
1	51	26.74
1	52	26.74
1	53	26.74
1	54	26.74
1	55	26.74
1	56	26.74
1	57	26.74
1	58	26.74
1	59	26.74
1	60	26.74
1	61	26.74
1	62	26.74
1	63	26.926
1	64	29.22
1	65	40.787
1	66	40.787
1	67	40.787
1	68	40.787
1	69	40.787
1	70	40.787
1	71	40.787
1	72	40.787
1	73	40.787
1	74	40.787
1	75	40.787
1	76	14.055
1	77	14.055
1	78	14.055
1	79	14.055
1	80	30.162
1	81	12.9
1	82	12.9
1	83	12.9
1	84	12.9
1	85	12.9
1	86	12.9
1	87	12.9
1	88	12.9
1	89	12.9
2	3	341.99
2	4	49.564
2	5	33.542
2	6	39.826
2	7	71.124
2	8	45.198
2	9	45.208
2	10	35.189
2	11	28.356
2	12	32.633
2	13	26.515
2	14	19.067
2	15	28.534
2	16	23.23
2	17	8.701
2	18	25.418
2	19	31.455
2	20	21.573
2	21	32.605
2	22	18.905
2	23	11.796
2	24	17.316
2	25	12.199
2	26	10.499
2	27	26.444
2	28	22.21
2	29	13.026
2	30	10.773
2	31	12.623
2	32	10.998
2	33	9.0442
2	34	11.55
2	35	12.253
2	36	7.8665
2	37	7.6931
2	38	6.4123
2	39	6.0549
2	40	5.1385
2	41	6.9941
2	42	12.815
2	43	9.8551
2	44	6.3315
2	45	5.2692
2	46	3.1012
2	47	3.8227
2	48	2.9185
2	49	8.0511
2	50	3.5625
2	51	5.1273
2	52	3.0354
2	53	1.141
2	54	2.1055
2	55	2.5561
2	56	3.2925
2	57	3.9557
2	58	3.9557
2	59	4.3306
2	60	8.9897
2	61	2.2987
2	62	3.8719
2	63	14.645
2	64	11.537
2	65	8.0041
2	66	6.2951
2	67	2.951
2	68	6.4432
2	69	10.86
2	70	3.6026
2	71	4.9178
2	72	7.3521
2	73	4.1928
2	74	1.0528
2	75	2.8709
2	76	2.125
2	77	3.2853
2	78	3.3194
2	79	7.5602
2	80	4.5147
2	81	8.4269
2	82	11.964
2	83	7.5416
2	84	8.8215
2	85	3.4034
2	86	4.9216
2	87	2.4388
2	88	2.4388
2	89	4.2456
3	4	173.93
3	5	76.926
3	6	70.208
3	7	68.153
3	8	24.181
3	9	22.824
3	10	9.3797
3	11	29.277
3	12	22.856
3	13	51.152
3	14	27.789
3	15	19.164
3	16	17.223
3	17	35.513
3	18	34.298
3	19	10.097
3	20	8.7523
3	21	36.87
3	22	23.707
3	23	10.18
3	24	5.6801
3	25	13.294
3	26	8.0515
3	27	22.618
3	28	4.5762
3	29	5.3872
3	30	11.296
3	31	6.3723
3	32	33.486
3	33	10.828
3	34	13.889
3	35	13.56
3	36	15.436
3	37	7.9369
3	38	11.74
3	39	9.1173
3	40	14.762
3	41	17.522
3	42	9.6292
3	43	7.6006
3	44	7.9757
3	45	6.2073
3	46	7.4628
3	47	8.6971
3	48	4.6932
3	49	4.3785
3	50	7.3576
3	51	5.6809
3	52	6.3816
3	53	7.0868
3	54	4.3209
3	55	6.0116
3	56	3.8513
3	57	5.573
3	58	4.8201
3	59	8.1918
3	60	11.271
3	61	6.2241
3	62	3.4693
3	63	11.741
3	64	8.7571
3	65	2.6543
3	66	4.1996
3	67	5.9088
3	68	1.0722
3	69	6.2
3	70	4.9488
3	71	10.915
3	72	10.941
3	73	9.497
3	74	4.4108
3	75	4.6018
3	76	11.017
3	77	6.9963
3	78	10.805
3	79	7.2405
3	80	3.1331
3	81	7.2988
3	82	11.13
3	83	5.3686
3	84	12.52
3	85	9.6515
3	86	4.0202
3	87	5.7041
3	88	0.71749
3	89	0.71749
4	5	321.97
4	6	78.137
4	7	61.91
4	8	15.191
4	9	10.919
4	10	11.825
4	11	16.911
4	12	15.813
4	13	30.538
4	14	20.581
4	15	26.497
4	16	15.108
4	17	16.086
4	18	26.142
4	19	7.0548
4	20	13.556
4	21	13.605
4	22	14.549
4	23	1.1335
4	24	7.2384
4	25	8.2095
4	26	7.063
4	27	11.85
4	28	9.189
4	29	10.929
4	30	4.1377
4	31	9.5473
4	32	8.4781
4	33	9.9204
4	34	8.4568
4	35	4.1295
4	36	7.3021
4	37	9.5227
4	38	7.9393
4	39	8.9858
4	40	6.2472
4	41	7.861
4	42	5.1876
4	43	9.1495
4	44	9.9815
4	45	4.431
4	46	10.454
4	47	8.424
4	48	6.5787
4	49	10.859
4	50	7.2193
4	51	4.9788
4	52	6.1817
4	53	10.803
4	54	6.3967
4	55	4.6346
4	56	2.9775
4	57	8.0659
4	58	9.3343
4	59	7.8605
4	60	7.9158
4	61	6.1932
4	62	5.2084
4	63	6.2781
4	64	4.8502
4	65	2.6798
4	66	6.3445
4	67	0.99053
4	68	5.4033
4	69	3.1244
4	70	5.4807
4	71	10.651
4	72	11.372
4	73	6.2736
4	74	12.128
4	75	8.3186
4	76	10.121
4	77	9.6976
4	78	13.099
4	79	5.6048
4	80	1.5288
4	81	2.2032
4	82	11.715
4	83	1.8391
4	84	8.6721
4	85	5.7934
4	86	5.7678
4	87	3.344
4	88	5.5381
4	89	5.7647
5	6	166.84
5	7	44.158
5	8	13.436
5	9	5.6099
5	10	6.2458
5	11	6.9732
5	12	7.6368
5	13	24.091
5	14	15.734
5	15	9.7598
5	16	11.539
5	17	22.014
5	18	19.612
5	19	8.7825
5	20	2.6058
5	21	11.991
5	22	6.7087
5	23	5.2892
5	24	4.7348
5	25	3.409
5	26	4.0303
5	27	8.0047
5	28	7.6384
5	29	3.5813
5	30	2.7373
5	31	7.8268
5	32	15.313
5	33	9.8592
5	34	10.645
5	35	7.7064
5	36	6.2891
5	37	11.287
5	38	6.8972
5	39	7.2416
5	40	9.8824
5	41	9.0972
5	42	7.0526
5	43	5.1021
5	44	2.4328
5	45	5.9295
5	46	13.695
5	47	8.5785
5	48	6.2981
5	49	5.8708
5	50	8.8045
5	51	5.9185
5	52	3.577
5	53	5.2897
5	54	5.3102
5	55	5.6724
5	56	6.7744
5	57	5.6337
5	58	6.9144
5	59	7.9487
5	60	6.7505
5	61	1.5614
5	62	1.7381
5	63	5.4478
5	64	3.2592
5	65	1.7778
5	66	2.1001
5	67	2.6328
5	68	1.4329
5	69	0.68956
5	70	3.3132
5	71	5.0493
5	72	5.9005
5	73	7.2164
5	74	10.416
5	75	8.9675
5	76	5.4013
5	77	6.8063
5	78	9.8175
5	79	3.5673
5	80	2.806
5	81	0.61413
5	82	10.009
5	83	5.6696
5	84	6.5867
5	85	9.3718
5	86	3.7226
5	87	7.6764
5	88	1.9258
5	89	3.9609
6	7	118.19
6	8	12.834
6	9	15.308
6	10	6.8277
6	11	14.981
6	12	9.3685
6	13	36.519
6	14	20.048
6	15	10.699
6	16	17.138
6	17	28.136
6	18	17.834
6	19	6.4691
6	20	4.1624
6	21	15.209
6	22	9.2447
6	23	11.441
6	24	3.7644
6	25	5.4261
6	26	8.0255
6	27	10.892
6	28	4.2587
6	29	4.5492
6	30	7.076
6	31	13.637
6	32	15.814
6	33	11.624
6	34	9.2272
6	35	6.7263
6	36	6.8176
6	37	10.96
6	38	9.4669
6	39	6.6929
6	40	6.7676
6	41	5.1413
6	42	7.5246
6	43	5.4449
6	44	7.0107
6	45	3.311
6	46	7.5326
6	47	7.2599
6	48	9.7219
6	49	4.1047
6	50	7.9426
6	51	3.6374
6	52	4.5931
6	53	4.2375
6	54	5.0177
6	55	2.6048
6	56	4.6145
6	57	8.4487
6	58	4.5794
6	59	11.123
6	60	4.743
6	61	2.0769
6	62	5.5424
6	63	5.3217
6	64	5.2061
6	65	2.1275
6	66	5.5703
6	67	0.52458
6	68	3.4253
6	69	2.1959
6	70	4.6341
6	71	5.1546
6	72	4.7387
6	73	8.3886
6	74	7.9733
6	75	5.5485
6	76	6.7831
6	77	6.1004
6	78	5.3465
6	79	3.6416
6	80	3.6545
6	81	2.9581
6	82	9.7677
6	83	4.7548
6	84	7.1985
6	85	7.5392
6	86	5.4344
6	87	5.4488
6	88	2.6992
6	89	1.5841
7	8	142.97
7	9	67.029
7	10	39.613
7	11	60.322
7	12	47.658
7	13	69.021
7	14	27.092
7	15	29.752
7	16	31.066
7	17	30.379
7	18	31.814
7	19	28.251
7	20	14.002
7	21	22.69
7	22	18.906
7	23	15.381
7	24	15.76
7	25	15.782
7	26	13.69
7	27	18.208
7	28	17.669
7	29	11.884
7	30	13.109
7	31	16.308
7	32	11.471
7	33	11.02
7	34	12.911
7	35	13.982
7	36	6.5925
7	37	10.931
7	38	7.8146
7	39	7.3728
7	40	8.7701
7	41	5.6769
7	42	9.3669
7	43	9.007
7	44	8.3608
7	45	11.22
7	46	4.7156
7	47	6.4168
7	48	0.59318
7	49	2.9423
7	50	0.72348
7	51	3.1349
7	52	1.8548
7	53	2.7832
7	54	4.4905
7	55	3.1266
7	56	3.1266
7	57	2.9028
7	58	3.1512
7	59	5.3
7	60	8.7751
7	61	7.6948
7	62	5.496
7	63	16.209
7	64	16.664
7	65	15.779
7	66	3.8288
7	67	5.3801
7	68	6.8497
7	69	9.4304
7	70	6.5921
7	71	8.3986
7	72	7.0446
7	73	4.6161
7	74	5.7827
7	75	5.7162
7	76	2.6006
7	77	5.3635
7	78	5.686
7	79	6.3048
7	80	5.5107
7	81	5.9465
7	82	10.077
7	83	8.2638
7	84	5.3979
7	85	4.6888
7	86	3.4555
7	87	3.7538
7	88	1.2454
7	89	2.5962
8	9	190.72
8	10	129.51
8	11	81.245
8	12	52.808
8	13	16.712
8	14	16.244
8	15	29.728
8	16	22.765
8	17	13.832
8	18	16.86
8	19	36.292
8	20	42.852
8	21	13.73
8	22	17.44
8	23	19.141
8	24	17.851
8	25	22.33
8	26	17.052
8	27	28.308
8	28	26.391
8	29	24.121
8	30	26.388
8	31	17.833
8	32	2.4859
8	33	0.9024
8	34	3.8326
8	35	3.8326
8	36	11.03
8	37	4.0654
8	38	2.5515
8	39	1.9292
8	40	4.9333
8	41	1.8595
8	42	6.1399
8	43	7.8523
8	44	5.0391
8	45	10.655
8	46	3.6745
8	47	2.2458
8	48	3.0922
8	49	1.2919
8	50	1.2919
8	51	1.2919
8	52	0.59584
8	53	0.59584
8	54	4.2051
8	55	4.2051
8	56	4.2051
8	57	4.3294
8	58	3.3687
8	59	1.1224
8	60	3.5356
8	61	7.4078
8	62	12.552
8	63	5.3467
8	64	8.1366
8	65	14.677
8	66	8.9898
8	67	6.002
8	68	11.818
8	69	11.394
8	70	5.0312
8	71	2.3297
8	72	4.9631
8	73	3.9147
8	74	1.652
8	75	1.6718
8	76	2.7626
8	77	2.9852
8	78	3.1049
8	79	4.8568
8	80	8.9226
8	81	7.6141
8	82	2.9125
8	83	10.081
8	84	1.5216
8	85	1.3236
8	86	2.7319
8	87	1.4183
8	88	2.3882
8	89	2.3882
9	10	241.08
9	11	118.07
9	12	77.477
9	13	25.477
9	14	19.48
9	15	30.466
9	16	15.365
9	17	2.0632
9	18	21.684
9	19	53.793
9	20	38.927
9	21	28.469
9	22	19.648
9	23	13.152
9	24	8.6057
9	25	28.379
9	26	26.381
9	27	27.124
9	28	23.4
9	29	25.883
9	30	13.627
9	31	16.826
9	32	5.9377
9	33	5.4094
9	34	4.595
9	35	4.4018
9	36	6.623
9	37	2.4304
9	38	3.058
9	39	5.7783
9	40	1.9746
9	41	3.3419
9	42	7.3557
9	43	3.5287
9	44	2.0135
9	45	2.5622
9	46	4.3848
9	47	4.3848
9	48	2.7799
9	49	1.5485
9	50	3.3788
9	51	3.3788
9	52	2.1374
9	53	2.1676
9	54	2.0178
9	55	1.5881
9	56	1.0202
9	57	0.73809
9	58	1.6076
9	59	1.6076
9	60	7.6051
9	61	10.02
9	62	8.8099
9	63	5.1332
9	64	13.96
9	65	5.8802
9	66	7.7338
9	67	15.884
9	68	7.9
9	69	13.725
9	70	4.3141
9	71	1.8582
9	72	1.9766
9	73	3.8865
9	74	0.98562
9	75	3.9837
9	76	1.3179
9	77	2.0359
9	78	1.235
9	79	9.0367
9	80	14.246
9	81	9.6997
9	82	2.775
9	83	7.0156
9	84	4.5248
9	85	1.5751
9	86	2.6009
9	87	2.2488
9	88	0.95061
9	89	0.95061
10	11	175.46
10	12	86.568
10	13	26.645
10	14	21.354
10	15	23.22
10	16	15.786
10	17	4.0331
10	18	18.318
10	19	43.901
10	20	41.988
10	21	21.89
10	22	19.133
10	23	16.008
10	24	16.772
10	25	14.532
10	26	27.104
10	27	18.199
10	28	29.289
10	29	25.175
10	30	26.519
10	31	26.834
10	32	5.7961
10	33	3.1619
10	34	6.2641
10	35	6.2641
10	36	7.3682
10	37	7.3682
10	38	6.951
10	39	4.5064
10	40	1.9218
10	41	5.4299
10	42	2.3896
10	43	2.2918
10	44	1.9612
10	45	11.231
10	46	11.231
10	47	0.87065
10	48	1.8045
10	49	3.0168
10	50	1.0981
10	51	0.66488
10	52	1.3872
10	53	2.1114
10	54	1.9651
10	55	1.5463
10	56	0.9951
10	57	2.1563
10	58	3.1346
10	59	0.65135
10	60	5.7641
10	61	5.4212
10	62	13.481
10	63	6.2518
10	64	12.244
10	65	7.6481
10	66	9.0329
10	67	12.662
10	68	13.856
10	69	7.4257
10	70	9.2365
10	71	3.6208
10	72	3.8543
10	73	0.7573
10	74	1.9217
10	75	1.2926
10	76	3.8499
10	77	2.4763
10	78	3.6073
10	79	6.2807
10	80	5.549
10	81	8.8514
10	82	5.4039
10	83	4.8708
10	84	3.5274
10	85	0.76725
10	86	2.5299
10	87	1.093
10	88	0.92409
10	89	1.9578
11	12	222.56
11	13	80.923
11	14	46.68
11	15	56.596
11	16	32.713
11	17	12.586
11	18	22.686
11	19	39.29
11	20	43.63
11	21	22.203
11	22	20.551
11	23	20.071
11	24	15.026
11	25	20.839
11	26	26.838
11	27	25.125
11	28	21.86
11	29	22.585
11	30	13.204
11	31	6.6686
11	32	6.4649
11	33	4.7129
11	34	8.8058
11	35	8.9477
11	36	5.7699
11	37	6.351
11	38	7.1031
11	39	11.077
11	40	5.1611
11	41	3.8826
11	42	3.2046
11	43	6.1493
11	44	7.0164
11	45	7.8189
11	46	5.0925
11	47	5.442
11	48	8.0708
11	49	1.3494
11	50	3.9244
11	51	0.59405
11	52	1.8604
11	53	3.7757
11	54	2.6368
11	55	0.69098
11	56	0.88782
11	57	2.5688
11	58	2.0993
11	59	3.4908
11	60	3.678
11	61	4.8523
11	62	10.976
11	63	5.5929
11	64	8.5197
11	65	5.1313
11	66	9.4444
11	67	7.5566
11	68	6.8922
11	69	9.3108
11	70	7.5156
11	71	5.6635
11	72	1.7209
11	73	8.116
11	74	1.716
11	75	4.0431
11	76	5.1604
11	77	2.657
11	78	4.2982
11	79	6.1803
11	80	8.6835
11	81	6.3306
11	82	6.6383
11	83	3.0509
11	84	6.2969
11	85	2.7403
11	86	1.6962
11	87	3.4211
11	88	3.4211
11	89	3.5062
12	13	145.8
12	14	66.878
12	15	46.51
12	16	44.482
12	17	14.99
12	18	26.005
12	19	60.565
12	20	36.023
12	21	26.987
12	22	25.413
12	23	21.206
12	24	19.86
12	25	17.093
12	26	17.84
12	27	23.243
12	28	28.708
12	29	29.872
12	30	24.853
12	31	23.084
12	32	7.5628
12	33	4.6951
12	34	7.3199
12	35	11.67
12	36	6.8251
12	37	3.5324
12	38	7.3835
12	39	7.5318
12	40	7.1256
12	41	5.6432
12	42	10.645
12	43	5.9617
12	44	5.8332
12	45	5.5155
12	46	4.2602
12	47	1.3073
12	48	3.358
12	49	2.2358
12	50	0.81818
12	51	2.5018
12	52	3.6411
12	53	1.5735
12	54	1.4584
12	55	2.3281
12	56	1.4976
12	57	3.2448
12	58	1.7652
12	59	2.95
12	60	4.9325
12	61	13.603
12	62	15.332
12	63	13.875
12	64	15.058
12	65	7.0065
12	66	13.252
12	67	13.429
12	68	14.677
12	69	10.885
12	70	14.344
12	71	4.0572
12	72	5.0454
12	73	1.714
12	74	5.0456
12	75	1.4658
12	76	1.4505
12	77	3.3614
12	78	2.7178
12	79	6.1257
12	80	11.393
12	81	10.646
12	82	2.5504
12	83	7.3589
12	84	4.6676
12	85	1.1593
12	86	0.47921
12	87	0.83035
12	88	0.69584
12	89	1.463
13	14	209.15
13	15	80.651
13	16	94.413
13	17	84.099
13	18	59.94
13	19	36.122
13	20	8.6613
13	21	34.316
13	22	28.515
13	23	16.955
13	24	8.7028
13	25	9.2309
13	26	16.62
13	27	42.227
13	28	15.478
13	29	9.8797
13	30	9.3169
13	31	23.736
13	32	28.155
13	33	18.148
13	34	17.403
13	35	13.795
13	36	7.9154
13	37	14.084
13	38	15.006
13	39	8.4884
13	40	13.448
13	41	10.502
13	42	10.27
13	43	14.827
13	44	12.711
13	45	7.9465
13	46	21.569
13	47	5.727
13	48	6.8407
13	49	3.23
13	50	5.9376
13	51	5.1358
13	52	7.6175
13	53	8.0111
13	54	9.5157
13	55	9.3914
13	56	7.649
13	57	8.7171
13	58	8.5921
13	59	10.831
13	60	11.691
13	61	6.9388
13	62	5.1973
13	63	18.704
13	64	7.2333
13	65	4.0061
13	66	11.104
13	67	5.9292
13	68	6.4735
13	69	3.1238
13	70	8.1633
13	71	12.811
13	72	6.2961
13	73	9.2173
13	74	6.3078
13	75	6.4727
13	76	4.2573
13	77	6.0474
13	78	3.9925
13	79	8.9859
13	80	2.2663
13	81	5.2026
13	82	14.218
13	83	8.6758
13	84	5.8657
13	85	11.897
13	86	1.4113
13	87	5.5184
13	88	2.0449
13	89	2.1413
14	15	173.07
14	16	127.98
14	17	68.838
14	18	66.479
14	19	42.408
14	20	18.425
14	21	25.143
14	22	21.857
14	23	15.908
14	24	14.557
14	25	19.544
14	26	14.158
14	27	27.308
14	28	11.515
14	29	14.261
14	30	9.3366
14	31	15.946
14	32	18.014
14	33	15.264
14	34	10.402
14	35	16.528
14	36	11.286
14	37	7.7895
14	38	10.822
14	39	4.085
14	40	6.2452
14	41	7.0773
14	42	7.7853
14	43	9.9819
14	44	4.9878
14	45	8.8787
14	46	8.3646
14	47	6.4656
14	48	6.5725
14	49	5.4355
14	50	4.8111
14	51	1.9857
14	52	3.0827
14	53	4.6257
14	54	6.3964
14	55	4.0435
14	56	4.4573
14	57	3.754
14	58	6.9852
14	59	4.4064
14	60	10.332
14	61	12.399
14	62	8.6978
14	63	8.9785
14	64	12.634
14	65	8.0724
14	66	5.3029
14	67	8.942
14	68	11.928
14	69	7.3138
14	70	7.9106
14	71	5.9832
14	72	8.5164
14	73	6.2548
14	74	3.5611
14	75	1.95
14	76	6.7266
14	77	5.9449
14	78	6.7524
14	79	7.4515
14	80	7.1222
14	81	7.0301
14	82	10.158
14	83	7.3299
14	84	9.9779
14	85	5.7775
14	86	3.3541
14	87	1.6662
14	88	2.0711
14	89	1.4381
15	16	325.83
15	17	77.901
15	18	70.391
15	19	38.066
15	20	21.882
15	21	29.219
15	22	16.667
15	23	14.734
15	24	20.732
15	25	16.705
15	26	15.312
15	27	22.917
15	28	23.686
15	29	15.591
15	30	9.0147
15	31	34.344
15	32	7.8585
15	33	5.6988
15	34	8.9978
15	35	7.7253
15	36	11.365
15	37	4.5899
15	38	9.2145
15	39	9.5747
15	40	8.1573
15	41	5.8703
15	42	14.766
15	43	7.9739
15	44	9.0999
15	45	12.448
15	46	2.213
15	47	4.7512
15	48	6.9846
15	49	4.6547
15	50	3.4024
15	51	5.1955
15	52	1.6212
15	53	3.2722
15	54	3.7935
15	55	2.4176
15	56	0.7773
15	57	4.4927
15	58	7.3314
15	59	3.062
15	60	7.0452
15	61	9.1661
15	62	7.5178
15	63	7.7028
15	64	6.2721
15	65	8.764
15	66	12.667
15	67	8.614
15	68	7.0619
15	69	5.6751
15	70	8.4358
15	71	4.9196
15	72	2.9951
15	73	2.965
15	74	3.7432
15	75	6.0861
15	76	4.5185
15	77	1.5512
15	78	5.1736
15	79	10.772
15	80	8.0754
15	81	5.9898
15	82	2.6475
15	83	5.3503
15	84	5.5349
15	85	1.8048
15	86	1.4924
15	87	3.448
15	88	3.448
15	89	3.0431
16	17	165.89
16	18	79.359
16	19	53.198
16	20	18.411
16	21	32.41
16	22	24.95
16	23	26.321
16	24	15.301
16	25	15.861
16	26	12.768
16	27	25.114
16	28	10.503
16	29	13.042
16	30	12.356
16	31	14.949
16	32	18.731
16	33	13.971
16	34	6.407
16	35	18.928
16	36	11.2
16	37	8.5555
16	38	10.162
16	39	9.7869
16	40	6.8275
16	41	4.9871
16	42	5.4851
16	43	7.0287
16	44	7.0235
16	45	9.3521
16	46	13.319
16	47	5.4874
16	48	6.9405
16	49	9.1845
16	50	6.7895
16	51	4.2104
16	52	4.7116
16	53	8.6924
16	54	6.001
16	55	5.3071
16	56	4.2122
16	57	4.1698
16	58	4.1168
16	59	6.5832
16	60	9.0135
16	61	8.163
16	62	7.9333
16	63	15.157
16	64	8.1988
16	65	7.5637
16	66	8.1755
16	67	10.461
16	68	9.8931
16	69	3.6628
16	70	6.8445
16	71	8.9091
16	72	6.5183
16	73	5.6357
16	74	3.5257
16	75	3.1044
16	76	5.7756
16	77	2.6246
16	78	10.18
16	79	5.9092
16	80	6.0937
16	81	6.2055
16	82	6.4732
16	83	5.6944
16	84	6.1321
16	85	4.5044
16	86	4.072
16	87	3.2464
16	88	3.2464
16	89	3.0347
17	18	304.57
17	19	44.674
17	20	13.198
17	21	39.284
17	22	20.163
17	23	15.449
17	24	9.8023
17	25	7.0084
17	26	5.164
17	27	30.132
17	28	3.9144
17	29	9.3179
17	30	8.8211
17	31	3.6091
17	32	43.208
17	33	19.551
17	34	18.928
17	35	15.818
17	36	14.771
17	37	16.216
17	38	8.637
17	39	11.148
17	40	14.274
17	41	20.103
17	42	11.79
17	43	14.21
17	44	14.64
17	45	4.5334
17	46	12.41
17	47	12.182
17	48	6.7631
17	49	11.096
17	50	12.311
17	51	5.9754
17	52	5.3079
17	53	11.881
17	54	3.6455
17	55	7.9485
17	56	20.289
17	57	6.451
17	58	10.967
17	59	13.474
17	60	13.54
17	61	11.91
17	62	4.4449
17	63	7.6464
17	64	8.2599
17	65	9.0736
17	66	9.0736
17	67	1.6844
17	68	1.8361
17	69	3.5462
17	70	6.2685
17	71	14.809
17	72	8.4942
17	73	12.69
17	74	6.0892
17	75	7.5608
17	76	9.0884
17	77	6.417
17	78	12.409
17	79	8.8385
17	80	4.3698
17	81	6.8059
17	82	12.205
17	83	2.5323
17	84	15.95
17	85	13.859
17	86	8.2418
17	87	4.3063
17	88	1.1902
17	89	1.1902
18	19	239.6
18	20	59.434
18	21	53.058
18	22	33.321
18	23	33.601
18	24	12.136
18	25	14.625
18	26	16.76
18	27	37.681
18	28	23.183
18	29	18.305
18	30	9.8511
18	31	13.796
18	32	25.974
18	33	16.125
18	34	14.491
18	35	9.7028
18	36	10.938
18	37	16.185
18	38	15.226
18	39	15.328
18	40	12.243
18	41	10.146
18	42	8.1202
18	43	9.7545
18	44	8.3565
18	45	7.3441
18	46	4.8754
18	47	6.7628
18	48	3.851
18	49	5.1122
18	50	6.5628
18	51	5.1864
18	52	5.3868
18	53	2.7069
18	54	2.5046
18	55	3.3524
18	56	3.4433
18	57	3.7362
18	58	3.3819
18	59	4.535
18	60	13.456
18	61	12.802
18	62	6.175
18	63	9.5142
18	64	11.46
18	65	15.935
18	66	7.5504
18	67	7.0603
18	68	11.568
18	69	7.4382
18	70	13.585
18	71	8.5385
18	72	10.754
18	73	7.2413
18	74	8.2817
18	75	3.9479
18	76	4.4574
18	77	6.0329
18	78	5.7437
18	79	6.512
18	80	7.1371
18	81	9.7054
18	82	14.699
18	83	4.2493
18	84	6.1474
18	85	8.0167
18	86	2.2143
18	87	4.324
18	88	4.0127
18	89	5.0481
19	20	174.35
19	21	80.459
19	22	36.682
19	23	47.246
19	24	54.151
19	25	31.822
19	26	43.285
19	27	39.252
19	28	26.028
19	29	35.504
19	30	27.223
19	31	31.488
19	32	8.6783
19	33	7.1831
19	34	6.1105
19	35	3.6496
19	36	10.962
19	37	4.0548
19	38	8.4733
19	39	11.523
19	40	8.9955
19	41	8.3235
19	42	3.0529
19	43	5.8643
19	44	5.8589
19	45	14.747
19	46	3.6654
19	47	4.5079
19	48	3.8561
19	49	2.5642
19	50	1.8784
19	51	1.7265
19	52	1.794
19	53	4.5168
19	54	1.6734
19	55	2.6781
19	56	3.4427
19	57	0.62191
19	58	2.7051
19	59	2.263
19	60	12.75
19	61	9.1744
19	62	17.567
19	63	11.664
19	64	9.2034
19	65	4.811
19	66	10.117
19	67	7.0968
19	68	18.096
19	69	17.446
19	70	7.1593
19	71	8.5442
19	72	4.9672
19	73	5.258
19	74	4.9693
19	75	2.8124
19	76	5.0065
19	77	3.8695
19	78	5.2122
19	79	7.5873
19	80	11.304
19	81	9.6938
19	82	8.2157
19	83	8.8961
19	84	3.0681
19	85	1.3337
19	86	3.8624
19	87	1.9135
19	88	1.6015
19	89	1.6015
20	21	201.87
20	22	54.811
20	23	64.644
20	24	51.685
20	25	51.566
20	26	59.875
20	27	67.209
20	28	45.906
20	29	30.155
20	30	40.255
20	31	37.421
20	32	11.92
20	33	8.6239
20	34	6.607
20	35	5.8386
20	36	6.014
20	37	1.949
20	38	8.1444
20	39	6.4579
20	40	7.0695
20	41	5.3299
20	42	9.7714
20	43	9.3918
20	44	5.6315
20	45	12.114
20	46	2.35
20	47	3.6199
20	48	1.4832
20	49	6.15
20	50	1.8061
20	51	4.4401
20	52	2.8815
20	53	2.8815
20	54	3.2146
20	55	3.8743
20	56	1.6593
20	57	1.6593
20	58	1.9552
20	59	1.638
20	60	3.4108
20	61	10.56
20	62	10.891
20	63	5.0872
20	64	18.753
20	65	12.271
20	66	21.782
20	67	15.849
20	68	14.839
20	69	21.462
20	70	6.88
20	71	2.9904
20	72	6.3754
20	73	1.9026
20	74	3.1915
20	75	1.6294
20	76	2.1464
20	77	3.7347
20	78	1.0058
20	79	8.8807
20	80	15.461
20	81	11.805
20	82	4.5292
20	83	6.1329
20	84	2.9613
20	85	0.64349
20	86	2.6635
20	87	0.46208
20	88	0.46208
20	89	0.46208
21	22	206.47
21	23	100.38
21	24	62.86
21	25	55.585
21	26	50.9
21	27	117.65
21	28	42.434
21	29	14.88
21	30	21.69
21	31	46.908
21	32	23.219
21	33	16.77
21	34	13.483
21	35	15.144
21	36	10.552
21	37	8.4317
21	38	4.401
21	39	8.9736
21	40	12.72
21	41	12.479
21	42	19.007
21	43	14.207
21	44	11.3
21	45	16.336
21	46	6.3612
21	47	6.2709
21	48	4.807
21	49	2.6567
21	50	7.8127
21	51	1.2017
21	52	3.1172
21	53	3.7564
21	54	3.4719
21	55	3.495
21	56	2.6968
21	57	3.246
21	58	2.1171
21	59	2.9572
21	60	13.288
21	61	7.5962
21	62	13.881
21	63	10.988
21	64	13.098
21	65	16.545
21	66	14.346
21	67	4.884
21	68	6.6666
21	69	11.568
21	70	8.9153
21	71	7.277
21	72	6.0371
21	73	4.1223
21	74	6.0464
21	75	4.1175
21	76	4.0667
21	77	7.1864
21	78	5.9887
21	79	7.9091
21	80	6.81
21	81	5.8546
21	82	7.3585
21	83	6.1943
21	84	3.2098
21	85	2.0915
21	86	1.1538
21	87	6.0049
21	88	0.83491
21	89	5.2474
22	23	301.71
22	24	152.61
22	25	90.424
22	26	71.505
22	27	135.3
22	28	24.692
22	29	24.865
22	30	25.639
22	31	21.575
22	32	20.143
22	33	6.4787
22	34	8.267
22	35	12.071
22	36	9.8848
22	37	10.062
22	38	9.9375
22	39	12.128
22	40	8.1115
22	41	14.185
22	42	15.603
22	43	9.6977
22	44	10.569
22	45	13.295
22	46	4.4132
22	47	4.7472
22	48	5.565
22	49	9.2476
22	50	6.7798
22	51	2.0778
22	52	4.3171
22	53	1.6301
22	54	4.5278
22	55	2.417
22	56	3.1089
22	57	6.1748
22	58	1.8315
22	59	4.5966
22	60	8.9508
22	61	11.582
22	62	6.5199
22	63	10.519
22	64	7.2623
22	65	1.4454
22	66	5.6964
22	67	9.5945
22	68	11.647
22	69	10.108
22	70	10.331
22	71	9.8126
22	72	7.4723
22	73	5.3403
22	74	3.7382
22	75	3.0466
22	76	5.5231
22	77	5.8199
22	78	3.7636
22	79	9.2906
22	80	7.5153
22	81	6.4458
22	82	3.708
22	83	5.3507
22	84	5.5412
22	85	3.0105
22	86	1.4939
22	87	3.0219
22	88	1.4446
22	89	4.5501
23	24	191.94
23	25	125.77
23	26	80.072
23	27	96.323
23	28	38.675
23	29	29.777
23	30	22.379
23	31	38.357
23	32	9.7434
23	33	11.109
23	34	7.7285
23	35	9.5809
23	36	2.6446
23	37	5.6911
23	38	2.8585
23	39	8.6402
23	40	10.126
23	41	10.403
23	42	5.7228
23	43	9.8912
23	44	4.7052
23	45	10.697
23	46	1.3717
23	47	5.8884
23	48	5.1999
23	49	4.3272
23	50	4.2194
23	51	1.931
23	52	1.3401
23	53	1.0146
23	54	6.589
23	55	0.74873
23	56	1.9249
23	57	1.3913
23	58	3.029
23	59	3.1596
23	60	7.9414
23	61	10.346
23	62	9.3344
23	63	7.1687
23	64	15.57
23	65	5.4386
23	66	11.433
23	67	6.6819
23	68	11.687
23	69	8.4543
23	70	10.469
23	71	2.615
23	72	3.7139
23	73	2.2029
23	74	1.8552
23	75	2.511
23	76	3.1084
23	77	2.4022
23	78	4.6615
23	79	3.6425
23	80	13.357
23	81	5.7085
23	82	5.8955
23	83	5.2013
23	84	5.1351
23	85	0.74422
23	86	0.61471
23	87	3.1927
23	88	0.89477
23	89	0.89477
24	25	293.6
24	26	146.55
24	27	117.55
24	28	44.307
24	29	31.406
24	30	21.951
24	31	31.216
24	32	14.101
24	33	6.4623
24	34	13.167
24	35	7.0083
24	36	6.7998
24	37	2.8903
24	38	9.7319
24	39	5.5179
24	40	7.0937
24	41	3.9899
24	42	7.3181
24	43	14.042
24	44	10.817
24	45	9.2443
24	46	9.2443
24	47	5.2828
24	48	5.2828
24	49	7.4068
24	50	2.6805
24	51	2.6805
24	52	5.0716
24	53	5.1656
24	54	2.4126
24	55	2.8158
24	56	2.406
24	57	2.406
24	58	2.406
24	59	1.577
24	60	3.0069
24	61	8.0264
24	62	21.225
24	63	15.376
24	64	13.403
24	65	16.533
24	66	11.207
24	67	13.922
24	68	9.5293
24	69	16.575
24	70	7.2253
24	71	3.314
24	72	5.8625
24	73	3.6651
24	74	4.6661
24	75	0.78233
24	76	3.8908
24	77	4.2099
24	78	3.6481
24	79	8.428
24	80	3.3918
24	81	7.1768
24	82	2.4517
24	83	4.1407
24	84	5.3198
24	85	0.92663
24	86	3.0572
24	87	1.3193
24	88	1.3193
24	89	1.3193
25	26	225.31
25	27	114.63
25	28	51.946
25	29	37.872
25	30	30.467
25	31	41.239
25	32	7.5619
25	33	8.2275
25	34	8.5428
25	35	9.9218
25	36	5.5849
25	37	7.2121
25	38	3.4474
25	39	4.8879
25	40	6.6621
25	41	4.7103
25	42	6.2185
25	43	9.9453
25	44	10.213
25	45	9.7005
25	46	3.7267
25	47	1.5193
25	48	6.2683
25	49	3.9216
25	50	0.95444
25	51	2.903
25	52	2.418
25	53	3.6694
25	54	2.5557
25	55	1.3505
25	56	1.3505
25	57	0.62753
25	58	2.0513
25	59	3.418
25	60	3.5869
25	61	11.249
25	62	9.5219
25	63	8.6598
25	64	11.764
25	65	16.483
25	66	5.1902
25	67	7.2804
25	68	19.905
25	69	14.074
25	70	8.0098
25	71	3.1504
25	72	5.8736
25	73	2.6491
25	74	5.0274
25	75	1.6969
25	76	3.3638
25	77	3.0301
25	78	2.1011
25	79	9.3065
25	80	9.6517
25	81	5.6644
25	82	3.5453
25	83	2.5555
25	84	2.5555
25	85	0.67145
25	86	1.108
25	87	2.3965
25	88	0.80686
25	89	0.80686
26	27	192.8
26	28	56.526
26	29	47.778
26	30	23.68
26	31	44.297
26	32	9.9151
26	33	11.685
26	34	11.459
26	35	4.8766
26	36	10.199
26	37	8.1055
26	38	11.021
26	39	5.767
26	40	10.646
26	41	6.4829
26	42	6.1137
26	43	3.9119
26	44	5.0228
26	45	8.4697
26	46	6.1079
26	47	3.74
26	48	5.3956
26	49	1.2848
26	50	1.8776
26	51	1.8776
26	52	1.7863
26	53	1.7863
26	54	3.3508
26	55	2.6615
26	56	0.85626
26	57	1.2368
26	58	4.0395
26	59	3.3691
26	60	5.6499
26	61	6.448
26	62	12.47
26	63	10.639
26	64	11.556
26	65	8.0834
26	66	12.737
26	67	13.102
26	68	10.417
26	69	11.303
26	70	6.447
26	71	5.4259
26	72	3.3034
26	73	1.9579
26	74	4.9498
26	75	1.1154
26	76	3.315
26	77	2.9867
26	78	1.553
26	79	7.0109
26	80	10.094
26	81	7.1031
26	82	2.9126
26	83	7.1417
26	84	4.5667
26	85	2.6475
26	86	0.54664
26	87	3.3127
26	88	3.3127
26	89	1.6768
27	28	118.55
27	29	69.007
27	30	65.081
27	31	78.099
27	32	43.698
27	33	11.616
27	34	19.803
27	35	17.131
27	36	13.82
27	37	14.305
27	38	15.968
27	39	15.806
27	40	11.559
27	41	14.127
27	42	11.955
27	43	16.104
27	44	9.862
27	45	24.675
27	46	8.6086
27	47	7.1068
27	48	8.1884
27	49	6.0149
27	50	3.3166
27	51	3.3166
27	52	2.8351
27	53	3.1963
27	54	4.9227
27	55	7.1464
27	56	3.0506
27	57	1.4744
27	58	5.5975
27	59	3.358
27	60	9.2074
27	61	7.5394
27	62	8.4712
27	63	18.663
27	64	16.169
27	65	16.793
27	66	13.299
27	67	13.809
27	68	7.537
27	69	16.004
27	70	12.667
27	71	8.2545
27	72	14.653
27	73	3.1177
27	74	4.8916
27	75	6.0183
27	76	5.939
27	77	8.1794
27	78	4.3324
27	79	6.4302
27	80	6.3291
27	81	4.8397
27	82	12.528
27	83	10.585
27	84	10.002
27	85	3.9522
27	86	3.9355
27	87	2.2786
27	88	2.2786
27	89	1.9926
28	29	160.53
28	30	162.04
28	31	122.56
28	32	23.96
28	33	6.1417
28	34	9.5701
28	35	6.9398
28	36	11.619
28	37	14.987
28	38	5.7908
28	39	5.4709
28	40	10.263
28	41	6.3265
28	42	10.441
28	43	10.022
28	44	13.346
28	45	16.892
28	46	2.7775
28	47	1.7012
28	48	9.6556
28	49	5.8532
28	50	1.0682
28	51	1.9517
28	52	1.355
28	53	1.355
28	54	2.8624
28	55	0.75673
28	56	1.9461
28	57	1.4064
28	58	0.76563
28	59	2.5534
28	60	6.4269
28	61	13.646
28	62	18.952
28	63	10.905
28	64	14.481
28	65	14.738
28	66	13.073
28	67	12.218
28	68	17.814
28	69	17.182
28	70	13.872
28	71	5.2927
28	72	6.5755
28	73	4.4516
28	74	4.6907
28	75	2.5364
28	76	3.77
28	77	5.8243
28	78	5.2986
28	79	8.5923
28	80	15.545
28	81	4.6175
28	82	5.9596
28	83	6.212
28	84	7.7831
28	85	0.7522
28	86	1.8638
28	87	1.0753
28	88	1.0753
28	89	1.0753
29	30	197.74
29	31	145.36
29	32	30.728
29	33	9.7439
29	34	15.705
29	35	21.174
29	36	17.049
29	37	6.5597
29	38	4.5859
29	39	10.411
29	40	12.445
29	41	11.044
29	42	1.1048
29	43	9.5303
29	44	10.867
29	45	8.1145
29	46	2.6319
29	47	5.5977
29	48	4.9965
29	49	1.3973
29	50	2.0259
29	51	1.2198
29	52	4.4614
29	53	3.8955
29	54	2.7259
29	55	1.4185
29	56	0.91306
29	57	1.319
29	58	2.1593
29	59	4.1762
29	60	9.0888
29	61	13.074
29	62	14.812
29	63	13.905
29	64	13.889
29	65	19.607
29	66	14.031
29	67	20.961
29	68	17.217
29	69	9.6892
29	70	16.294
29	71	9.1712
29	72	7.9808
29	73	3.4696
29	74	0.88315
29	75	1.1833
29	76	4.1182
29	77	4.0842
29	78	2.2044
29	79	5.1935
29	80	6.3895
29	81	10.835
29	82	1.8569
29	83	7.5871
29	84	4.8446
29	85	4.8446
29	86	1.7362
29	87	1.4982
29	88	1.6964
29	89	1.6964
30	31	216.24
30	32	22.826
30	33	23.97
30	34	12.527
30	35	28.773
30	36	13.691
30	37	10.371
30	38	13.03
30	39	16.751
30	40	15.965
30	41	8.5491
30	42	16.723
30	43	11.028
30	44	11.152
30	45	15.263
30	46	4.9982
30	47	3.0512
30	48	7.105
30	49	2.6388
30	50	3.8437
30	51	1.7482
30	52	2.43
30	53	0.92392
30	54	5.1565
30	55	1.3555
30	56	1.3555
30	57	1.3555
30	58	1.3732
30	59	6.2834
30	60	6.4899
30	61	18.948
30	62	18.2
30	63	13.117
30	64	15.456
30	65	20.031
30	66	13.148
30	67	11.059
30	68	16.131
30	69	18.152
30	70	9.5477
30	71	7.1321
30	72	5.9058
30	73	1.9923
30	74	3.3671
30	75	2.8351
30	76	2.8129
30	77	3.0396
30	78	3.1621
30	79	9.3531
30	80	9.7145
30	81	9.8259
30	82	7.7039
30	83	8.5466
30	84	3.8685
30	85	0.67313
30	86	1.6659
30	87	2.8804
30	88	2.8804
30	89	3.4287
31	32	104.29
31	33	30.249
31	34	36.202
31	35	23.036
31	36	36.287
31	37	11.731
31	38	23.199
31	39	24.258
31	40	14.646
31	41	13.626
31	42	13.922
31	43	13.379
31	44	19.393
31	45	19.958
31	46	19.958
31	47	8.7007
31	48	4.8742
31	49	4.0467
31	50	10.874
31	51	2.4253
31	52	4.4118
31	53	2.8541
31	54	2.6431
31	55	2.1163
31	56	2.7167
31	57	1.3103
31	58	2.848
31	59	1.7879
31	60	14.919
31	61	16.424
31	62	15.231
31	63	18.977
31	64	20.582
31	65	26.971
31	66	9.3187
31	67	9.9546
31	68	13.597
31	69	20.984
31	70	12.071
31	71	8.999
31	72	8.7141
31	73	4.8458
31	74	3.4875
31	75	5.3349
31	76	9.3768
31	77	3.6261
31	78	4.9436
31	79	12.571
31	80	15.045
31	81	10.752
31	82	5.562
31	83	5.8063
31	84	8.0747
31	85	1.4041
31	86	4.65
31	87	2.5201
31	88	1.688
31	89	1.688
32	33	288.67
32	34	71.701
32	35	48.39
32	36	27.071
32	37	59.996
32	38	25.91
32	39	19.187
32	40	18.89
32	41	34.958
32	42	18.153
32	43	22.639
32	44	15.894
32	45	7.6272
32	46	24.559
32	47	15.331
32	48	8.1577
32	49	6.6932
32	50	14.899
32	51	14.921
32	52	9.6353
32	53	8.6116
32	54	10.545
32	55	12.301
32	56	18.536
32	57	11.411
32	58	12.351
32	59	17.822
32	60	16.659
32	61	12.403
32	62	4.2681
32	63	14.37
32	64	11.934
32	65	3.2754
32	66	5.1843
32	67	7.2838
32	68	9.2611
32	69	2.5514
32	70	9.0533
32	71	15.711
32	72	14.123
32	73	13.542
32	74	17.749
32	75	17.778
32	76	10.839
32	77	7.9401
32	78	12.992
32	79	8.7446
32	80	4.4333
32	81	6.6
32	82	17.188
32	83	3.687
32	84	14.176
32	85	11.582
32	86	3.614
32	87	4.724
32	88	4.3258
32	89	10.767
33	34	332.12
33	35	90.078
33	36	54.346
33	37	46.989
33	38	21.833
33	39	23.267
33	40	30.873
33	41	25.19
33	42	14.622
33	43	20.722
33	44	12.684
33	45	13.422
33	46	15.823
33	47	23.607
33	48	10.53
33	49	12.567
33	50	6.4231
33	51	9.7251
33	52	10.066
33	53	15.097
33	54	13.913
33	55	10.801
33	56	7.9376
33	57	13.37
33	58	11.923
33	59	17.876
33	60	12.989
33	61	10.34
33	62	3.8666
33	63	17.572
33	64	10.371
33	65	9.5649
33	66	4.7123
33	67	4.4155
33	68	3.8546
33	69	2.7857
33	70	10.831
33	71	11.245
33	72	13.271
33	73	13.164
33	74	8.8775
33	75	10.851
33	76	11.55
33	77	9.9264
33	78	10.824
33	79	7.0493
33	80	5.8883
33	81	3.912
33	82	9.4929
33	83	6.1964
33	84	8.883
33	85	6.6851
33	86	7.2454
33	87	7.0371
33	88	3.0706
33	89	2.5598
34	35	206.81
34	36	72.406
34	37	52.595
34	38	36.12
34	39	24.791
34	40	25.23
34	41	24.454
34	42	24.925
34	43	17.029
34	44	12.43
34	45	16.115
34	46	11.134
34	47	12.795
34	48	14.956
34	49	9.8825
34	50	14.005
34	51	8.3108
34	52	9.3725
34	53	10.532
34	54	6.4638
34	55	5.714
34	56	7.9246
34	57	8.1613
34	58	12.848
34	59	9.3232
34	60	10.629
34	61	8.7956
34	62	6.5742
34	63	11.561
34	64	10.298
34	65	10.169
34	66	10.406
34	67	6.7566
34	68	5.7336
34	69	3.9443
34	70	11.067
34	71	9.5943
34	72	10.254
34	73	12.561
34	74	10.296
34	75	5.5696
34	76	8.4114
34	77	7.3515
34	78	8.908
34	79	6.7231
34	80	5.4076
34	81	6.0148
34	82	8.1221
34	83	4.1809
34	84	5.5779
34	85	4.4022
34	86	4.7427
34	87	5.7099
34	88	2.6227
34	89	3.272
35	36	285.76
35	37	122.81
35	38	52.141
35	39	36.389
35	40	22.594
35	41	24.612
35	42	22.903
35	43	17.025
35	44	23.18
35	45	21.402
35	46	17.579
35	47	17.102
35	48	13.465
35	49	9.157
35	50	8.681
35	51	6.5662
35	52	10.517
35	53	9.2844
35	54	11.99
35	55	7.6395
35	56	7.1332
35	57	10.962
35	58	8.3973
35	59	12.943
35	60	14.626
35	61	14.019
35	62	5.2439
35	63	15.139
35	64	14.044
35	65	3.2373
35	66	8.9501
35	67	5.9844
35	68	6.5299
35	69	6.2968
35	70	11.009
35	71	16.804
35	72	12.805
35	73	7.5123
35	74	7.703
35	75	7.0284
35	76	11.549
35	77	7.1521
35	78	11.369
35	79	9.5347
35	80	3.0645
35	81	6.3433
35	82	11.586
35	83	5.7275
35	84	11.173
35	85	6.2392
35	86	5.1732
35	87	6.4915
35	88	3.3205
35	89	3.4674
36	37	176.13
36	38	50.787
36	39	51.224
36	40	32.748
36	41	31.055
36	42	24.112
36	43	22.522
36	44	23.697
36	45	15.151
36	46	18.619
36	47	14.97
36	48	11.177
36	49	10.948
36	50	11.164
36	51	10.71
36	52	6.7348
36	53	7.7471
36	54	6.0506
36	55	4.8951
36	56	6.8801
36	57	7.0265
36	58	4.9413
36	59	6.0318
36	60	10.794
36	61	12.011
36	62	12.144
36	63	11.132
36	64	10.551
36	65	8.3692
36	66	9.88
36	67	9.2597
36	68	8.4248
36	69	10.55
36	70	9.4103
36	71	17.459
36	72	14.258
36	73	10.074
36	74	5.4983
36	75	7.8757
36	76	8.5122
36	77	8.5773
36	78	6.9326
36	79	5.383
36	80	7.0717
36	81	5.4178
36	82	8.9967
36	83	7.0451
36	84	7.1729
36	85	5.3406
36	86	5.5265
36	87	4.479
36	88	0.53145
36	89	1.1091
37	38	247.28
37	39	106.42
37	40	63.767
37	41	51.567
37	42	28.789
37	43	28.567
37	44	18.737
37	45	21.381
37	46	26.423
37	47	21.713
37	48	21.958
37	49	12.032
37	50	15.411
37	51	17.215
37	52	15.698
37	53	12.492
37	54	8.6092
37	55	7.6604
37	56	18.901
37	57	17.495
37	58	14.812
37	59	19.513
37	60	17.91
37	61	7.7944
37	62	7.8515
37	63	9.0357
37	64	8.7834
37	65	6.71
37	66	4.241
37	67	7.9487
37	68	3.2493
37	69	4.176
37	70	4.3075
37	71	10.118
37	72	16.567
37	73	13.933
37	74	9.4105
37	75	9.4758
37	76	6.8644
37	77	6.8391
37	78	10.575
37	79	9.018
37	80	4.6477
37	81	2.2393
37	82	12.958
37	83	3.3719
37	84	11.547
37	85	10.023
37	86	7.3471
37	87	8.102
37	88	4.2225
37	89	4.3837
38	39	249.64
38	40	103.28
38	41	52.279
38	42	28.385
38	43	28
38	44	19.197
38	45	20.858
38	46	20.281
38	47	18.029
38	48	12.73
38	49	11.881
38	50	10.811
38	51	10.072
38	52	9.5426
38	53	13.64
38	54	11.957
38	55	4.8833
38	56	10.682
38	57	6.346
38	58	11.312
38	59	12.43
38	60	15.389
38	61	13.664
38	62	8.7532
38	63	12.071
38	64	8.159
38	65	4.5084
38	66	4.4407
38	67	8.3259
38	68	11.809
38	69	8.7494
38	70	9.7278
38	71	15.135
38	72	11.379
38	73	6.7359
38	74	8.4219
38	75	7.4292
38	76	10.159
38	77	7.8571
38	78	11.42
38	79	5.1112
38	80	3.4309
38	81	5.9402
38	82	9.0264
38	83	4.9602
38	84	7.323
38	85	4.8913
38	86	4.8697
38	87	3.1779
38	88	2.3334
38	89	2.4238
39	40	216.88
39	41	68.157
39	42	48.606
39	43	32.496
39	44	27.85
39	45	33.77
39	46	15.94
39	47	24.087
39	48	17.549
39	49	14.486
39	50	11.466
39	51	10.917
39	52	8.8374
39	53	8.0882
39	54	13.543
39	55	10.494
39	56	9.2258
39	57	8.203
39	58	8.8966
39	59	8.9
39	60	22.05
39	61	13.274
39	62	9.9233
39	63	13.673
39	64	10.167
39	65	12.767
39	66	12.087
39	67	9.4365
39	68	5.148
39	69	6.9452
39	70	11.023
39	71	10.785
39	72	6.0957
39	73	10.332
39	74	6.1209
39	75	5.1331
39	76	7.8119
39	77	7.823
39	78	9.0424
39	79	7.123
39	80	5.3412
39	81	6.3007
39	82	7.7728
39	83	7.3674
39	84	5.0903
39	85	5.5255
39	86	3.6696
39	87	3.9908
39	88	3.3011
39	89	4.1201
40	41	173.79
40	42	60.232
40	43	41.04
40	44	31.686
40	45	26.605
40	46	27.973
40	47	22.474
40	48	13.809
40	49	12.326
40	50	17.52
40	51	8.0129
40	52	9.1214
40	53	13.087
40	54	10.347
40	55	7.4587
40	56	9.015
40	57	7.793
40	58	8.4693
40	59	13.435
40	60	17.192
40	61	15.048
40	62	9.1562
40	63	13.087
40	64	5.5112
40	65	6.5546
40	66	8.5928
40	67	4.028
40	68	9.6735
40	69	7.6213
40	70	9.3406
40	71	9.1329
40	72	13.202
40	73	8.7239
40	74	4.607
40	75	5.1112
40	76	7.7552
40	77	9.2842
40	78	8.3514
40	79	5.258
40	80	3.2872
40	81	5.6733
40	82	7.7932
40	83	6.4976
40	84	5.9119
40	85	5.6017
40	86	7.3454
40	87	5.0383
40	88	2.784
40	89	1.1599
41	42	233.88
41	43	84.656
41	44	52.946
41	45	27.652
41	46	51.723
41	47	36.203
41	48	15.077
41	49	20.914
41	50	15.439
41	51	11.855
41	52	16.991
41	53	18.39
41	54	10.429
41	55	10.08
41	56	9.5416
41	57	11.328
41	58	18.166
41	59	22.49
41	60	12.273
41	61	9.9436
41	62	5.577
41	63	18.101
41	64	10.68
41	65	7.3796
41	66	6.7961
41	67	8.1836
41	68	3.9683
41	69	2.8688
41	70	7.2596
41	71	11.591
41	72	9.7679
41	73	10.444
41	74	13.07
41	75	12.095
41	76	6.6197
41	77	7.855
41	78	11.168
41	79	7.7024
41	80	2.8024
41	81	2.8252
41	82	6.0628
41	83	4.3791
41	84	9.16
41	85	5.3037
41	86	3.9605
41	87	7.2696
41	88	5.073
41	89	2.6421
42	43	306.12
42	44	99.935
42	45	69.808
42	46	40.017
42	47	26.084
42	48	18.574
42	49	16.424
42	50	17.784
42	51	12.519
42	52	10.374
42	53	9.3333
42	54	7.169
42	55	7.5741
42	56	11.976
42	57	7.0309
42	58	16.439
42	59	11.85
42	60	20.235
42	61	13.29
42	62	12.275
42	63	15.385
42	64	9.7933
42	65	13.539
42	66	10.683
42	67	21.013
42	68	9.8266
42	69	4.21
42	70	10.443
42	71	6.7071
42	72	14.317
42	73	9.1718
42	74	5.7438
42	75	4.4244
42	76	7.7528
42	77	7.5011
42	78	6.8142
42	79	8.4637
42	80	8.7305
42	81	9.753
42	82	9.2087
42	83	5.1725
42	84	3.3498
42	85	7.5639
42	86	4.8219
42	87	5.4461
42	88	1.3914
42	89	2.9038
43	44	268.95
43	45	116.87
43	46	63.974
43	47	34.584
43	48	22.962
43	49	16.852
43	50	13.233
43	51	13.04
43	52	7.9924
43	53	13.47
43	54	11.026
43	55	10.115
43	56	7.95
43	57	7.8242
43	58	13.021
43	59	12.868
43	60	19.495
43	61	15.763
43	62	18.514
43	63	21.748
43	64	18.819
43	65	9.1041
43	66	17.425
43	67	9.6061
43	68	15.722
43	69	7.0686
43	70	8.8536
43	71	9.0407
43	72	8.9651
43	73	9.9618
43	74	8.3086
43	75	9.0179
43	76	6.0774
43	77	8.6797
43	78	10.952
43	79	7.697
43	80	3.9527
43	81	2.9912
43	82	10.377
43	83	6.4172
43	84	5.8277
43	85	1.1244
43	86	3.2631
43	87	1.216
43	88	0.67095
43	89	0.67095
44	45	239.84
44	46	101.98
44	47	37.239
44	48	22.405
44	49	27.082
44	50	13.349
44	51	8.2887
44	52	9.8512
44	53	7.697
44	54	7.6751
44	55	8.198
44	56	6.2086
44	57	11.192
44	58	10.204
44	59	10.64
44	60	17.735
44	61	20.558
44	62	12.246
44	63	17.141
44	64	12.09
44	65	15.593
44	66	7.8942
44	67	9.0476
44	68	11.665
44	69	9.5061
44	70	12.636
44	71	12.734
44	72	11.241
44	73	8.5548
44	74	7.726
44	75	6.9281
44	76	4.0128
44	77	7.1363
44	78	5.6386
44	79	9.7039
44	80	3.3879
44	81	6.5984
44	82	8.4904
44	83	6.7327
44	84	11.688
44	85	5.3146
44	86	2.404
44	87	2.7882
44	88	2.3032
44	89	3.5889
45	46	172.91
45	47	40.236
45	48	42.017
45	49	21.43
45	50	11.556
45	51	12.627
45	52	11.551
45	53	4.7631
45	54	7.3572
45	55	5.2881
45	56	6.0449
45	57	3.2755
45	58	11.281
45	59	13.402
45	60	17.42
45	61	25.025
45	62	21.835
45	63	18.662
45	64	20.252
45	65	16.955
45	66	14.482
45	67	11.462
45	68	12.526
45	69	13.177
45	70	15.735
45	71	11.6
45	72	13.817
45	73	7.4971
45	74	6.5462
45	75	4.4403
45	76	5.3698
45	77	9.4286
45	78	8.2313
45	79	12.845
45	80	1.568
45	81	10.3
45	82	6.6947
45	83	11.522
45	84	7.4035
45	85	3.5109
45	86	3.388
45	87	2.9365
45	88	2.9365
45	89	1.4772
46	47	221.59
46	48	49.948
46	49	48.839
46	50	38.223
46	51	25.202
46	52	15.876
46	53	28.343
46	54	19.946
46	55	19.318
46	56	19.221
46	57	17.25
46	58	15.071
46	59	17.624
46	60	14.959
46	61	5.6465
46	62	4.207
46	63	8.7187
46	64	9.4082
46	65	8.0566
46	66	8.9383
46	67	8.9383
46	68	2.6053
46	69	3.7692
46	70	4.47
46	71	13.066
46	72	13.944
46	73	11.978
46	74	19.28
46	75	15.164
46	76	7.7414
46	77	7.8577
46	78	11.175
46	79	7.4956
46	80	1.8771
46	81	2.7192
46	82	14.474
46	83	3.1927
46	84	16.482
46	85	9.301
46	86	11.915
46	87	5.1944
46	88	5.9903
46	89	7.0967
47	48	334.75
47	49	84.773
47	50	58.521
47	51	43.48
47	52	28.498
47	53	35.175
47	54	25.718
47	55	19.705
47	56	17.263
47	57	24.912
47	58	24.273
47	59	18.7
47	60	22.405
47	61	8.0998
47	62	3.869
47	63	5.3792
47	64	7.9691
47	65	0.98932
47	66	1.5604
47	67	5.8625
47	68	5.5853
47	69	3.073
47	70	8.2762
47	71	9.1475
47	72	11.968
47	73	18.593
47	74	15.904
47	75	15.998
47	76	10.446
47	77	8.6787
47	78	7.6982
47	79	6.8206
47	80	2.3316
47	81	4.0757
47	82	8.691
47	83	4.562
47	84	10.385
47	85	10.801
47	86	5.6127
47	87	7.5097
47	88	3.2001
47	89	7.688
48	49	216.43
48	50	66.558
48	51	37.924
48	52	29.67
48	53	26.638
48	54	17.424
48	55	11.144
48	56	16.081
48	57	16.967
48	58	17.067
48	59	18.168
48	60	15.915
48	61	11.839
48	62	5.9703
48	63	8.2448
48	64	9.6572
48	65	11.284
48	66	4.0368
48	67	6.8171
48	68	6.6091
48	69	6.3638
48	70	6.5247
48	71	10.735
48	72	10.932
48	73	10.111
48	74	6.5913
48	75	9.4235
48	76	7.7903
48	77	10.037
48	78	6.6021
48	79	3.2259
48	80	3.9088
48	81	3.0483
48	82	4.7126
48	83	2.8288
48	84	6.6959
48	85	9.3892
48	86	4.8207
48	87	8.7132
48	88	3.1926
48	89	1.1037
49	50	258.52
49	51	65.03
49	52	41.526
49	53	36.096
49	54	28.824
49	55	18.913
49	56	19.618
49	57	16.885
49	58	22.019
49	59	22.164
49	60	16.887
49	61	8.8615
49	62	7.7409
49	63	9.1108
49	64	9.8676
49	65	8.5458
49	66	8.0919
49	67	6.3137
49	68	11.025
49	69	6.6454
49	70	3.8585
49	71	9.2449
49	72	8.0667
49	73	7.8639
49	74	11.67
49	75	5.5117
49	76	10.88
49	77	4.6785
49	78	7.37
49	79	3.5286
49	80	6.4377
49	81	5.5379
49	82	7.6505
49	83	5.0641
49	84	6.6755
49	85	5.0732
49	86	4.7972
49	87	5.2007
49	88	3.4719
49	89	3.4719
50	51	435.66
50	52	82.848
50	53	62.918
50	54	29.905
50	55	29.47
50	56	39.945
50	57	32.913
50	58	25.798
50	59	22.243
50	60	13.158
50	61	7.9424
50	62	4.8489
50	63	7.5348
50	64	3.6175
50	65	3.6175
50	66	0.98245
50	67	4.6045
50	68	4.6045
50	69	10.642
50	70	7.4074
50	71	10.622
50	72	15.349
50	73	12.907
50	74	14.086
50	75	11.085
50	76	11.354
50	77	8.4426
50	78	7.6643
50	79	3.515
50	80	2.3909
50	81	1.659
50	82	7.2021
50	83	3.8151
50	84	8.1825
50	85	11.472
50	86	9.5255
50	87	7.8968
50	88	7.8181
50	89	5.4102
51	52	188.57
51	53	76.598
51	54	43.991
51	55	37.627
51	56	33.768
51	57	27.2
51	58	24.612
51	59	19.732
51	60	10.784
51	61	7.9773
51	62	6.9083
51	63	6.1887
51	64	6.6646
51	65	3.0312
51	66	4.7697
51	67	2.2431
51	68	1.8314
51	69	2.9368
51	70	4.2311
51	71	5.4744
51	72	8.799
51	73	8.5429
51	74	8.4558
51	75	10.58
51	76	6.9034
51	77	5.1279
51	78	7.8236
51	79	5.7993
51	80	1.4936
51	81	3.1386
51	82	6.7032
51	83	4.8292
51	84	6.8197
51	85	10.769
51	86	7.7891
51	87	6.2921
51	88	4.511
51	89	5.0571
52	53	229.33
52	54	87.651
52	55	46.445
52	56	35.191
52	57	25.652
52	58	24.24
52	59	25.072
52	60	10.734
52	61	4.1385
52	62	6.6705
52	63	2.1397
52	64	4.0379
52	65	3.9538
52	66	3.729
52	67	6.4277
52	68	2.5465
52	69	2.4496
52	70	5.8322
52	71	11.286
52	72	6.0454
52	73	8.7677
52	74	10.447
52	75	8.4352
52	76	7.6797
52	77	8.0002
52	78	9.1336
52	79	6.2446
52	80	4.6182
52	81	2.9571
52	82	6.8876
52	83	3.1547
52	84	7.0003
52	85	9.9935
52	86	9.1865
52	87	4.9108
52	88	4.2201
52	89	6.0801
53	54	341.09
53	55	109.06
53	56	63.431
53	57	35.524
53	58	27.976
53	59	28.945
53	60	13.749
53	61	6.9395
53	62	4.662
53	63	10.468
53	64	6.0914
53	65	1.1995
53	66	3.7788
53	67	0.88629
53	68	4.8326
53	69	2.7925
53	70	3.2825
53	71	5.4043
53	72	9.6292
53	73	13.443
53	74	10.97
53	75	13.31
53	76	10.037
53	77	7.4268
53	78	6.133
53	79	8.4316
53	80	1.8369
53	81	3.585
53	82	7.8501
53	83	1.9975
53	84	9.0856
53	85	11.565
53	86	8.7238
53	87	9.4927
53	88	6.882
53	89	7.7832
54	55	233.43
54	56	68.963
54	57	38.644
54	58	23.635
54	59	25.95
54	60	16.116
54	61	8.9899
54	62	4.3239
54	63	8.1844
54	64	4.8326
54	65	5.5768
54	66	1.7571
54	67	4.9403
54	68	2.6958
54	69	2.5974
54	70	5.0407
54	71	4.9571
54	72	4.1177
54	73	9.8901
54	74	7.6723
54	75	11.3
54	76	6.3659
54	77	6.1515
54	78	6.7093
54	79	6.1687
54	80	2.95
54	81	2.547
54	82	5.8886
54	83	4.2452
54	84	3.857
54	85	10.049
54	86	11.103
54	87	5.5134
54	88	3.999
54	89	3.5712
55	56	235.82
55	57	55.114
55	58	37.117
55	59	24.677
55	60	11.714
55	61	6.1876
55	62	1.148
55	63	4.8003
55	64	3.2308
55	65	4.4082
55	66	1.3869
55	67	4.566
55	68	4.9708
55	69	3.4159
55	70	4.5127
55	71	6.826
55	72	3.9012
55	73	8.7493
55	74	7.3808
55	75	8.5502
55	76	9.3727
55	77	5.4489
55	78	5.3378
55	79	3.8565
55	80	3.1285
55	81	1.2175
55	82	7.7991
55	83	3.0644
55	84	7.9361
55	85	11.319
55	86	7.382
55	87	5.5614
55	88	5.2472
55	89	6.8648
56	57	242.46
56	58	64.283
56	59	42.773
56	60	18.293
56	61	5.3113
56	62	4.432
56	63	4.6273
56	64	2.49
56	65	6.7739
56	66	1.7841
56	67	3.3509
56	68	0.91159
56	69	0.91159
56	70	1.0582
56	71	7.0265
56	72	5.012
56	73	16.868
56	74	8.8449
56	75	14.532
56	76	10.339
56	77	5.6894
56	78	8.8988
56	79	1.6589
56	80	0.448
56	81	1.9605
56	82	8.2
56	83	1.6469
56	84	14.973
56	85	15.566
56	86	10.354
56	87	9.7863
56	88	7.3801
56	89	8.8694
57	58	255.47
57	59	57.801
57	60	20.178
57	61	4.7905
57	62	3.2002
57	63	7.8006
57	64	3.0005
57	65	1.6381
57	66	1.9336
57	67	1.8184
57	68	3.2994
57	69	3.8098
57	70	3.8098
57	71	5.0666
57	72	7.2374
57	73	13.264
57	74	14.598
57	75	14.258
57	76	12.099
57	77	7.2158
57	78	6.4034
57	79	2.9809
57	80	3.5487
57	81	3.3867
57	82	7.2243
57	83	2.3663
57	84	10.808
57	85	14.6
57	86	9.6295
57	87	10.833
57	88	7.516
57	89	4.551
58	59	212.16
58	60	47.498
58	61	20.31
58	62	8.7059
58	63	13.922
58	64	5.2168
58	65	6.2327
58	66	2.1065
58	67	5.2762
58	68	5.7452
58	69	2.0744
58	70	5.7952
58	71	12.813
58	72	15.185
58	73	15.556
58	74	19.758
58	75	17.163
58	76	16.808
58	77	13.814
58	78	10.403
58	79	4.8502
58	80	1.7495
58	81	3.6717
58	82	14.241
58	83	4.112
58	84	11.231
58	85	17.848
58	86	10.122
58	87	13.256
58	88	4.8073
58	89	6.9236
59	60	136.05
59	61	33.148
59	62	11.149
59	63	18.279
59	64	8.7394
59	65	6.6845
59	66	6.4284
59	67	4.4003
59	68	3.5908
59	69	3.4546
59	70	9.0479
59	71	14.318
59	72	18.671
59	73	20.713
59	74	23.046
59	75	15.784
59	76	17.426
59	77	14.406
59	78	17.156
59	79	6.573
59	80	3.5472
59	81	5.7096
59	82	16.036
59	83	8.0673
59	84	13.558
59	85	13.46
59	86	11.178
59	87	8.0069
59	88	3.6592
59	89	5.8377
60	61	166.74
60	62	42.587
60	63	43.682
60	64	25.264
60	65	17.779
60	66	19.175
60	67	11.079
60	68	12.824
60	69	13.8
60	70	24.613
60	71	27.618
60	72	21.909
60	73	24.384
60	74	17.451
60	75	11.369
60	76	16.378
60	77	17.544
60	78	21.884
60	79	16.11
60	80	12.743
60	81	13.016
60	82	17.715
60	83	12.512
60	84	15.027
60	85	6.7262
60	86	4.5425
60	87	8.5329
60	88	2.9933
60	89	2.0577
61	62	213.71
61	63	120.43
61	64	62.649
61	65	34.424
61	66	31.955
61	67	36.259
61	68	26.738
61	69	38.172
61	70	31.297
61	71	21.495
61	72	12.103
61	73	15.205
61	74	12.121
61	75	6.9396
61	76	9.4294
61	77	13.57
61	78	13.245
61	79	17.08
61	80	21.023
61	81	21.596
61	82	10.869
61	83	18.937
61	84	11.847
61	85	2.5744
61	86	4.263
61	87	2.9593
61	88	1.2336
61	89	2.5824
62	63	199.42
62	64	75.488
62	65	69.436
62	66	44.856
62	67	48.091
62	68	40.271
62	69	35.588
62	70	30.194
62	71	18.69
62	72	15.65
62	73	7.886
62	74	4.2678
62	75	5.7804
62	76	5.2455
62	77	12.52
62	78	11.612
62	79	17.201
62	80	22.494
62	81	19.254
62	82	12.073
62	83	19.235
62	84	8.5467
62	85	2.2868
62	86	6.1443
62	87	2.8663
62	88	1.3735
62	89	1.4445
63	64	179.52
63	65	58.077
63	66	59.212
63	67	37.643
63	68	38.829
63	69	31.922
63	70	41.409
63	71	29.815
63	72	25.881
63	73	15.923
63	74	12.595
63	75	10.61
63	76	15.963
63	77	13.115
63	78	16.826
63	79	21.819
63	80	19.113
63	81	19.647
63	82	21.592
63	83	14.068
63	84	11.023
63	85	5.9871
63	86	7.4393
63	87	3.8751
63	88	0.71741
63	89	1.501
64	65	260.14
64	66	132.42
64	67	113.61
64	68	119.16
64	69	94.559
64	70	72.397
64	71	30.69
64	72	28.719
64	73	15.86
64	74	16.769
64	75	6.5201
64	76	14.498
64	77	9.9649
64	78	12.579
64	79	27.716
64	80	26.951
64	81	22.155
64	82	15.863
64	83	22.51
64	84	10.366
64	85	1.2875
64	86	3.7319
64	87	2.7752
64	88	2.3194
64	89	1.6219
65	66	179.02
65	67	141.5
65	68	85.204
65	69	102.45
65	70	66.883
65	71	23.662
65	72	20.774
65	73	11.214
65	74	8.7298
65	75	8.859
65	76	8.0485
65	77	9.6235
65	78	6.86
65	79	19.365
65	80	32.365
65	81	26.922
65	82	8.4722
65	83	20.086
65	84	5.019
65	85	4.3685
65	86	5.0633
65	87	1.8791
65	88	1.8791
65	89	8.9467
66	67	198.33
66	68	122.22
66	69	94.049
66	70	51.822
66	71	24.312
66	72	14.664
66	73	10.871
66	74	12.051
66	75	7.5431
66	76	6.9071
66	77	11.111
66	78	11.863
66	79	24.205
66	80	29.803
66	81	24.87
66	82	11.521
66	83	19.685
66	84	8.7069
66	85	2.7546
66	86	3.9785
66	87	3.4408
66	88	1.6589
66	89	3.5081
67	68	205.14
67	69	121.24
67	70	83.845
67	71	28.142
67	72	19.428
67	73	8.9469
67	74	9.6994
67	75	4.9184
67	76	14.623
67	77	10.463
67	78	9.6433
67	79	22.243
67	80	25.655
67	81	24.389
67	82	14.833
67	83	23.086
67	84	9.6802
67	85	4.5347
67	86	1.6065
67	87	3.2451
67	88	1.5619
67	89	3.2981
68	69	190.85
68	70	76.898
68	71	32.335
68	72	29.987
68	73	15.298
68	74	16.725
68	75	7.7285
68	76	13.557
68	77	10.933
68	78	18.23
68	79	25.389
68	80	25.428
68	81	27.097
68	82	14.276
68	83	16.152
68	84	12.146
68	85	3.523
68	86	5.2412
68	87	7.5593
68	88	7.5593
68	89	7.5593
69	70	159.16
69	71	47.897
69	72	26.335
69	73	20.075
69	74	11.869
69	75	6.8613
69	76	10.776
69	77	11.387
69	78	11.69
69	79	19.42
69	80	29.98
69	81	31.284
69	82	13.739
69	83	15.959
69	84	10.134
69	85	2.0349
69	86	3.9214
69	87	2.9074
69	88	1.6355
69	89	1.7294
70	71	121.3
70	72	66.096
70	73	34.774
70	74	23.3
70	75	14.198
70	76	23.551
70	77	21.353
70	78	21.415
70	79	28.721
70	80	24.537
70	81	25.574
70	82	16.614
70	83	18.456
70	84	13.261
70	85	5.7565
70	86	4.4271
70	87	3.8474
70	88	1.4687
70	89	5.0907
71	72	378.32
71	73	79.511
71	74	39.7
71	75	24.308
71	76	30.315
71	77	29.036
71	78	29.472
71	79	21.558
71	80	13.899
71	81	20.385
71	82	28.888
71	83	14.466
71	84	16.327
71	85	9.1381
71	86	6.4523
71	87	7.2779
71	88	4.3432
71	89	5.6101
72	73	227.69
72	74	60.42
72	75	46.358
72	76	37.363
72	77	28.635
72	78	25.89
72	79	23.89
72	80	17.425
72	81	16.659
72	82	23.214
72	83	15.83
72	84	17.491
72	85	9.7893
72	86	8.139
72	87	4.2585
72	88	4.0732
72	89	8.412
73	74	179.83
73	75	74.598
73	76	45.739
73	77	36.017
73	78	32.041
73	79	20.354
73	80	9.9545
73	81	10.844
73	82	35.788
73	83	9.363
73	84	23.569
73	85	24.805
73	86	12.628
73	87	10.154
73	88	4.2479
73	89	7.7526
74	75	285.18
74	76	84.828
74	77	43.225
74	78	37.29
74	79	16.583
74	80	8.9813
74	81	9.7056
74	82	23.412
74	83	10.958
74	84	22.215
74	85	22.221
74	86	15.594
74	87	10.021
74	88	7.6168
74	89	7.2529
75	76	182.15
75	77	45.34
75	78	36.656
75	79	14.472
75	80	8.2488
75	81	8.8001
75	82	22.637
75	83	7.3889
75	84	17.92
75	85	21.011
75	86	17.711
75	87	8.4743
75	88	4.8581
75	89	8.3032
76	77	145.99
76	78	57.051
76	79	26.774
76	80	17.079
76	81	15.467
76	82	30.115
76	83	16.377
76	84	18.669
76	85	15.151
76	86	11.453
76	87	11.205
76	88	5.9554
76	89	10.613
77	78	183.12
77	79	39.766
77	80	21.938
77	81	18.659
77	82	32.34
77	83	20.286
77	84	26.913
77	85	17.276
77	86	12.819
77	87	9.294
77	88	3.6942
77	89	3.154
78	79	100.59
78	80	34.164
78	81	41.849
78	82	55.763
78	83	25.564
78	84	30.334
78	85	18.354
78	86	17.086
78	87	11.705
78	88	2.2374
78	89	10.707
79	80	157.91
79	81	134.47
79	82	64.134
79	83	41.221
79	84	23.904
79	85	9.7094
79	86	8.59
79	87	6.0847
79	88	3.4388
79	89	4.7184
80	81	210.08
80	82	43.234
80	83	48.361
80	84	22.949
80	85	3.4931
80	86	8.4077
80	87	6.5675
80	88	0.41462
80	89	1.7138
81	82	67.137
81	83	60.705
81	84	30.402
81	85	6.1239
81	86	7.366
81	87	5.7566
81	88	2.8921
81	89	4.4657
82	83	114
82	84	117.59
82	85	37.337
82	86	20.31
82	87	16.656
82	88	4.6105
82	89	14.698
83	84	138.34
83	85	14.63
83	86	13.992
83	87	11.251
83	88	2.7122
83	89	8.0741
84	85	183.73
84	86	45.901
84	87	33.25
84	88	14.925
84	89	13.639
85	86	130.64
85	87	47.973
85	88	16.733
85	89	25.628
86	87	187.67
86	88	29.173
86	89	31.813
87	88	131.09
87	89	85.157
88	89	205.28
