1	2	215.27
1	3	74.719
1	4	48.936
1	5	30.798
1	6	37.544
1	7	26.783
1	8	16.344
1	9	25.254
1	10	14.667
1	11	16.439
1	12	4.0791
1	13	15.981
1	14	14.48
1	15	3.0807
1	16	8.0032
1	17	8.9396
1	18	11.11
1	19	7.2311
1	20	7.3037
1	21	13.743
1	22	7.5477
1	23	2.9794
1	24	10.062
1	25	9.6981
1	26	4.0486
1	27	9.1209
1	28	9.3037
1	29	7.0575
1	30	5.8633
1	31	7.4884
1	32	8.9095
1	33	4.5808
1	34	8.2943
1	35	4.8875
1	36	6.2879
1	37	8.778
1	38	7.7041
1	39	13.466
1	40	8.5286
1	41	7.3748
1	42	8.7926
1	43	6.2572
1	44	4.5637
1	45	4.1598
1	46	5.5021
1	47	2.6708
1	48	3.8104
1	49	1.0195
1	50	1.9209
1	51	3.388
1	52	3.4268
1	53	2.9178
1	54	5.0088
1	55	4.8895
1	56	7.8029
1	57	4.3828
1	58	1.7497
1	59	2.4856
1	60	4.985
1	61	2.3615
1	62	3.1246
1	63	3.0683
1	64	2.8326
1	65	6.2158
1	66	2.4505
1	67	0.89961
1	68	2.8961
1	69	5.4581
1	70	4.3879
1	71	3.6978
1	72	3.4477
1	73	7.1413
1	74	4.514
1	75	7.5148
1	76	7.8278
1	77	4.7815
1	78	5.4152
1	79	30.043
2	3	369.12
2	4	84.822
2	5	69.328
2	6	27.155
2	7	21.621
2	8	26.813
2	9	19.918
2	10	11.854
2	11	5.853
2	12	5.1852
2	13	0.68178
2	14	4.6938
2	15	3.1199
2	16	2.1581
2	17	11.645
2	18	11.007
2	19	11.647
2	20	5.9002
2	21	5.558
2	22	9.7324
2	23	3.609
2	24	8.6385
2	25	14.097
2	26	10.654
2	27	9.5861
2	28	6.0252
2	29	5.2674
2	30	3.6433
2	31	6.9828
2	32	4.5026
2	33	6.3488
2	34	5.8568
2	35	9.0155
2	36	10.14
2	37	5.4541
2	38	13.467
2	39	15.556
2	40	6.8777
2	41	6.5414
2	42	5.6775
2	43	3.3708
2	44	11.069
2	45	7.2871
2	46	6.0488
2	47	3.776
2	48	2.0566
2	49	0.82684
2	50	1.5579
2	51	1.373
2	52	1.6654
2	53	1.4151
2	54	4.4901
2	55	5.9515
2	56	6.327
2	57	4.4382
2	58	4.262
2	59	5.0186
2	60	6.0383
2	61	3.8183
2	62	1.2658
2	63	0.99201
2	64	8.0364
2	65	3.7768
2	66	1.324
2	67	0.72924
2	68	2.8123
2	69	1.2022
2	70	3.8912
2	71	5.964
2	72	6.9394
2	73	8.8541
2	74	5.2535
2	75	5.1389
2	76	6.3047
2	77	4.5429
2	78	11.113
2	79	17.947
3	4	238.63
3	5	87.84
3	6	54.311
3	7	32.2
3	8	22.53
3	9	19.073
3	10	11.626
3	11	9.9572
3	12	5.5721
3	13	13.473
3	14	6.3919
3	15	5.5424
3	16	4.2466
3	17	14.111
3	18	9.0684
3	19	7.9758
3	20	10.433
3	21	5.469
3	22	10.123
3	23	2.9554
3	24	6.4878
3	25	11.257
3	26	7.3103
3	27	5.8086
3	28	7.4185
3	29	3.8754
3	30	4.6439
3	31	6.8503
3	32	10.618
3	33	6.7593
3	34	4.1033
3	35	11.027
3	36	6.9493
3	37	4.2898
3	38	10.13
3	39	9.9265
3	40	5.0387
3	41	5.2355
3	42	8.3461
3	43	8.276
3	44	9.0668
3	45	7.6934
3	46	7.4988
3	47	9.5561
3	48	2.0368
3	49	2.0368
3	50	1.5558
3	51	4.0834
3	52	1.0994
3	53	3.6969
3	54	2.6387
3	55	6.8724
3	56	6.2688
3	57	4.3946
3	58	4.2472
3	59	3.4639
3	60	1.48
3	61	3.1219
3	62	7.5255
3	63	2.4334
3	64	5.651
3	65	3.119
3	66	1.9777
3	67	2.1841
3	68	2.7701
3	69	2.3525
3	70	1.3801
3	71	3.4022
3	72	3.6227
3	73	5.629
3	74	6.3149
3	75	5.0146
3	76	7.8427
3	77	5.8151
3	78	5.2032
3	79	7.0425
4	5	324.5
4	6	64.635
4	7	40.037
4	8	31.882
4	9	20.745
4	10	19.666
4	11	12.702
4	12	9.0084
4	13	4.5766
4	14	7.3466
4	15	4.183
4	16	15.773
4	17	12.568
4	18	9.0594
4	19	18.661
4	20	7.2829
4	21	8.4685
4	22	9.1947
4	23	8.0086
4	24	9.1717
4	25	13.336
4	26	10.259
4	27	6.323
4	28	2.8737
4	29	4.5843
4	30	5.5312
4	31	7.5098
4	32	7.706
4	33	8.5533
4	34	4.7551
4	35	4.7834
4	36	6.2212
4	37	8.3122
4	38	7.3217
4	39	6.6407
4	40	8.0932
4	41	6.7265
4	42	8.059
4	43	8.0007
4	44	8.7642
4	45	4.7761
4	46	5.3303
4	47	2.0552
4	48	1.9823
4	49	1.9823
4	50	2.2773
4	51	2.6473
4	52	3.208
4	53	3.1271
4	54	3.8207
4	55	5.715
4	56	7.2979
4	57	2.5582
4	58	4.1356
4	59	3.3563
4	60	6.199
4	61	4.2269
4	62	5.4864
4	63	2.824
4	64	6.5604
4	65	4.8549
4	66	1.9285
4	67	3.5546
4	68	1.7915
4	69	3.0295
4	70	3.3237
4	71	6.5561
4	72	7.417
4	73	8.3475
4	74	8.7444
4	75	4.8294
4	76	5.3962
4	77	7.2465
4	78	5.9176
4	79	11.874
5	6	139.85
5	7	81.85
5	8	53.431
5	9	28.935
5	10	13.655
5	11	7.3687
5	12	2.5114
5	13	3.6347
5	14	3.1318
5	15	2.6605
5	16	9.1923
5	17	10.605
5	18	13.146
5	19	18.555
5	20	8.7873
5	21	14.197
5	22	7.7566
5	23	4.4812
5	24	7.0276
5	25	15.537
5	26	12.248
5	27	10.991
5	28	6.4158
5	29	7.4709
5	30	3.1004
5	31	5.4462
5	32	18.207
5	33	9.5706
5	34	6.2273
5	35	10.771
5	36	9.1568
5	37	5.2269
5	38	10.999
5	39	11.578
5	40	10.494
5	41	10.735
5	42	8.2975
5	43	6.2743
5	44	7.1965
5	45	7.1484
5	46	5.5698
5	47	5.1689
5	48	1.0981
5	49	1.0981
5	50	1.668
5	51	3.6651
5	52	1.7782
5	53	4.0114
5	54	4.2943
5	55	6.3465
5	56	9.4497
5	57	2.8405
5	58	9.1152
5	59	3.7439
5	60	6.9556
5	61	2.7071
5	62	0.67567
5	63	4.2198
5	64	4.8863
5	65	2.0167
5	66	1.4166
5	67	1.562
5	68	1.9976
5	69	5.1091
5	70	1.8765
5	71	7.388
5	72	10.812
5	73	5.172
5	74	7.292
5	75	3.2084
5	76	8.5194
5	77	7.4256
5	78	10.781
5	79	6.6752
6	7	277.16
6	8	42.972
6	9	41.238
6	10	30.742
6	11	17.594
6	12	13.542
6	13	15.503
6	14	11.852
6	15	11.438
6	16	13.749
6	17	13.398
6	18	9.7672
6	19	8.0475
6	20	9.7293
6	21	7.7309
6	22	11.557
6	23	8.8752
6	24	13.655
6	25	9.024
6	26	10.1
6	27	5.7809
6	28	5.9012
6	29	9.4822
6	30	11.646
6	31	10.064
6	32	11.71
6	33	10.1
6	34	10.144
6	35	7.2869
6	36	5.6942
6	37	9.947
6	38	7.1381
6	39	9.431
6	40	4.805
6	41	5.6423
6	42	7.9736
6	43	3.6524
6	44	8.011
6	45	4.8429
6	46	4.1774
6	47	4.2275
6	48	5.8721
6	49	2.2205
6	50	5.5569
6	51	9.6652
6	52	7.3134
6	53	4.0685
6	54	5.8172
6	55	2.6091
6	56	5.5645
6	57	6.2409
6	58	5.0429
6	59	5.2622
6	60	4.3498
6	61	6.0533
6	62	5.5663
6	63	4.719
6	64	5.9863
6	65	6.6442
6	66	2.9376
6	67	2.5996
6	68	3.6708
6	69	3.1057
6	70	5.1575
6	71	5.997
6	72	2.4005
6	73	6.1101
6	74	7.9977
6	75	7.7983
6	76	4.9411
6	77	4.5396
6	78	3.3528
6	79	3.1151
7	8	119.67
7	9	58.954
7	10	33.898
7	11	13.265
7	12	10.018
7	13	10.549
7	14	9.9593
7	15	8.718
7	16	13.697
7	17	12.933
7	18	13.503
7	19	8.4978
7	20	12.965
7	21	13.859
7	22	9.3095
7	23	7.4786
7	24	14.494
7	25	12.203
7	26	4.2425
7	27	9.7495
7	28	11.063
7	29	7.6822
7	30	8.7602
7	31	6.455
7	32	5.2702
7	33	8.1337
7	34	8.5622
7	35	4.9315
7	36	4.4416
7	37	7.9762
7	38	6.7935
7	39	2.2772
7	40	7.8161
7	41	6.5066
7	42	11.395
7	43	7.3996
7	44	4.9605
7	45	7.7821
7	46	5.8797
7	47	5.9373
7	48	4.5476
7	49	3.0919
7	50	1.7433
7	51	4.0604
7	52	5.7321
7	53	4.4686
7	54	5.8954
7	55	2.2002
7	56	4.6873
7	57	4.5962
7	58	5.2933
7	59	4.0574
7	60	5.5076
7	61	8.3642
7	62	3.2743
7	63	3.9842
7	64	5.9048
7	65	3.2541
7	66	3.9342
7	67	3.259
7	68	2.0606
7	69	5.5406
7	70	5.6482
7	71	5.7974
7	72	5.0675
7	73	8.7122
7	74	6.7625
7	75	6.5871
7	76	8.7691
7	77	4.085
7	78	4.5939
7	79	6.5826
8	9	204.95
8	10	38.369
8	11	13.769
8	12	7.1665
8	13	4.159
8	14	3.1259
8	15	1.9014
8	16	4.3795
8	17	19.418
8	18	15.437
8	19	10.647
8	20	9.8942
8	21	11.864
8	22	6.0139
8	23	3.2015
8	24	8.8982
8	25	15.126
8	26	8.7405
8	27	11.244
8	28	9.1908
8	29	4.005
8	30	2.4906
8	31	6.7289
8	32	6.8581
8	33	6.8502
8	34	8.922
8	35	11.174
8	36	8.8879
8	37	5.7995
8	38	9.4776
8	39	8.9007
8	40	8.8398
8	41	8.616
8	42	3.7829
8	43	2.5685
8	44	7.9759
8	45	8.1261
8	46	10.436
8	47	9.4493
8	48	1.1714
8	49	0.6294
8	50	1.1862
8	51	3.1373
8	52	0.84422
8	53	4.3081
8	54	3.7603
8	55	6.0674
8	56	12.576
8	57	3.388
8	58	3.2559
8	59	3.4361
8	60	6.5094
8	61	3.8764
8	62	1.9281
8	63	4.9091
8	64	3.5109
8	65	1.9151
8	66	1.51
8	67	0.55431
8	68	1.4254
8	69	2.1343
8	70	2.4234
8	71	11.37
8	72	8.8107
8	73	6.7431
8	74	6.1549
8	75	3.2171
8	76	5.2387
8	77	6.6518
8	78	8.0937
8	79	8.2294
9	10	243.13
9	11	42.761
9	12	19.139
9	13	17.448
9	14	8.4828
9	15	9.4637
9	16	15.428
9	17	27.963
9	18	20.26
9	19	20.191
9	20	21.514
9	21	21.191
9	22	13.429
9	23	18.604
9	24	23.748
9	25	20.194
9	26	14.5
9	27	15.84
9	28	8.9892
9	29	5.8972
9	30	7.1962
9	31	10.304
9	32	9.277
9	33	5.8735
9	34	3.3079
9	35	7.0975
9	36	9.9949
9	37	5.6288
9	38	7.7395
9	39	6.7705
9	40	7.4256
9	41	6.0862
9	42	6.1624
9	43	5.3385
9	44	6.829
9	45	8.8506
9	46	9.8532
9	47	8.1509
9	48	2.892
9	49	3.3811
9	50	1.904
9	51	6.6272
9	52	3.1213
9	53	10.044
9	54	8.1464
9	55	9.5401
9	56	12.197
9	57	3.5624
9	58	13.825
9	59	3.6045
9	60	8.745
9	61	6.0372
9	62	4.5796
9	63	3.9214
9	64	9.1196
9	65	6.0754
9	66	3.2221
9	67	0.59404
9	68	4.8495
9	69	4.7314
9	70	5.2646
9	71	8.2115
9	72	5.4739
9	73	5.2286
9	74	7.3001
9	75	5.2186
9	76	4.5087
9	77	3.3103
9	78	3.8177
9	79	6.3922
10	11	218.01
10	12	41.076
10	13	39.225
10	14	29.113
10	15	30.787
10	16	31.286
10	17	25.301
10	18	20.326
10	19	21.469
10	20	25.64
10	21	30.458
10	22	27.775
10	23	25.654
10	24	16.747
10	25	11.301
10	26	6.6804
10	27	4.1683
10	28	5.4696
10	29	10.905
10	30	7.8823
10	31	7.8397
10	32	8.6851
10	33	3.4055
10	34	7.3912
10	35	6.31
10	36	4.47
10	37	8.7829
10	38	2.0698
10	39	6.8723
10	40	4.8019
10	41	4.2832
10	42	5.1197
10	43	4.7415
10	44	2.4762
10	45	4.9412
10	46	7.7508
10	47	11.321
10	48	8.7842
10	49	5.4761
10	50	10.923
10	51	7.2721
10	52	11.289
10	53	10.945
10	54	6.8353
10	55	8.057
10	56	5.1548
10	57	7.226
10	58	5.8333
10	59	4.8766
10	60	3.631
10	61	4.5932
10	62	4.124
10	63	6.3655
10	64	4.6252
10	65	8.2042
10	66	4.3497
10	67	5.4104
10	68	6.4268
10	69	9.9244
10	70	8.4483
10	71	7.9489
10	72	3.3405
10	73	3.8977
10	74	3.2271
10	75	3.1363
10	76	4.1266
10	77	2.2459
10	78	1.9439
10	79	6.5012
11	12	167.45
11	13	105.74
11	14	57.186
11	15	63.436
11	16	54.91
11	17	26.859
11	18	12.434
11	19	11.074
11	20	22.146
11	21	33.114
11	22	46.917
11	23	31.594
11	24	17.298
11	25	5.4299
11	26	5.1372
11	27	5.1824
11	28	6.6149
11	29	9.1697
11	30	8.247
11	31	10.536
11	32	2.3588
11	33	5.0885
11	34	4.3655
11	35	4.3737
11	36	3.0706
11	37	9.0979
11	38	3.1226
11	39	2.7069
11	40	4.4344
11	41	2.5647
11	42	3.0782
11	43	2.9388
11	44	2.1488
11	45	1.4569
11	46	3.4898
11	47	7.108
11	48	11.059
11	49	12.966
11	50	12.846
11	51	11.687
11	52	12.418
11	53	8.9946
11	54	5.0589
11	55	7.0441
11	56	5.6402
11	57	5.537
11	58	3.8635
11	59	3.9943
11	60	3.936
11	61	7.7501
11	62	7.9307
11	63	6.4739
11	64	3.0115
11	65	2.2576
11	66	6.6284
11	67	8.6937
11	68	6.1944
11	69	10.386
11	70	6.0609
11	71	2.1409
11	72	2.0027
11	73	1.1469
11	74	2.7806
11	75	2.3394
11	76	2.3394
11	77	1.2117
11	78	0.41942
11	79	0.77925
12	13	174.62
12	14	96.131
12	15	82.352
12	16	60.479
12	17	7.2166
12	18	6.018
12	19	8.0158
12	20	12.33
12	21	19.016
12	22	49.44
12	23	22.867
12	24	9.0436
12	25	2.0045
12	26	1.3055
12	27	3.4494
12	28	1.175
12	29	6.095
12	30	8.1464
12	31	3.95
12	32	4.8815
12	33	2.0513
12	34	3.223
12	35	2.582
12	36	0.77669
12	37	4.2437
12	38	2.3693
12	39	1.8008
12	40	3.5961
12	41	1.3621
12	42	2.1811
12	43	1.3029
12	44	0.47659
12	45	1.7224
12	46	2.1619
12	47	6.7256
12	48	17.202
12	49	17.015
12	50	21.643
12	51	10.947
12	52	10.157
12	53	4.3467
12	54	2.7564
12	55	2.352
12	56	2.0087
12	57	2.1113
12	58	2.298
12	59	3.9373
12	60	1.9371
12	61	2.4536
12	62	6.047
12	63	1.9128
12	64	0.89213
12	65	3.5138
12	66	6.9775
12	67	10.73
12	68	9.8953
12	69	5.211
12	70	6.1623
12	71	1.8951
12	72	1.0631
12	73	1.0148
12	74	0.92216
12	75	1.6074
12	76	1.7481
12	77	1.0715
12	78	1.1123
12	79	1.3813
13	14	189.29
13	15	124.49
13	16	86.331
13	17	20.997
13	18	12.581
13	19	9.0614
13	20	20.541
13	21	25.074
13	22	42.137
13	23	23.121
13	24	17.718
13	25	2.9076
13	26	2.8436
13	27	3.3344
13	28	5.106
13	29	8.3828
13	30	6.5585
13	31	4.7027
13	32	1.013
13	33	2.3836
13	34	2.8099
13	35	1.2476
13	36	3.9458
13	37	4.3359
13	38	5.1552
13	39	5.2158
13	40	3.3252
13	41	3.2926
13	42	1.5852
13	43	6.6202
13	44	1.3804
13	45	1.8705
13	46	3.5946
13	47	6.7184
13	48	16.741
13	49	19.794
13	50	16.65
13	51	12.716
13	52	14.148
13	53	5.793
13	54	2.5049
13	55	3.3912
13	56	4.3471
13	57	4.0725
13	58	8.2981
13	59	2.2936
13	60	1.1274
13	61	4.9913
13	62	7.3175
13	63	7.2284
13	64	6.4327
13	65	5.8445
13	66	10.946
13	67	9.5596
13	68	8.0074
13	69	8.9192
13	70	4.6761
13	71	2.1988
13	72	0.51512
13	73	0.49173
13	74	2.2344
13	75	2.6796
13	76	1.9059
13	77	2.3396
13	78	1.0798
13	79	0.99833
14	15	268.14
14	16	104.54
14	17	22.326
14	18	10.468
14	19	13.348
14	20	16.613
14	21	28.248
14	22	59.088
14	23	18.239
14	24	16.808
14	25	2.5077
14	26	4.1401
14	27	5.0585
14	28	3.6936
14	29	5.5434
14	30	7.0836
14	31	4.5163
14	32	2.6308
14	33	1.0318
14	34	0.80813
14	35	2.1474
14	36	3.3959
14	37	4.2922
14	38	0.9852
14	39	3.0062
14	40	1.2244
14	41	1.6989
14	42	2.7338
14	43	0.81763
14	44	2.3891
14	45	2.1532
14	46	2.3203
14	47	8.9949
14	48	10.45
14	49	16.614
14	50	21.201
14	51	13.207
14	52	7.8669
14	53	6.8201
14	54	4.7487
14	55	3.9469
14	56	1.2653
14	57	1.7765
14	58	1.4594
14	59	1.9906
14	60	1.9464
14	61	5.5477
14	62	5.1166
14	63	5.2867
14	64	3.3493
14	65	5.7498
14	66	6.1854
14	67	9.1929
14	68	5.5649
14	69	2.6903
14	70	5.0156
14	71	2.3629
14	72	1.3283
14	73	1.2683
14	74	1.5347
14	75	1.4357
14	76	1.0912
14	77	1.0044
14	78	0.92635
14	79	1.7201
15	16	134.59
15	17	22.562
15	18	14.274
15	19	2.3663
15	20	18.773
15	21	34.375
15	22	60.808
15	23	23.583
15	24	10.441
15	25	1.0632
15	26	2.5972
15	27	2.286
15	28	2.286
15	29	4.5006
15	30	9.7211
15	31	4.2936
15	32	3.7012
15	33	4.8993
15	34	0.85575
15	35	2.852
15	36	2.852
15	37	3.9546
15	38	0.52372
15	39	2.3849
15	40	3.4726
15	41	1.2043
15	42	2.8961
15	43	0.86416
15	44	1.8937
15	45	1.1404
15	46	0.82086
15	47	7.8112
15	48	17.44
15	49	14.45
15	50	24.485
15	51	10.161
15	52	7.6271
15	53	3.3667
15	54	4.119
15	55	1.0347
15	56	1.3263
15	57	1.3263
15	58	3.0357
15	59	2.0935
15	60	2.059
15	61	3.9076
15	62	9.355
15	63	2.5391
15	64	1.1779
15	65	4.6664
15	66	7.8453
15	67	8.7159
15	68	8.2804
15	69	7.3301
15	70	7.1202
15	71	1.0052
15	72	0.47078
15	73	0.44933
15	74	1.6335
15	75	0.30579
15	76	1.1612
15	77	1.425
15	78	0.98663
15	79	1.8279
16	17	121.8
16	18	31.199
16	19	31.287
16	20	41.019
16	21	59.146
16	22	64.774
16	23	26.279
16	24	22.745
16	25	4.8896
16	26	3.9534
16	27	6.9927
16	28	8.9247
16	29	9.2796
16	30	8.985
16	31	7.1089
16	32	3.1832
16	33	9.3628
16	34	3.9298
16	35	3.9407
16	36	4.7415
16	37	7.7458
16	38	5.4266
16	39	4.5696
16	40	3.9954
16	41	1.3865
16	42	2.494
16	43	1.9836
16	44	2.1758
16	45	4.5925
16	46	3.7708
16	47	10.228
16	48	14.879
16	49	15.364
16	50	9.5909
16	51	6.6256
16	52	8.6906
16	53	11.039
16	54	2.6277
16	55	8.3119
16	56	4.563
16	57	7.4639
16	58	3.467
16	59	4.1873
16	60	1.771
16	61	7.4717
16	62	3.8137
16	63	9.9032
16	64	5.4226
16	65	5.317
16	66	8.0995
16	67	3.5928
16	68	10.018
16	69	6.5453
16	70	4.506
16	71	1.7363
16	72	2.7057
16	73	0.51653
16	74	0.93954
16	75	1.0536
16	76	2.671
16	77	2.4553
16	78	0.56663
16	79	2.1064
17	18	231.68
17	19	91.991
17	20	57.409
17	21	42.121
17	22	29.985
17	23	17.301
17	24	22.857
17	25	10.797
17	26	7.4368
17	27	12.653
17	28	6.8042
17	29	6.3026
17	30	8.4892
17	31	8.3608
17	32	5.6731
17	33	7.1474
17	34	9.0263
17	35	8.6042
17	36	6.8322
17	37	5.3908
17	38	4.6482
17	39	4.2054
17	40	10.396
17	41	6.9427
17	42	8.2846
17	43	6.0693
17	44	5.549
17	45	5.0452
17	46	5.7866
17	47	11.676
17	48	6.042
17	49	3.7816
17	50	2.8454
17	51	9.967
17	52	4.5217
17	53	6.7725
17	54	12.09
17	55	9.0207
17	56	12.675
17	57	7.2595
17	58	5.1955
17	59	6.3389
17	60	4.5177
17	61	4.5757
17	62	5.1663
17	63	5.3495
17	64	12.469
17	65	2.2813
17	66	4.2158
17	67	3.3229
17	68	5.9102
17	69	4.3086
17	70	7.591
17	71	8.0307
17	72	3.7385
17	73	3.5736
17	74	1.0859
17	75	3.2413
17	76	2.0555
17	77	4.0771
17	78	3.0369
17	79	5.6684
18	19	220.52
18	20	66.735
18	21	34.72
18	22	13.138
18	23	13.011
18	24	20.342
18	25	16.573
18	26	10.985
18	27	8.6406
18	28	10.099
18	29	6.3291
18	30	7.6597
18	31	9.0441
18	32	8.5193
18	33	8.834
18	34	8.8387
18	35	5.963
18	36	5.6398
18	37	6.0394
18	38	8.6456
18	39	12.59
18	40	8.829
18	41	7.6125
18	42	5.9145
18	43	5.1619
18	44	6.181
18	45	6.2558
18	46	9.6186
18	47	7.8072
18	48	3.7101
18	49	4.164
18	50	3.4868
18	51	7.2848
18	52	2.7802
18	53	9.6919
18	54	6.731
18	55	7.2548
18	56	5.6939
18	57	1.493
18	58	2.399
18	59	4.7408
18	60	7.82
18	61	4.2462
18	62	2.8269
18	63	4.963
18	64	7.7332
18	65	3.1555
18	66	2.214
18	67	3.2526
18	68	3.3835
18	69	6.2231
18	70	4.7049
18	71	9.9577
18	72	5.6517
18	73	4.4233
18	74	4.9319
18	75	2.5052
18	76	2.8627
18	77	4.6499
18	78	2.9456
18	79	5.5204
19	20	145.04
19	21	44.204
19	22	19.466
19	23	10.214
19	24	21.122
19	25	21.71
19	26	26.428
19	27	13.961
19	28	21.423
19	29	8.2854
19	30	3.4329
19	31	7.0314
19	32	8.5155
19	33	16.007
19	34	4.7386
19	35	13.839
19	36	10.523
19	37	4.1126
19	38	10.756
19	39	7.3641
19	40	9.7241
19	41	8.9799
19	42	8.0374
19	43	4.7803
19	44	8.152
19	45	6.3669
19	46	7.5987
19	47	10.197
19	48	3.889
19	49	1.5719
19	50	1.4808
19	51	9.1193
19	52	7.3583
19	53	11.58
19	54	7.6209
19	55	15.125
19	56	19.282
19	57	11.81
19	58	10.842
19	59	0.94781
19	60	6.6465
19	61	3.6086
19	62	6.0035
19	63	3.7488
19	64	13.1
19	65	2.3853
19	66	5.021
19	67	2.7671
19	68	5.3156
19	69	3.7793
19	70	9.325
19	71	8.4433
19	72	5.2279
19	73	2.5023
19	74	3.8054
19	75	1.703
19	76	2.1587
19	77	5.2568
19	78	3.6301
19	79	11.884
20	21	253.35
20	22	57.776
20	23	31.923
20	24	33.786
20	25	15.035
20	26	14.411
20	27	13.546
20	28	11.653
20	29	10.138
20	30	9.1148
20	31	9.8546
20	32	10.417
20	33	10.716
20	34	6.4355
20	35	7.0122
20	36	6.3185
20	37	5.7983
20	38	7.4313
20	39	11.224
20	40	6.161
20	41	7.9687
20	42	10.222
20	43	6.4927
20	44	5.3353
20	45	9.1473
20	46	8.8925
20	47	10.43
20	48	5.5277
20	49	3.2815
20	50	3.851
20	51	9.3935
20	52	8.6741
20	53	10.416
20	54	9.9105
20	55	9.6507
20	56	4.9345
20	57	5.1903
20	58	6.9875
20	59	4.8683
20	60	4.3535
20	61	5.5097
20	62	6.7998
20	63	8.1127
20	64	14.402
20	65	5.5384
20	66	3.2614
20	67	1.4427
20	68	4.0862
20	69	9.6004
20	70	9.1083
20	71	5.7052
20	72	1.3306
20	73	2.9676
20	74	3.4753
20	75	4.3308
20	76	3.8381
20	77	3.0164
20	78	1.8544
20	79	2.5858
21	22	269.97
21	23	47.191
21	24	29.595
21	25	14.176
21	26	18.227
21	27	14.826
21	28	13.759
21	29	11.166
21	30	9.2715
21	31	4.2285
21	32	9.8348
21	33	3.8563
21	34	3.0377
21	35	5.0809
21	36	5.5006
21	37	5.9851
21	38	6.5327
21	39	5.6458
21	40	9.2844
21	41	3.2179
21	42	5.1433
21	43	3.0641
21	44	2.2385
21	45	6.0843
21	46	2.9183
21	47	13.808
21	48	12.406
21	49	3.1311
21	50	4.403
21	51	14.001
21	52	13.372
21	53	10.251
21	54	12.196
21	55	5.4733
21	56	7.0071
21	57	3.2769
21	58	7.9609
21	59	4.6113
21	60	4.5659
21	61	6.9311
21	62	10.553
21	63	6.3045
21	64	8.3567
21	65	7.0087
21	66	8.6936
21	67	5.5018
21	68	4.2955
21	69	10.136
21	70	10.164
21	71	6.2695
21	72	5.8596
21	73	2.3987
21	74	1.4557
21	75	1.0892
21	76	3.1018
21	77	4.4313
21	78	1.7526
21	79	3.2508
22	23	89.599
22	24	36.135
22	25	5.6668
22	26	4.0907
22	27	5.1205
22	28	8.2292
22	29	12.541
22	30	7.1653
22	31	7.801
22	32	4.4511
22	33	3.1397
22	34	3.3007
22	35	3.8861
22	36	6.4913
22	37	3.227
22	38	1.0193
22	39	4.619
22	40	4.2204
22	41	3.5129
22	42	3.4955
22	43	0.83299
22	44	2.4379
22	45	4.4326
22	46	4.3605
22	47	16.559
22	48	17.381
22	49	14.171
22	50	21.165
22	51	17.829
22	52	9.9492
22	53	10.222
22	54	3.9774
22	55	6.9569
22	56	2.5373
22	57	4.4378
22	58	2.8645
22	59	5.4686
22	60	2.9741
22	61	5.0247
22	62	6.3176
22	63	5.3838
22	64	10.29
22	65	11.296
22	66	7.9569
22	67	7.3211
22	68	6.4947
22	69	7.484
22	70	5.544
22	71	1.4675
22	72	1.8201
22	73	0.4351
22	74	3.5688
22	75	2.3647
22	76	2.8143
22	77	1.3732
22	78	1.4238
22	79	3.5534
23	24	213.31
23	25	35.243
23	26	18.102
23	27	15.318
23	28	22.366
23	29	19.368
23	30	16.772
23	31	8.2168
23	32	12.404
23	33	9.3793
23	34	9.8387
23	35	4.9424
23	36	9.4021
23	37	7.5264
23	38	7.0562
23	39	8.4055
23	40	9.1813
23	41	3.4755
23	42	4.8579
23	43	4.1411
23	44	3.6357
23	45	2.7444
23	46	7.079
23	47	13.324
23	48	14.947
23	49	11.041
23	50	10.351
23	51	19.316
23	52	12.797
23	53	13.376
23	54	7.4568
23	55	7.9443
23	56	7.6215
23	57	3.5576
23	58	7.2245
23	59	8.4639
23	60	4.9271
23	61	4.9935
23	62	7.6238
23	63	9.2443
23	64	7.9472
23	65	7.5854
23	66	7.3964
23	67	8.9371
23	68	10.208
23	69	6.6398
23	70	6.5043
23	71	5.8045
23	72	4.0615
23	73	3.0178
23	74	2.3535
23	75	3.2205
23	76	2.2292
23	77	2.3856
23	78	1.8858
23	79	3.5201
24	25	178.97
24	26	47.712
24	27	32.573
24	28	32.639
24	29	23.969
24	30	21.696
24	31	20.418
24	32	12.701
24	33	15.378
24	34	9.6939
24	35	13.92
24	36	9.6203
24	37	13.608
24	38	15.338
24	39	15.463
24	40	13.061
24	41	11.753
24	42	8.2072
24	43	9.7815
24	44	8.1727
24	45	9.7241
24	46	14.632
24	47	17.975
24	48	9.1016
24	49	5.6883
24	50	5.3361
24	51	21.437
24	52	8.4185
24	53	15.573
24	54	11.49
24	55	11.669
24	56	14.929
24	57	10.462
24	58	8.4696
24	59	5.876
24	60	11.649
24	61	5.266
24	62	5.8713
24	63	10.673
24	64	10.506
24	65	6.905
24	66	5.6408
24	67	4.37
24	68	3.9088
24	69	9.2398
24	70	4.346
24	71	8.9969
24	72	8.781
24	73	4.0111
24	74	4.3154
24	75	3.9693
24	76	6.1307
24	77	2.3086
24	78	3.5946
24	79	2.2293
25	26	275.02
25	27	75.319
25	28	55.105
25	29	20.819
25	30	15.118
25	31	21.697
25	32	22.163
25	33	18.87
25	34	18.452
25	35	26.228
25	36	21.049
25	37	8.8023
25	38	17.525
25	39	21.117
25	40	15.618
25	41	12.083
25	42	10.823
25	43	17.166
25	44	9.9288
25	45	16.622
25	46	14
25	47	10.557
25	48	3.0763
25	49	2.8576
25	50	2.8576
25	51	5.2874
25	52	2.8468
25	53	8.3826
25	54	14.073
25	55	11.017
25	56	15.164
25	57	10.631
25	58	6.1101
25	59	5.5617
25	60	7.2482
25	61	5.9324
25	62	2.7073
25	63	4.6248
25	64	11.712
25	65	5.9234
25	66	2.2765
25	67	3.7703
25	68	1.5942
25	69	6.4369
25	70	7.7598
25	71	11.355
25	72	7.8448
25	73	7.4954
25	74	3.4161
25	75	4.342
25	76	7.7608
25	77	5.6337
25	78	7.7976
25	79	10.675
26	27	206.91
26	28	96.013
26	29	19.717
26	30	13.891
26	31	24.03
26	32	34.354
26	33	31.749
26	34	16.947
26	35	24.786
26	36	12.885
26	37	14.262
26	38	18.609
26	39	17.871
26	40	13.714
26	41	10.293
26	42	15.295
26	43	9.149
26	44	16.694
26	45	19.585
26	46	14.602
26	47	11.826
26	48	3.648
26	49	1.2146
26	50	1.1339
26	51	8.7289
26	52	3.1381
26	53	10.831
26	54	10.871
26	55	12.396
26	56	8.8226
26	57	2.4771
26	58	2.0319
26	59	4.8619
26	60	8.1732
26	61	5.1773
26	62	3.5682
26	63	8.074
26	64	7.804
26	65	1.7829
26	66	1.914
26	67	2.1315
26	68	1.9467
26	69	5.384
26	70	6.0901
26	71	11.898
26	72	11.131
26	73	9.4591
26	74	5.3685
26	75	3.6158
26	76	5.34
26	77	4.6716
26	78	2.5827
26	79	4.7994
27	28	400.57
27	29	49.873
27	30	24.667
27	31	34.3
27	32	39.232
27	33	32.669
27	34	18.154
27	35	20.915
27	36	18.857
27	37	13.925
27	38	19.208
27	39	21.567
27	40	14.387
27	41	15.66
27	42	11.104
27	43	11.2
27	44	9.6616
27	45	10.107
27	46	13.076
27	47	9.8251
27	48	4.4439
27	49	3.1196
27	50	2.9256
27	51	5.078
27	52	3.4208
27	53	7.9523
27	54	8.6391
27	55	19.407
27	56	17.062
27	57	8.7065
27	58	10.582
27	59	7.3504
27	60	10.316
27	61	7.6805
27	62	3.1175
27	63	10.18
27	64	4.165
27	65	1.5534
27	66	5.7788
27	67	1.8289
27	68	5.7151
27	69	3.8506
27	70	5.9066
27	71	8.3236
27	72	7.7718
27	73	6.898
27	74	4.8301
27	75	6.5045
27	76	5.4873
27	77	6.7128
27	78	6.3826
27	79	8.621
28	29	160.29
28	30	56.689
28	31	51.666
28	32	43.383
28	33	39.252
28	34	35.036
28	35	24.104
28	36	19.895
28	37	15.596
28	38	22.773
28	39	22.965
28	40	15.214
28	41	14.542
28	42	10.469
28	43	24.947
28	44	12.901
28	45	15.119
28	46	10.892
28	47	14.733
28	48	4.5475
28	49	3.1999
28	50	0.9992
28	51	3.4608
28	52	6.9978
28	53	8.6929
28	54	10.483
28	55	22.263
28	56	12.67
28	57	8.8959
28	58	16.223
28	59	6.2694
28	60	11.777
28	61	9.4057
28	62	8.7663
28	63	4.8894
28	64	11.319
28	65	7.1507
28	66	5.0754
28	67	3.7501
28	68	3.5028
28	69	6.8773
28	70	8.6147
28	71	11.536
28	72	7.9528
28	73	5.9667
28	74	5.4293
28	75	3.3274
28	76	5.6109
28	77	8.1671
28	78	5.3569
28	79	9.9148
29	30	182.16
29	31	87.873
29	32	37.327
29	33	34.081
29	34	18.511
29	35	10.401
29	36	9.7438
29	37	22.649
29	38	11.385
29	39	10.001
29	40	10.034
29	41	5.9139
29	42	10.609
29	43	11.444
29	44	4.4085
29	45	9.1803
29	46	7.7392
29	47	7.7559
29	48	8.2188
29	49	10.472
29	50	6.3519
29	51	11.005
29	52	10.487
29	53	10.049
29	54	8.304
29	55	7.2027
29	56	6.4582
29	57	10.339
29	58	6.2844
29	59	10.142
29	60	6.8076
29	61	4.0808
29	62	12.445
29	63	6.0084
29	64	4.9461
29	65	5.9586
29	66	3.9008
29	67	7.5585
29	68	9.0865
29	69	4.8267
29	70	7.2315
29	71	8.464
29	72	2.3073
29	73	5.3449
29	74	4.2916
29	75	6.4116
29	76	5.6944
29	77	2.2442
29	78	1.0364
29	79	3.2139
30	31	192.29
30	32	69.453
30	33	47.143
30	34	19.314
30	35	15.271
30	36	13.166
30	37	17.803
30	38	7.9214
30	39	8.3065
30	40	10.588
30	41	6.6573
30	42	11.732
30	43	6.4981
30	44	7.3219
30	45	7.9562
30	46	7.8392
30	47	8.3646
30	48	12.706
30	49	5.116
30	50	5.2763
30	51	7.0652
30	52	7.3667
30	53	8.6167
30	54	7.6806
30	55	4.7971
30	56	6.9065
30	57	10.741
30	58	4.3582
30	59	10.812
30	60	4.7545
30	61	6.0215
30	62	8.0398
30	63	6.1597
30	64	6.8588
30	65	6.4689
30	66	2.8329
30	67	5.3773
30	68	4.468
30	69	4.9453
30	70	7.8542
30	71	5.2655
30	72	3.55
30	73	4.6907
30	74	4.7418
30	75	5.1296
30	76	4.0443
30	77	2.683
30	78	2.8575
30	79	4.268
31	32	176.16
31	33	64.664
31	34	29.136
31	35	22.503
31	36	17.993
31	37	21.125
31	38	15.593
31	39	17.682
31	40	12.913
31	41	10.309
31	42	13.401
31	43	12.139
31	44	7.946
31	45	7.6243
31	46	7.9079
31	47	9.8646
31	48	5.9351
31	49	1.9509
31	50	4.2697
31	51	5.2961
31	52	5.1265
31	53	6.4022
31	54	5.084
31	55	8.3906
31	56	9.7635
31	57	10.26
31	58	6.644
31	59	6.1404
31	60	6.8441
31	61	4.8122
31	62	5.8553
31	63	5.2516
31	64	8.74
31	65	3.397
31	66	5.6702
31	67	1.7114
31	68	3.9261
31	69	6.0301
31	70	6.8871
31	71	7.1113
31	72	5.2435
31	73	3.3363
31	74	4.5555
31	75	5.6719
31	76	2.158
31	77	3.965
31	78	3.2946
31	79	4.0872
32	33	214.18
32	34	85.935
32	35	38.641
32	36	25.956
32	37	25.751
32	38	25.669
32	39	18.265
32	40	19.393
32	41	18.229
32	42	16.626
32	43	19.814
32	44	9.959
32	45	22.146
32	46	10.025
32	47	10.363
32	48	7.6935
32	49	5.0546
32	50	1.1848
32	51	7.1943
32	52	3.3198
32	53	8.9681
32	54	8.5425
32	55	5.9051
32	56	15.12
32	57	7.9504
32	58	8.5823
32	59	2.9796
32	60	7.3754
32	61	6.5323
32	62	5.6816
32	63	6.5469
32	64	6.764
32	65	1.8852
32	66	2.0041
32	67	7.7654
32	68	2.7725
32	69	5.2629
32	70	3.5942
32	71	11.596
32	72	8.1284
32	73	6.4662
32	74	5.2972
32	75	7.482
32	76	4.182
32	77	2.0493
32	78	3.5474
32	79	3.9528
33	34	210.02
33	35	63.304
33	36	30.503
33	37	30.764
33	38	20.857
33	39	22.82
33	40	23.537
33	41	17.342
33	42	16.498
33	43	21.119
33	44	9.0465
33	45	10.129
33	46	13.517
33	47	7.0287
33	48	4.9793
33	49	2.2289
33	50	2.787
33	51	4.232
33	52	4.3938
33	53	10.144
33	54	10.816
33	55	10.42
33	56	11.112
33	57	8.5714
33	58	5.0488
33	59	7.4442
33	60	6.9396
33	61	5.4891
33	62	6.683
33	63	3.8514
33	64	7.9554
33	65	6.0992
33	66	5.8929
33	67	4.5675
33	68	4.0781
33	69	4.8151
33	70	5.1312
33	71	9.7966
33	72	4.3765
33	73	6.0794
33	74	6.917
33	75	7.2407
33	76	6.3875
33	77	5.7155
33	78	4.9965
33	79	8.5108
34	35	337.11
34	36	52.998
34	37	31.991
34	38	38.613
34	39	28.619
34	40	19.199
34	41	18.549
34	42	17.357
34	43	16.077
34	44	14.269
34	45	16.774
34	46	10.941
34	47	5.8969
34	48	6.3692
34	49	1.1539
34	50	6.5053
34	51	2.8403
34	52	3.0568
34	53	10.253
34	54	8.5366
34	55	6.8313
34	56	13.966
34	57	6.1148
34	58	9.8673
34	59	2.7486
34	60	6.8413
34	61	5.1964
34	62	3.489
34	63	4.7257
34	64	9.4248
34	65	0.86749
34	66	0.918
34	67	1.0142
34	68	4.4868
34	69	1.6302
34	70	3.3452
34	71	12.801
34	72	15.694
34	73	4.8014
34	74	7.1093
34	75	6.5351
34	76	5.4348
34	77	5.2146
34	78	5.9009
34	79	6.1098
35	36	200.15
35	37	43.299
35	38	58.636
35	39	39.799
35	40	23.135
35	41	20.646
35	42	18.788
35	43	13.089
35	44	13.498
35	45	14.845
35	46	12.517
35	47	8.8801
35	48	3.7606
35	49	2.2809
35	50	0.71561
35	51	3.1435
35	52	4.5703
35	53	6.8803
35	54	9.8372
35	55	13.638
35	56	11.613
35	57	7.3264
35	58	9.1378
35	59	6.8876
35	60	11.019
35	61	4.6449
35	62	1.7389
35	63	6.3362
35	64	9.4515
35	65	4.6089
35	66	0.6071
35	67	1.3386
35	68	1.2835
35	69	1.4608
35	70	2.9015
35	71	7.7176
35	72	10.153
35	73	7.2772
35	74	7.0075
35	75	5.2389
35	76	9.4231
35	77	7.0352
35	78	9.2945
35	79	12.334
36	37	184.36
36	38	114.92
36	39	51.915
36	40	28.227
36	41	21.017
36	42	19.256
36	43	13.88
36	44	13.183
36	45	9.6937
36	46	11.923
36	47	11.115
36	48	1.698
36	49	2.7492
36	50	2.7492
36	51	3.4089
36	52	5.5044
36	53	7.3674
36	54	5.1657
36	55	11.513
36	56	11.543
36	57	6.6163
36	58	5.9064
36	59	4.9644
36	60	8.6875
36	61	2.6182
36	62	3.1415
36	63	4.0811
36	64	4.7442
36	65	2.6021
36	66	2.7428
36	67	1.2099
36	68	1.1586
36	69	3.949
36	70	4.0602
36	71	6.9441
36	72	10.642
36	73	5.817
36	74	5.3055
36	75	4.705
36	76	5.1756
36	77	6.3126
36	78	7.1404
36	79	9.6147
37	38	188.58
37	39	38.155
37	40	20.027
37	41	19.946
37	42	22.661
37	43	12.784
37	44	13.211
37	45	9.9601
37	46	11.049
37	47	8.7203
37	48	9.8691
37	49	3.894
37	50	6.5645
37	51	5.6651
37	52	8.6248
37	53	6.6919
37	54	10.339
37	55	7.2448
37	56	11.589
37	57	6.4893
37	58	11.899
37	59	4.9823
37	60	8.0449
37	61	3.9657
37	62	5.2158
37	63	4.4155
37	64	7.2264
37	65	7.4966
37	66	4.3042
37	67	4.3042
37	68	4.6414
37	69	7.787
37	70	4.6452
37	71	6.5738
37	72	2.4538
37	73	6.6396
37	74	6.7472
37	75	6.8873
37	76	5.5514
37	77	7.7212
37	78	4.2718
37	79	3.993
38	39	293.86
38	40	57.994
38	41	31.449
38	42	29.75
38	43	16.262
38	44	18.086
38	45	15.994
38	46	15.552
38	47	13.136
38	48	5.6032
38	49	2.7879
38	50	3.9372
38	51	5.1927
38	52	3.7265
38	53	5.5287
38	54	9.0337
38	55	6.6833
38	56	9.6022
38	57	8.9701
38	58	13.182
38	59	4.6347
38	60	5.0588
38	61	4.2656
38	62	2.6596
38	63	5.4024
38	64	6.7581
38	65	5.2849
38	66	2.2266
38	67	0.61341
38	68	2.3556
38	69	4.0248
38	70	3.2576
38	71	11.68
38	72	10.879
38	73	9.2835
38	74	7.4538
38	75	4.3038
38	76	5.7706
38	77	4.9921
38	78	12.192
38	79	10.582
39	40	208.52
39	41	65.294
39	42	34.115
39	43	30.973
39	44	24.953
39	45	24.068
39	46	25.496
39	47	17.157
39	48	7.2574
39	49	5.3751
39	50	1.0095
39	51	8.8024
39	52	9.9611
39	53	10.129
39	54	11.357
39	55	17.707
39	56	24.272
39	57	9.0846
39	58	9.1502
39	59	7.0486
39	60	7.6431
39	61	4.8315
39	62	3.245
39	63	3.7669
39	64	7.2701
39	65	8.0758
39	66	4.2778
39	67	5.6742
39	68	3.5791
39	69	5.5625
39	70	1.78
39	71	7.5223
39	72	12.299
39	73	11.186
39	74	8.6633
39	75	5.7226
39	76	8.6853
39	77	9.3056
39	78	11.659
39	79	6.8188
40	41	216.48
40	42	63.594
40	43	42.197
40	44	27.431
40	45	23.799
40	46	18.764
40	47	18.77
40	48	3.9241
40	49	1.7336
40	50	7.0731
40	51	5.261
40	52	8.8728
40	53	12.429
40	54	13.098
40	55	15.264
40	56	11.519
40	57	9.3058
40	58	15.922
40	59	9.0741
40	60	8.7287
40	61	5.301
40	62	5.7322
40	63	7.2304
40	64	7.2148
40	65	4.3779
40	66	2.3054
40	67	3.0487
40	68	3.9006
40	69	3.8885
40	70	4.9058
40	71	12.45
40	72	10.304
40	73	12
40	74	8.1405
40	75	9.2203
40	76	9.9616
40	77	9.2453
40	78	8.4182
40	79	11.922
41	42	222.89
41	43	50.382
41	44	43.929
41	45	29.742
41	46	22.524
41	47	12.488
41	48	4.4598
41	49	2.4006
41	50	6.7822
41	51	4.6418
41	52	9.6383
41	53	4.0875
41	54	10.813
41	55	15.364
41	56	25.733
41	57	15.455
41	58	12.391
41	59	4.8395
41	60	12.114
41	61	7.3575
41	62	3.6675
41	63	6.2121
41	64	8.879
41	65	4.252
41	66	2.5576
41	67	0.70466
41	68	3.6119
41	69	3.8565
41	70	4.7649
41	71	14.854
41	72	11.148
41	73	7.6765
41	74	9.7286
41	75	6.6862
41	76	4.9692
41	77	10.778
41	78	11.645
41	79	8.6729
42	43	198.38
42	44	60.442
42	45	48.439
42	46	38.014
42	47	19.354
42	48	8.9744
42	49	1.9512
42	50	6.4174
42	51	13.614
42	52	5.817
42	53	15.188
42	54	10.847
42	55	23.13
42	56	10.347
42	57	9.3179
42	58	8.3475
42	59	12.218
42	60	9.2678
42	61	6.598
42	62	9.5931
42	63	4.5714
42	64	17.291
42	65	3.6684
42	66	5.4335
42	67	4.2862
42	68	3.7951
42	69	5.5208
42	70	12.956
42	71	9.7095
42	72	6.3893
42	73	9.1574
42	74	10.199
42	75	9.3483
42	76	13.166
42	77	6.4367
42	78	4.4536
42	79	7.2589
43	44	221.77
43	45	76.016
43	46	42.495
43	47	16.381
43	48	7.1707
43	49	2.346
43	50	3.3027
43	51	13.411
43	52	9.2833
43	53	11.625
43	54	15.374
43	55	20.67
43	56	15.867
43	57	8.651
43	58	5.9923
43	59	11.122
43	60	7.5915
43	61	4.3659
43	62	7.9438
43	63	11.572
43	64	12.65
43	65	5.2705
43	66	3.727
43	67	2.0611
43	68	4.5327
43	69	6.0239
43	70	7.7005
43	71	16.967
43	72	11.404
43	73	9.0781
43	74	7.166
43	75	7.0061
43	76	4.6973
43	77	8.1422
43	78	5.3035
43	79	4.9271
44	45	354.37
44	46	67.802
44	47	34.813
44	48	5.7698
44	49	6.8413
44	50	2.4084
44	51	8.3925
44	52	3.9583
44	53	11.811
44	54	14.389
44	55	25.101
44	56	8.9871
44	57	11.713
44	58	23.271
44	59	6.6057
44	60	9.5914
44	61	8.3003
44	62	7.732
44	63	9.4581
44	64	8.07
44	65	7.0597
44	66	2.7216
44	67	0.75251
44	68	1.4212
44	69	5.6103
44	70	5.6341
44	71	9.4216
44	72	8.7972
44	73	8.8497
44	74	8.8673
44	75	5.129
44	76	6.8679
44	77	7.3516
44	78	5.8127
44	79	6.2872
45	46	256.96
45	47	46.841
45	48	8.9735
45	49	4.6057
45	50	4.3274
45	51	12.609
45	52	4.0761
45	53	15.852
45	54	23.293
45	55	25.405
45	56	23.213
45	57	20.361
45	58	11.787
45	59	11.038
45	60	12.824
45	61	13.313
45	62	10.461
45	63	9.928
45	64	17.768
45	65	3.4694
45	66	6.7272
45	67	4.7277
45	68	1.2837
45	69	7.6395
45	70	10.582
45	71	14.453
45	72	13.502
45	73	12.488
45	74	10.649
45	75	5.498
45	76	7.8232
45	77	9.8985
45	78	7.5198
45	79	9.8265
46	47	193.87
46	48	10.819
46	49	9.8967
46	50	5.6896
46	51	16.767
46	52	13.523
46	53	20.634
46	54	28.724
46	55	25.602
46	56	23.463
46	57	12.905
46	58	7.5582
46	59	11.194
46	60	12.817
46	61	8.3235
46	62	9.1866
46	63	8.4327
46	64	13.612
46	65	8.2971
46	66	5.6932
46	67	1.4497
46	68	4.6071
46	69	8.3598
46	70	8.9716
46	71	17.847
46	72	14.191
46	73	12.992
46	74	6.8429
46	75	5.6943
46	76	5.9772
46	77	4.3301
46	78	5.0419
46	79	8.2421
47	48	114.22
47	49	42.695
47	50	40.032
47	51	55.17
47	52	38.051
47	53	37.786
47	54	26.831
47	55	16.019
47	56	18.206
47	57	20.741
47	58	28.484
47	59	14.777
47	60	16.853
47	61	16.289
47	62	17.124
47	63	22.331
47	64	24.431
47	65	15.92
47	66	14.508
47	67	10.715
47	68	15.046
47	69	15.827
47	70	13.249
47	71	14.776
47	72	8.1082
47	73	3.4885
47	74	3.8802
47	75	3.1634
47	76	8.0149
47	77	5.8171
47	78	7.1961
47	79	7.8839
48	49	171.14
48	50	130.6
48	51	116.47
48	52	59.862
48	53	27.482
48	54	13.222
48	55	7.8472
48	56	11.177
48	57	17.236
48	58	11.638
48	59	15.282
48	60	6.3913
48	61	17.294
48	62	21.423
48	63	9.6898
48	64	13.771
48	65	16.884
48	66	20.02
48	67	28.433
48	68	19.542
48	69	16.476
48	70	14.014
48	71	5.3753
48	72	3.4826
48	73	2.5869
48	74	1.3405
48	75	2.503
48	76	4.7665
48	77	1.169
48	78	2.0204
48	79	2.2628
49	50	277.34
49	51	120.84
49	52	53.095
49	53	16.319
49	54	4.9239
49	55	2.8694
49	56	3.6788
49	57	2.5852
49	58	6.4795
49	59	11.543
49	60	2.792
49	61	19.495
49	62	17.861
49	63	8.2923
49	64	4.808
49	65	14.154
49	66	23.627
49	67	39.216
49	68	22.333
49	69	10.442
49	70	12.293
49	71	1.3355
49	72	1.2514
49	73	1.7965
49	74	3.7941
49	75	0.81151
49	76	1.541
49	77	0.94418
49	78	0.6512
49	79	3.6374
50	51	175.73
50	52	73.482
50	53	26.346
50	54	7.5221
50	55	8.0474
50	56	3.44
50	57	3.626
50	58	12.066
50	59	10.81
50	60	1.9659
50	61	14.132
50	62	14.912
50	63	11.022
50	64	4.5087
50	65	24.629
50	66	31.514
50	67	29.971
50	68	24.68
50	69	12.908
50	70	9.3534
50	71	2.5154
50	72	2.3576
50	73	0.56379
50	74	4.5959
50	75	2.6766
50	76	2.1778
50	77	3.1148
50	78	0.61428
50	79	2.284
51	52	223.37
51	53	64.514
51	54	23.272
51	55	28.864
51	56	17.763
51	57	31.187
51	58	23.907
51	59	26.827
51	60	14.832
51	61	26.011
51	62	24.727
51	63	21.973
51	64	24.826
51	65	22.467
51	66	24.168
51	67	26.04
51	68	27.198
51	69	20.279
51	70	16.463
51	71	8.8548
51	72	3.1109
51	73	1.4858
51	74	4.9449
51	75	1.6831
51	76	3.1955
51	77	1.9601
51	78	1.0844
51	79	3.0177
52	53	146.23
52	54	45.714
52	55	19.665
52	56	9.6017
52	57	22.733
52	58	24.942
52	59	24.012
52	60	7.8231
52	61	21.58
52	62	28.488
52	63	20.462
52	64	12.702
52	65	25.422
52	66	24.104
52	67	22.516
52	68	19.752
52	69	20.714
52	70	22.114
52	71	9.3845
52	72	2.0918
52	73	5.1942
52	74	3.625
52	75	4.3371
52	76	1.031
52	77	2.5295
52	78	1.7491
52	79	2.4419
53	54	286.43
53	55	93.789
53	56	43.3
53	57	44.82
53	58	44.534
53	59	24.41
53	60	21.531
53	61	29.18
53	62	22.604
53	63	25.401
53	64	27.36
53	65	18.563
53	66	13.989
53	67	11.457
53	68	11.519
53	69	15.861
53	70	18.792
53	71	17.445
53	72	6.3769
53	73	5.4081
53	74	3.6938
53	75	7.1316
53	76	7.437
53	77	6.1649
53	78	5.9421
53	79	7.5912
54	55	256
54	56	74.757
54	57	30.757
54	58	26.371
54	59	26.096
54	60	27.1
54	61	14.373
54	62	18.183
54	63	21.68
54	64	17.674
54	65	10.194
54	66	7.3471
54	67	4.8679
54	68	9.2498
54	69	12.512
54	70	13.318
54	71	16.259
54	72	12.117
54	73	6.1117
54	74	8.5022
54	75	7.6603
54	76	8.3249
54	77	5.3392
54	78	5.9789
54	79	3.9352
55	56	360.78
55	57	93.006
55	58	79.165
55	59	35.122
55	60	33.744
55	61	21.834
55	62	23.393
55	63	25.141
55	64	29.835
55	65	6.3784
55	66	6.8205
55	67	5.0512
55	68	14.797
55	69	20.847
55	70	17.095
55	71	22.445
55	72	12.037
55	73	12.928
55	74	7.8366
55	75	9.3243
55	76	7.4254
55	77	5.7005
55	78	3.1584
55	79	13.061
56	57	361.2
56	58	169.33
56	59	53.447
56	60	57.893
56	61	26.615
56	62	20.434
56	63	21.801
56	64	33.446
56	65	13.626
56	66	2.9142
56	67	4.8581
56	68	8.983
56	69	9.1657
56	70	18.92
56	71	27.627
56	72	21.092
56	73	10.997
56	74	10.832
56	75	5.0048
56	76	7.1011
56	77	3.6274
56	78	8.0286
56	79	7.3996
57	58	359.78
57	59	116.08
57	60	42.761
57	61	29.852
57	62	31.568
57	63	27.647
57	64	20.163
57	65	23.903
57	66	11.25
57	67	11.367
57	68	10.493
57	69	14.004
57	70	15.277
57	71	17.206
57	72	12.079
57	73	4.4907
57	74	7.5814
57	75	4.3717
57	76	4.142
57	77	4.5667
57	78	4.2098
57	79	1.298
58	59	199.15
58	60	76.271
58	61	42.228
58	62	45.534
58	63	32.94
58	64	32.494
58	65	12.595
58	66	13.593
58	67	13.286
58	68	9.1336
58	69	15.991
58	70	13.873
58	71	11.49
58	72	8.6301
58	73	5.155
58	74	8.4192
58	75	4.9178
58	76	10.637
58	77	8.9782
58	78	5.6427
58	79	14.565
59	60	175.41
59	61	49.301
59	62	39.717
59	63	32.705
59	64	22.868
59	65	24.068
59	66	14.831
59	67	10.761
59	68	13.705
59	69	13.765
59	70	14.884
59	71	15.358
59	72	7.9137
59	73	6.8486
59	74	4.5883
59	75	4.8933
59	76	4.6548
59	77	4.2651
59	78	5.499
59	79	2.936
60	61	149.25
60	62	39.424
60	63	47.016
60	64	64.227
60	65	12.543
60	66	7.7577
60	67	7.3521
60	68	8.8584
60	69	14.996
60	70	12.609
60	71	22.259
60	72	15.857
60	73	9.7349
60	74	11.821
60	75	4.1684
60	76	11.661
60	77	7.1332
60	78	9.8733
60	79	3.679
61	62	333.59
61	63	126.67
61	64	72.746
61	65	34.445
61	66	28.83
61	67	23.337
61	68	17.558
61	69	15.673
61	70	28.282
61	71	9.2152
61	72	10.046
61	73	6.8483
61	74	7.8976
61	75	8.0801
61	76	8.8605
61	77	4.3427
61	78	3.0078
61	79	10.241
62	63	282.44
62	64	63.826
62	65	52.348
62	66	39.227
62	67	31.335
62	68	20.034
62	69	26.584
62	70	20.6
62	71	11.735
62	72	2.8665
62	73	8.2165
62	74	8.7019
62	75	6.2041
62	76	4.7125
62	77	6.5006
62	78	3.4958
62	79	5.5629
63	64	294.82
63	65	66.106
63	66	31.249
63	67	21.837
63	68	22.814
63	69	34.399
63	70	22.042
63	71	15.961
63	72	12.3
63	73	10.317
63	74	6.1549
63	75	3.8741
63	76	8.2854
63	77	5.3567
63	78	4.295
63	79	6.5304
64	65	243.84
64	66	56.131
64	67	16.941
64	68	30.132
64	69	44.208
64	70	35.582
64	71	26.876
64	72	11.291
64	73	9.9466
64	74	7.5494
64	75	8.5024
64	76	9.6539
64	77	9.8745
64	78	9.1244
64	79	13.424
65	66	169.69
65	67	74.38
65	68	63.37
65	69	47.043
65	70	27.609
65	71	17.742
65	72	4.2719
65	73	5.441
65	74	6.9928
65	75	4.6149
65	76	5.2641
65	77	5.3802
65	78	3.4715
65	79	5.5364
66	67	198.65
66	68	108.32
66	69	54.595
66	70	27.922
66	71	8.0034
66	72	4.9962
66	73	6.2106
66	74	3.895
66	75	4.2071
66	76	4.3074
66	77	2.6398
66	78	3.124
66	79	5.8251
67	68	282.12
67	69	106.61
67	70	39.067
67	71	13.522
67	72	3.855
67	73	6.8473
67	74	3.3374
67	75	2.8519
67	76	4.0679
67	77	2.9087
67	78	1.1471
67	79	5.3502
68	69	199.26
68	70	47.15
68	71	18.466
68	72	4.9353
68	73	6.3918
68	74	5.1966
68	75	4.1121
68	76	2.608
68	77	3.9987
68	78	2.9526
68	79	6.1815
69	70	163.26
69	71	43.159
69	72	9.0162
69	73	14.916
69	74	8.6242
69	75	10.539
69	76	6.6837
69	77	5.2272
69	78	5.0369
69	79	9.3764
70	71	147.03
70	72	20.911
70	73	17.699
70	74	14.074
70	75	16.181
70	76	13.101
70	77	7.2001
70	78	6.091
70	79	8.263
71	72	192.33
71	73	43.835
71	74	33.171
71	75	21.138
71	76	25.381
71	77	14.642
71	78	14.803
71	79	17.4
72	73	169.02
72	74	45.657
72	75	28.635
72	76	27.868
72	77	28.433
72	78	25.571
72	79	18.879
73	74	269.77
73	75	72.054
73	76	47.59
73	77	33.516
73	78	21.782
73	79	26.48
74	75	196.82
74	76	75.62
74	77	44.733
74	78	26.196
74	79	22.399
75	76	134.87
75	77	54.899
75	78	19.256
75	79	19.845
76	77	252.29
76	78	61.685
76	79	34.262
77	78	172.47
77	79	43.259
78	79	310.69
