1	2	196.38
1	3	156.79
1	4	53.797
1	5	37.976
1	6	30.365
1	7	44.246
1	8	33.599
1	9	28.85
1	10	20.702
1	11	14.942
1	12	16.428
1	13	19.383
1	14	27.956
1	15	22.39
1	16	22.39
1	17	23.513
1	18	23.448
1	19	12.809
1	20	19.668
1	21	11.605
1	22	9.1363
1	23	11.54
1	24	9.6967
1	25	16.983
1	26	1.2674
1	27	8.7641
1	28	12.537
1	29	13.406
1	30	5.801
1	31	11.139
1	32	11.247
1	33	10.889
1	34	7.4494
1	35	11.303
1	36	5.6757
1	37	7.5554
1	38	6.4354
1	39	9.8148
1	40	11.035
1	41	11.543
1	42	8.3036
1	43	5.1717
1	44	7.6813
1	45	6.8554
1	46	2.6026
1	47	11.704
1	48	9.2811
1	49	7.4819
1	50	8.7438
1	51	7.4108
1	52	9.3171
1	53	6.0958
1	54	4.3797
1	55	6.1369
1	56	9.2767
1	57	6.4834
1	58	11.14
1	59	9.9717
1	60	3.5221
1	61	8.4561
1	62	3.7671
1	63	5.244
1	64	6.5005
1	65	3.1285
1	66	8.5861
1	67	4.4416
1	68	4.5826
1	69	7.2349
1	70	2.2977
1	71	10.755
1	72	5.5808
1	73	8.5423
1	74	4.3954
1	75	7.9581
1	76	23.503
1	77	33.089
2	3	194.77
2	4	39.907
2	5	39.865
2	6	48.391
2	7	38.987
2	8	47.676
2	9	30.979
2	10	7.3227
2	11	21.518
2	12	16.57
2	13	12.361
2	14	21.79
2	15	27.737
2	16	27.737
2	17	12.597
2	18	22.067
2	19	17.44
2	20	7.0722
2	21	13.761
2	22	8.1776
2	23	8.7877
2	24	19.184
2	25	19.628
2	26	24.961
2	27	14.342
2	28	7.3154
2	29	10.569
2	30	13.848
2	31	8.3276
2	32	10.214
2	33	6.7702
2	34	7.7718
2	35	11.28
2	36	15.446
2	37	11.388
2	38	8.9853
2	39	16.462
2	40	9.7969
2	41	10.03
2	42	6.2522
2	43	4.1956
2	44	4.8118
2	45	2.0309
2	46	5.4641
2	47	9.0838
2	48	4.5824
2	49	9.9432
2	50	7.7427
2	51	7.944
2	52	2.7399
2	53	5.6765
2	54	4.6094
2	55	4.5126
2	56	4.5421
2	57	7.044
2	58	6.7802
2	59	4.3919
2	60	6.02
2	61	4.6026
2	62	6.8447
2	63	11.488
2	64	8.4599
2	65	5.7141
2	66	4.6356
2	67	7.6083
2	68	9.9635
2	69	17.478
2	70	9.8081
2	71	6.6322
2	72	5.8622
2	73	8.3286
2	74	12.603
2	75	13.663
2	76	9.5086
2	77	6.8255
3	4	293.68
3	5	90.576
3	6	67.112
3	7	43.301
3	8	39.654
3	9	40.693
3	10	41.97
3	11	21.88
3	12	26.632
3	13	26.539
3	14	34.17
3	15	20.677
3	16	20.677
3	17	26.624
3	18	27.826
3	19	18.596
3	20	16.596
3	21	13.158
3	22	16.498
3	23	19.642
3	24	14.166
3	25	14.588
3	26	15.98
3	27	10.055
3	28	7.7522
3	29	15.274
3	30	15.911
3	31	11.748
3	32	9.99
3	33	15.229
3	34	6.9102
3	35	10.929
3	36	5.4231
3	37	7.6191
3	38	8.435
3	39	6.1377
3	40	11.496
3	41	11.498
3	42	12.078
3	43	9.6948
3	44	9.2209
3	45	4.9397
3	46	3.667
3	47	13.927
3	48	5.6939
3	49	9.5446
3	50	5.4637
3	51	9.4883
3	52	6.7685
3	53	7.7851
3	54	5.6492
3	55	3.4604
3	56	4.0433
3	57	12.382
3	58	8.1216
3	59	10.326
3	60	10.422
3	61	12.12
3	62	5.7613
3	63	7.5175
3	64	4.4445
3	65	6.001
3	66	6.1127
3	67	6.0611
3	68	10.473
3	69	4.1197
3	70	7.8341
3	71	5.702
3	72	4.0085
3	73	5.7627
3	74	8.5285
3	75	7.369
3	76	8.3386
3	77	14.816
4	5	269.64
4	6	119.62
4	7	57.83
4	8	39.796
4	9	36.721
4	10	30.686
4	11	29.289
4	12	29.971
4	13	23.792
4	14	27.653
4	15	16.712
4	16	16.712
4	17	37.495
4	18	23.688
4	19	19.505
4	20	16.238
4	21	14.961
4	22	11.141
4	23	12.793
4	24	13.73
4	25	7.7712
4	26	6.956
4	27	4.0117
4	28	15.592
4	29	13.886
4	30	12.729
4	31	10.19
4	32	8.79
4	33	10.526
4	34	6.3941
4	35	4.7712
4	36	8.6601
4	37	4.3319
4	38	6.7365
4	39	8.9886
4	40	6.4301
4	41	13.849
4	42	10.828
4	43	14.139
4	44	7.4679
4	45	8.9152
4	46	7.7108
4	47	10.118
4	48	5.876
4	49	4.5706
4	50	4.3681
4	51	9.3108
4	52	16.266
4	53	4.1758
4	54	12.551
4	55	5.5954
4	56	10.424
4	57	6.9244
4	58	5.0844
4	59	8.3355
4	60	6.4399
4	61	1.9354
4	62	9.1978
4	63	4.7983
4	64	3.5609
4	65	6.6918
4	66	7.8407
4	67	3.2457
4	68	1.0472
4	69	7.4391
4	70	2.0993
4	71	10.956
4	72	3.2395
4	73	10.376
4	74	2.2928
4	75	3.4125
4	76	8.8614
4	77	12.049
5	6	218.47
5	7	86.697
5	8	42.468
5	9	37.23
5	10	48.082
5	11	26.982
5	12	31.561
5	13	18.919
5	14	22.798
5	15	19.045
5	16	19.045
5	17	27.969
5	18	20.891
5	19	11.465
5	20	16.084
5	21	5.8032
5	22	11.612
5	23	7.8148
5	24	11.877
5	25	6.1287
5	26	8.5743
5	27	6.3385
5	28	13.001
5	29	11.936
5	30	11.144
5	31	9.0206
5	32	10.612
5	33	15.081
5	34	4.9023
5	35	3.3319
5	36	3.6431
5	37	3.6558
5	38	6.1857
5	39	3.4286
5	40	5.7812
5	41	8.9119
5	42	12.264
5	43	8.5733
5	44	5.2559
5	45	10.453
5	46	7.9258
5	47	8.6798
5	48	3.3923
5	49	7.9972
5	50	7.6202
5	51	9.6988
5	52	3.2393
5	53	3.6068
5	54	8.8125
5	55	5.7542
5	56	4.044
5	57	5.194
5	58	2.2617
5	59	3.1311
5	60	6.0189
5	61	5.0874
5	62	4.8408
5	63	5.0727
5	64	4.9937
5	65	2.018
5	66	4.1091
5	67	5.9132
5	68	4.4086
5	69	4.3093
5	70	2.1797
5	71	8.2901
5	72	3.329
5	73	4.7847
5	74	2.3644
5	75	1.7447
5	76	6.3825
5	77	9.1772
6	7	251.06
6	8	81.357
6	9	70.984
6	10	41.767
6	11	30.977
6	12	33.016
6	13	17.213
6	14	23.468
6	15	24.082
6	16	24.082
6	17	23.575
6	18	13.873
6	19	13.693
6	20	9.3041
6	21	10.85
6	22	12.171
6	23	13.147
6	24	10.63
6	25	14.245
6	26	14.521
6	27	9.5655
6	28	10.644
6	29	11.328
6	30	10.117
6	31	11.45
6	32	4.2601
6	33	8.8866
6	34	8.9048
6	35	9.8861
6	36	9.5177
6	37	3.8077
6	38	8.6146
6	39	7.1639
6	40	10.071
6	41	7.1919
6	42	8.2157
6	43	7.1674
6	44	7.398
6	45	6.4114
6	46	3.002
6	47	6.0941
6	48	6.6395
6	49	6.1213
6	50	4.7783
6	51	11.106
6	52	5.0908
6	53	6.57
6	54	2.8906
6	55	5.26
6	56	3.7816
6	57	6.5159
6	58	5.2863
6	59	4.9498
6	60	6.549
6	61	4.9628
6	62	5.9011
6	63	6.1869
6	64	4.3681
6	65	4.9097
6	66	2.1565
6	67	5.3226
6	68	3.8489
6	69	3.0139
6	70	3.5611
6	71	6.6655
6	72	5.0124
6	73	7.8626
6	74	4.1464
6	75	4.9136
6	76	6.386
6	77	8.6325
7	8	175.95
7	9	107.12
7	10	44.325
7	11	31.958
7	12	25.588
7	13	24.668
7	14	28.516
7	15	29.776
7	16	29.776
7	17	14.43
7	18	19.135
7	19	19.747
7	20	9.9913
7	21	15.03
7	22	14.321
7	23	10.77
7	24	16.631
7	25	15.677
7	26	14.584
7	27	15.29
7	28	13.978
7	29	9.5067
7	30	11.419
7	31	7.0172
7	32	6.5508
7	33	5.2174
7	34	6.0462
7	35	9.2606
7	36	10.866
7	37	8.5347
7	38	6.7829
7	39	10.239
7	40	4.934
7	41	7.0727
7	42	9.6563
7	43	6.9982
7	44	8.3171
7	45	2.7788
7	46	4.763
7	47	5.5145
7	48	5.2488
7	49	6.1351
7	50	7.8129
7	51	7.5746
7	52	7.6282
7	53	4.3529
7	54	9.166
7	55	3.4944
7	56	4.0736
7	57	8.8619
7	58	2.5988
7	59	6.771
7	60	8.0541
7	61	8.6738
7	62	6.1843
7	63	11.855
7	64	6.4
7	65	7.712
7	66	2.6383
7	67	5.8086
7	68	11.282
7	69	6.6568
7	70	7.5055
7	71	7.2013
7	72	5.3642
7	73	6.9386
7	74	8.1812
7	75	6.0794
7	76	7.4364
7	77	13.391
8	9	214.56
8	10	50.743
8	11	34.671
8	12	35.472
8	13	19.321
8	14	32.723
8	15	37.314
8	16	37.314
8	17	26.944
8	18	19.928
8	19	8.1509
8	20	10.341
8	21	16.168
8	22	14.528
8	23	11.964
8	24	10.754
8	25	12.144
8	26	15.463
8	27	13.363
8	28	7.8373
8	29	10.917
8	30	12.393
8	31	4.5762
8	32	7.3663
8	33	6.3602
8	34	9.3728
8	35	12.607
8	36	15.871
8	37	12.234
8	38	9.8155
8	39	8.8446
8	40	3.06
8	41	7.1612
8	42	5.4382
8	43	4.3926
8	44	7.0458
8	45	1.8717
8	46	6.9629
8	47	4.7063
8	48	3.8146
8	49	8.8732
8	50	7.2741
8	51	4.9513
8	52	7.7577
8	53	5.8193
8	54	5.2607
8	55	4.6908
8	56	3.8162
8	57	5.7682
8	58	4.2556
8	59	5.7146
8	60	4.8404
8	61	10.478
8	62	5.7448
8	63	7.9968
8	64	7.9388
8	65	4.7683
8	66	2.458
8	67	8.1384
8	68	9.6152
8	69	4.8318
8	70	5.8485
8	71	3.8682
8	72	5.4273
8	73	4.7881
8	74	9.5908
8	75	6.4386
8	76	5.6945
8	77	2.5295
9	10	212.68
9	11	84.549
9	12	64.369
9	13	29.364
9	14	41.083
9	15	43.328
9	16	43.328
9	17	30.08
9	18	24.288
9	19	18.7
9	20	14.297
9	21	12.715
9	22	11.675
9	23	7.9252
9	24	10.083
9	25	8.7703
9	26	11.252
9	27	6.9531
9	28	12.403
9	29	13.13
9	30	8.8584
9	31	10.925
9	32	11.357
9	33	10.297
9	34	7.0795
9	35	8.3111
9	36	6.6115
9	37	5.3849
9	38	5.2619
9	39	11.35
9	40	7.0196
9	41	7.3889
9	42	8.785
9	43	9.2886
9	44	10.591
9	45	8.8843
9	46	5.8756
9	47	7.1405
9	48	7.31
9	49	5.2836
9	50	9.6168
9	51	8.887
9	52	5.4036
9	53	5.8646
9	54	4.4347
9	55	5.9353
9	56	7.7914
9	57	7.5578
9	58	7.1437
9	59	5.3435
9	60	4.9618
9	61	4.7016
9	62	7.9729
9	63	6.6472
9	64	4.9643
9	65	2.6429
9	66	5.4744
9	67	5.6828
9	68	6.5551
9	69	1.1556
9	70	4.4161
9	71	2.4493
9	72	4.5791
9	73	5.1509
9	74	4.8453
9	75	6.053
9	76	8.5396
9	77	15.038
10	11	216.8
10	12	101.37
10	13	73.707
10	14	50.404
10	15	11.256
10	16	11.256
10	17	59.55
10	18	25.159
10	19	18.38
10	20	24.34
10	21	11.333
10	22	14.759
10	23	12.162
10	24	6.5162
10	25	7.8406
10	26	9.3587
10	27	4.0469
10	28	12.603
10	29	14.02
10	30	9.6361
10	31	6.328
10	32	19.245
10	33	14.764
10	34	4.4409
10	35	4.8157
10	36	5.2421
10	37	5.2397
10	38	5.096
10	39	2.4726
10	40	2.7796
10	41	7.9899
10	42	9.2971
10	43	6.8798
10	44	9.9054
10	45	9.4633
10	46	14.985
10	47	10.788
10	48	6.5896
10	49	2.3047
10	50	2.9372
10	51	5.9825
10	52	7.8184
10	53	9.137
10	54	13.259
10	55	6.219
10	56	6.5805
10	57	5.9879
10	58	3.6686
10	59	11.484
10	60	3.9006
10	61	0.97631
10	62	4.639
10	63	3.6307
10	64	3.5962
10	65	4.819
10	66	1.9796
10	67	2.458
10	68	3.1709
10	69	2.5031
10	70	5.6524
10	71	4.6618
10	72	5.143
10	73	4.1945
10	74	7.5252
10	75	1.7243
10	76	11.597
10	77	15.225
11	12	241.65
11	13	79.623
11	14	38.509
11	15	18.107
11	16	18.107
11	17	24.281
11	18	25.541
11	19	14.684
11	20	15.003
11	21	13.315
11	22	14.315
11	23	7.7841
11	24	8.2327
11	25	6.8248
11	26	8.8734
11	27	3.8347
11	28	9.4168
11	29	6.8296
11	30	6.7938
11	31	6.0267
11	32	4.2795
11	33	7.1987
11	34	5.4667
11	35	11.214
11	36	7.736
11	37	4.9436
11	38	8.5954
11	39	5.2138
11	40	4.6909
11	41	8.0705
11	42	8.0817
11	43	8.8928
11	44	10.053
11	45	5.842
11	46	9.2759
11	47	6.2046
11	48	4.2003
11	49	4.3669
11	50	6.5085
11	51	4.9071
11	52	5.4677
11	53	7.1948
11	54	7.0548
11	55	8.0166
11	56	10.546
11	57	8.2089
11	58	7.9891
11	59	3.445
11	60	4.5629
11	61	3.7033
11	62	6.5964
11	63	2.2933
11	64	3.8129
11	65	5.4611
11	66	3.1516
11	67	4.7066
11	68	0.67051
11	69	3.1897
11	70	3.1599
11	71	4.1344
11	72	4.514
11	73	4.404
11	74	7.7982
11	75	2.5056
11	76	7.5182
11	77	7.9077
12	13	174.1
12	14	53.713
12	15	23.348
12	16	23.348
12	17	53.722
12	18	41.825
12	19	23.319
12	20	16.014
12	21	19.798
12	22	17.371
12	23	11.94
12	24	9.3497
12	25	10.459
12	26	4.7963
12	27	8.2942
12	28	11.289
12	29	10.876
12	30	7.0406
12	31	6.5063
12	32	13.493
12	33	13.205
12	34	6.3736
12	35	5.2819
12	36	4.3008
12	37	4.2847
12	38	6.9699
12	39	5.4115
12	40	3.0423
12	41	7.6912
12	42	7.2538
12	43	12.33
12	44	9.0229
12	45	9.0148
12	46	8.9628
12	47	14.124
12	48	7.0652
12	49	4.4089
12	50	2.4119
12	51	5.6407
12	52	8.3667
12	53	6.3912
12	54	8.1358
12	55	6.1044
12	56	4.9016
12	57	6.5525
12	58	8.4961
12	59	10.154
12	60	11.803
12	61	5.6055
12	62	3.8041
12	63	3.8041
12	64	0.98677
12	65	3.9426
12	66	2.4463
12	67	3.3808
12	68	3.4748
12	69	4.8151
12	70	3.5012
12	71	6.7786
12	72	4.6559
12	73	5.2339
12	74	3.8347
12	75	3.2263
12	76	6.5896
12	77	7.6233
13	14	181.04
13	15	46.055
13	16	46.055
13	17	47.249
13	18	29.312
13	19	30.663
13	20	23.443
13	21	11.681
13	22	17.011
13	23	17.756
13	24	7.0307
13	25	5.6431
13	26	7.8281
13	27	4.8421
13	28	25.507
13	29	5.5865
13	30	7.2063
13	31	3.8133
13	32	13.014
13	33	17.328
13	34	5.9639
13	35	3.869
13	36	4.1907
13	37	3.3341
13	38	2.4482
13	39	2.3761
13	40	3.5614
13	41	3.8795
13	42	8.5804
13	43	11.488
13	44	10.233
13	45	11.591
13	46	13.554
13	47	9.4654
13	48	0.63975
13	49	0.73703
13	50	3.5337
13	51	5.8002
13	52	3.7757
13	53	2.054
13	54	11.887
13	55	10.558
13	56	12.206
13	57	3.8321
13	58	8.5766
13	59	7.4869
13	60	4.4216
13	61	0.93594
13	62	4.4455
13	63	1.1559
13	64	2.3059
13	65	3.6801
13	66	6.6841
13	67	2.3844
13	68	5.074
13	69	3.2311
13	70	3.4344
13	71	5.1571
13	72	4.1311
13	73	6.7139
13	74	3.9613
13	75	2.1232
13	76	7.2765
13	77	9.0677
14	15	185.87
14	16	185.87
14	17	74.293
14	18	51.516
14	19	32.431
14	20	24.448
14	21	19.949
14	22	17.745
14	23	19.323
14	24	13.205
14	25	11.273
14	26	10.258
14	27	9.5572
14	28	13.702
14	29	9.5718
14	30	12.349
14	31	8.603
14	32	17.368
14	33	14.259
14	34	7.8554
14	35	10.913
14	36	11.813
14	37	9.3849
14	38	7.4714
14	39	6.6936
14	40	10.663
14	41	10.485
14	42	9.4556
14	43	14.011
14	44	4.9257
14	45	12.602
14	46	12.067
14	47	11.391
14	48	8.1143
14	49	11.417
14	50	9.9533
14	51	6.431
14	52	7.4543
14	53	7.7275
14	54	5.5947
14	55	7.0612
14	56	7.7063
14	57	7.4267
14	58	8.0729
14	59	8.4621
14	60	7.1239
14	61	5.278
14	62	3.1332
14	63	4.8933
14	64	7.3344
14	65	3.8868
14	66	9.4424
14	67	5.6074
14	68	3.5818
14	69	5.128
14	70	3.8758
14	71	7.2846
14	72	7.1266
14	73	10.946
14	74	8.7833
14	75	7.7985
14	76	14.72
14	77	14.943
15	16	469.15
15	17	469.15
15	18	48.478
15	19	15.414
15	20	5.3925
15	21	13.353
15	22	11.495
15	23	23.248
15	24	15.079
15	25	22.744
15	26	18.967
15	27	16.386
15	28	12.365
15	29	3.858
15	30	7.4757
15	31	11.052
15	32	12.24
15	33	9.7512
15	34	7.6598
15	35	16.83
15	36	6.0752
15	37	16.082
15	38	13.783
15	39	21.018
15	40	10.745
15	41	9.3608
15	42	10.342
15	43	2.5191
15	44	2.2434
15	45	5.3789
15	46	5.6917
15	47	8.0561
15	48	6.1693
15	49	7.1094
15	50	18.743
15	51	10.012
15	52	5.4729
15	53	1.6526
15	54	2.7337
15	55	2.7337
15	56	2.7337
15	57	11.569
15	58	8.6393
15	59	1.8101
15	60	7.6178
15	61	2.261
15	62	8.0577
15	63	5.6007
15	64	11.195
15	65	11.195
15	66	4.6278
15	67	7.6819
15	68	7.6819
15	69	9.7591
15	70	8.2918
15	71	4.1504
15	72	12.177
15	73	8.7296
15	74	16.377
15	75	13.313
15	76	10.053
15	77	14.565
16	17	14.565
16	18	14.565
16	19	14.565
16	20	14.565
16	21	14.565
16	22	14.565
16	23	14.565
16	24	14.565
16	25	14.565
16	26	14.565
16	27	14.565
16	28	14.565
16	29	14.565
16	30	14.565
16	31	14.565
16	32	14.565
16	33	14.565
16	34	14.565
16	35	14.565
16	36	14.565
16	37	14.565
16	38	14.565
16	39	14.565
16	40	14.565
16	41	14.565
16	42	14.565
16	43	14.565
16	44	14.565
16	45	14.565
16	46	14.565
16	47	14.565
16	48	14.565
16	49	14.565
16	50	14.565
16	51	14.565
16	52	14.565
16	53	14.565
16	54	14.565
16	55	14.565
16	56	14.565
16	57	14.565
16	58	14.565
16	59	14.565
16	60	14.565
16	61	14.565
16	62	14.565
16	63	14.565
16	64	14.565
16	65	14.565
16	66	14.565
16	67	14.565
16	68	14.565
16	69	14.565
16	70	14.565
16	71	14.565
16	72	14.565
16	73	14.565
16	74	14.565
16	75	14.565
16	76	14.565
16	77	14.565
17	18	364.24
17	19	121.26
17	20	68.952
17	21	12.89
17	22	48.291
17	23	31.148
17	24	11.276
17	25	13.534
17	26	16.171
17	27	14
17	28	21.493
17	29	16.978
17	30	36.874
17	31	38.117
17	32	15.106
17	33	16.104
17	34	24.646
17	35	5.5257
17	36	5.5257
17	37	12.146
17	38	11.746
17	39	11.395
17	40	6.4014
17	41	4.5646
17	42	14.899
17	43	7.1647
17	44	19.17
17	45	3.0394
17	46	8.1308
17	47	3.8636
17	48	36.181
17	49	21.274
17	50	10.142
17	51	17.575
17	52	5.377
17	53	14.412
17	54	7.8287
17	55	7.6716
17	56	8.9761
17	57	13.791
17	58	5.0081
17	59	5.2048
17	60	4.4567
17	61	4.4567
17	62	16.046
17	63	8.3712
17	64	8.2304
17	65	8.2304
17	66	13.58
17	67	5.6117
17	68	14.561
17	69	14.561
17	70	14.51
17	71	23.707
17	72	9.5302
17	73	31.929
17	74	31.929
17	75	17.504
17	76	14.191
17	77	143.62
18	19	261.05
18	20	117.25
18	21	65.692
18	22	49.899
18	23	56.142
18	24	27.061
18	25	28.016
18	26	17.533
18	27	19.802
18	28	23.626
18	29	26.092
18	30	16.083
18	31	16.701
18	32	24.541
18	33	28.629
18	34	17.823
18	35	13.297
18	36	13.16
18	37	9.2343
18	38	15.391
18	39	18.675
18	40	11.189
18	41	19.122
18	42	25.699
18	43	21.674
18	44	14.312
18	45	10.943
18	46	9.0665
18	47	24.093
18	48	15.96
18	49	13.936
18	50	7.7745
18	51	14.174
18	52	12.965
18	53	12.747
18	54	13.942
18	55	9.4072
18	56	10.939
18	57	4.5146
18	58	16.585
18	59	20.797
18	60	18.686
18	61	7.3557
18	62	17.463
18	63	7.2571
18	64	19.718
18	65	7.2653
18	66	19.299
18	67	8.6485
18	68	6.3394
18	69	8.807
18	70	11.742
18	71	13.232
18	72	8.5065
18	73	17.468
18	74	10.529
18	75	7.8567
18	76	10.383
18	77	18.545
19	20	257.54
19	21	85.676
19	22	57.525
19	23	40.83
19	24	23.629
19	25	19.522
19	26	19.468
19	27	22.68
19	28	20.882
19	29	25.257
19	30	18.664
19	31	18.998
19	32	17.113
19	33	21.405
19	34	14.246
19	35	14.632
19	36	9.4223
19	37	12.318
19	38	8.4432
19	39	8.8757
19	40	8.445
19	41	15.948
19	42	19.805
19	43	13.912
19	44	14.338
19	45	14.793
19	46	11.842
19	47	13.554
19	48	7.6171
19	49	9.5463
19	50	10.331
19	51	12.725
19	52	9.0633
19	53	9.8614
19	54	16.145
19	55	11.171
19	56	8.6856
19	57	9.9296
19	58	9.0937
19	59	7.579
19	60	8.5873
19	61	12.151
19	62	7.7005
19	63	4.0284
19	64	7.9727
19	65	9.6045
19	66	9.0349
19	67	7.4539
19	68	8.7832
19	69	4.1419
19	70	7.5861
19	71	7.672
19	72	8.0776
19	73	9.9164
19	74	9.0581
19	75	8.8507
19	76	12.558
19	77	9.9744
20	21	123.27
20	22	72.348
20	23	48.536
20	24	23.306
20	25	15.059
20	26	13.836
20	27	11.28
20	28	31.975
20	29	13.951
20	30	10.493
20	31	11.663
20	32	18.473
20	33	27.408
20	34	10.485
20	35	9.0104
20	36	4.2684
20	37	3.03
20	38	9.4985
20	39	9.2209
20	40	5.8328
20	41	14.13
20	42	15.655
20	43	17.574
20	44	10.207
20	45	17.979
20	46	16.79
20	47	15.449
20	48	10.252
20	49	4.2903
20	50	5.6589
20	51	9.6607
20	52	6.0465
20	53	11.482
20	54	8.6766
20	55	20.694
20	56	8.4344
20	57	6.2774
20	58	7.2938
20	59	17.499
20	60	14.269
20	61	3.4068
20	62	3.2342
20	63	5.0473
20	64	3.3601
20	65	2.6762
20	66	9.7391
20	67	5.7931
20	68	3.6952
20	69	3.5317
20	70	5.5087
20	71	12.151
20	72	4.0263
20	73	12.854
20	74	6.2018
20	75	4.6689
20	76	9.9434
20	77	24.395
21	22	233.96
21	23	87.246
21	24	56
21	25	38
21	26	28.727
21	27	18.409
21	28	34.137
21	29	32.627
21	30	21.193
21	31	23.15
21	32	18.765
21	33	17.752
21	34	14.369
21	35	12.699
21	36	11.746
21	37	6.8969
21	38	14.766
21	39	18.238
21	40	16.847
21	41	22.637
21	42	16.002
21	43	13.404
21	44	16.798
21	45	9.2802
21	46	9.4912
21	47	8.0857
21	48	14.063
21	49	9.1031
21	50	12.184
21	51	8.7925
21	52	8.6581
21	53	11.119
21	54	7.7584
21	55	10.295
21	56	14.059
21	57	6.3135
21	58	9.2932
21	59	16.373
21	60	13.363
21	61	6.9491
21	62	5.5031
21	63	7.6672
21	64	9.5046
21	65	12.951
21	66	10.196
21	67	7.7826
21	68	5.0246
21	69	7.9224
21	70	10.62
21	71	9.227
21	72	4.4396
21	73	8.3058
21	74	5.953
21	75	5.8014
21	76	8.7803
21	77	7.2309
22	23	243.19
22	24	70.84
22	25	56.313
22	26	44.337
22	27	25.477
22	28	40.185
22	29	33.059
22	30	23.049
22	31	18.366
22	32	18.308
22	33	18.199
22	34	13.388
22	35	17.938
22	36	6.2742
22	37	13.366
22	38	17.493
22	39	16.232
22	40	12.444
22	41	14.763
22	42	17.297
22	43	15.252
22	44	13.6
22	45	6.6691
22	46	11.042
22	47	13.968
22	48	9.3493
22	49	12.388
22	50	12.463
22	51	9.8783
22	52	9.7662
22	53	10.568
22	54	11.145
22	55	10.42
22	56	9.2957
22	57	11.629
22	58	12.998
22	59	8.1014
22	60	13.826
22	61	6.1341
22	62	8.3375
22	63	6.5554
22	64	10.767
22	65	9.5531
22	66	7.9719
22	67	5.8251
22	68	10.45
22	69	2.9706
22	70	8.7654
22	71	7.1506
22	72	5.3312
22	73	10.092
22	74	10.19
22	75	7.1505
22	76	5.5144
22	77	10.559
23	24	214.59
23	25	87.661
23	26	67.628
23	27	51.611
23	28	70.443
23	29	30.839
23	30	22.644
23	31	19.743
23	32	19.103
23	33	24.818
23	34	11.535
23	35	18.495
23	36	12.604
23	37	9.2515
23	38	13.876
23	39	13.465
23	40	14.248
23	41	12.749
23	42	17.22
23	43	12.599
23	44	16.172
23	45	12.86
23	46	5.7157
23	47	16.256
23	48	21.454
23	49	14.031
23	50	14.809
23	51	10.646
23	52	11.253
23	53	13.445
23	54	9.3507
23	55	9.1673
23	56	10.693
23	57	18.229
23	58	14.742
23	59	21.212
23	60	7.4676
23	61	9.3901
23	62	12.274
23	63	8.1641
23	64	8.0689
23	65	12.999
23	66	11.407
23	67	10.206
23	68	6.1017
23	69	6.3997
23	70	9.4684
23	71	12.223
23	72	9.3646
23	73	13.989
23	74	9.9521
23	75	12.726
23	76	10.537
23	77	11.571
24	25	239.68
24	26	116.29
24	27	78.47
24	28	58.849
24	29	44.665
24	30	24.875
24	31	27.341
24	32	15.138
24	33	18.019
24	34	16.927
24	35	18.534
24	36	13.877
24	37	16.771
24	38	23.284
24	39	15.63
24	40	17.572
24	41	13.068
24	42	12.74
24	43	9.521
24	44	8.0228
24	45	6.259
24	46	9.0698
24	47	8.6222
24	48	12.933
24	49	15.408
24	50	12.325
24	51	7.9801
24	52	12.261
24	53	12.267
24	54	9.3385
24	55	2.2837
24	56	5.3835
24	57	9.483
24	58	13.592
24	59	4.6815
24	60	10.726
24	61	13.436
24	62	4.9231
24	63	10.363
24	64	12.678
24	65	7.2048
24	66	14.552
24	67	11.036
24	68	14.562
24	69	7.8084
24	70	7.2822
24	71	11.147
24	72	10.846
24	73	9.4608
24	74	12.354
24	75	9.8988
24	76	6.8069
24	77	5.9944
25	26	250.99
25	27	121.65
25	28	82.483
25	29	35.151
25	30	32.635
25	31	26.939
25	32	20.037
25	33	9.4115
25	34	17.51
25	35	18.254
25	36	16.708
25	37	20.217
25	38	18.346
25	39	20.929
25	40	27.053
25	41	10.775
25	42	9.3492
25	43	3.8255
25	44	7.3955
25	45	2.6942
25	46	6.5542
25	47	6.2365
25	48	9.8466
25	49	14.664
25	50	11.145
25	51	8.5395
25	52	13.779
25	53	5.2158
25	54	3.5143
25	55	4.1258
25	56	7.2947
25	57	2.538
25	58	7.2695
25	59	8.4509
25	60	12.927
25	61	16.18
25	62	8.8898
25	63	18.683
25	64	22.833
25	65	17.357
25	66	13.742
25	67	10.22
25	68	5.3854
25	69	10.444
25	70	21.929
25	71	13.429
25	72	14.78
25	73	8.2307
25	74	7.0913
25	75	11.935
25	76	9.4603
25	77	9.4603
26	27	240.18
26	28	81.377
26	29	54.556
26	30	27.785
26	31	35.959
26	32	17.382
26	33	11.235
26	34	23.149
26	35	25.588
26	36	22.811
26	37	43.449
26	38	35.1
26	39	23.943
26	40	19.822
26	41	16.882
26	42	11.95
26	43	8.3372
26	44	7.442
26	45	6.3921
26	46	4.3345
26	47	4.958
26	48	12.787
26	49	17.675
26	50	17.882
26	51	8.9527
26	52	14.181
26	53	9.3572
26	54	3.3494
26	55	4.913
26	56	5.8095
26	57	10.694
26	58	11.948
26	59	2.2393
26	60	8.7107
26	61	23.982
26	62	19.64
26	63	15.011
26	64	16.44
26	65	19.466
26	66	7.4915
26	67	15.91
26	68	11.329
26	69	10.018
26	70	15.748
26	71	5.0465
26	72	9.4819
26	73	9.7837
26	74	9.3108
26	75	16.036
26	76	11.212
26	77	8.5712
27	28	232.89
27	29	105.89
27	30	32.408
27	31	32.009
27	32	25.375
27	33	23.143
27	34	19.01
27	35	29.4
27	36	13.853
27	37	18.642
27	38	29.065
27	39	24.928
27	40	25.582
27	41	14.559
27	42	11.702
27	43	8.5294
27	44	5.2694
27	45	4.4308
27	46	7.5031
27	47	7.8558
27	48	8.4782
27	49	13.165
27	50	9.6127
27	51	12.139
27	52	10.186
27	53	11.669
27	54	6.5207
27	55	4.2518
27	56	8.3649
27	57	9.2024
27	58	15.958
27	59	8.7174
27	60	15.024
27	61	11.607
27	62	18.434
27	63	16.16
27	64	14.201
27	65	12.862
27	66	7.7622
27	67	14.789
27	68	18.145
27	69	10.802
27	70	9.061
27	71	8.7357
27	72	7.612
27	73	7.1687
27	74	12.428
27	75	13.876
27	76	9.0702
27	77	9.0702
28	29	170.97
28	30	42.833
28	31	43.212
28	32	62.541
28	33	46.043
28	34	12.753
28	35	19.248
28	36	15.183
28	37	12.897
28	38	24.974
28	39	19.826
28	40	9.9036
28	41	25.627
28	42	16.6
28	43	15.298
28	44	8.6807
28	45	11.225
28	46	11.045
28	47	8.9898
28	48	17.505
28	49	13.363
28	50	12.747
28	51	21.556
28	52	14.571
28	53	10.238
28	54	12.152
28	55	13.399
28	56	18.271
28	57	13.337
28	58	17.475
28	59	22.225
28	60	15.529
28	61	9.138
28	62	10.859
28	63	12.96
28	64	12.764
28	65	9.0517
28	66	26.323
28	67	14.136
28	68	9.8705
28	69	14.413
28	70	17.799
28	71	11.503
28	72	10.476
28	73	13.782
28	74	9.9454
28	75	7.9338
28	76	20.729
28	77	7.9744
29	30	172.58
29	31	92.964
29	32	36.818
29	33	37.254
29	34	28.558
29	35	24.446
29	36	23.048
29	37	14.807
29	38	26.839
29	39	25.166
29	40	32.196
29	41	20.815
29	42	15.799
29	43	10.307
29	44	10.643
29	45	11.507
29	46	8.0214
29	47	9.9593
29	48	11.675
29	49	13.765
29	50	20.833
29	51	11.599
29	52	13.114
29	53	12.412
29	54	10.106
29	55	6.4058
29	56	15.006
29	57	14.724
29	58	12.967
29	59	12.674
29	60	14.893
29	61	13.392
29	62	14.703
29	63	17.972
29	64	21.476
29	65	19.413
29	66	11.435
29	67	11.97
29	68	7.8092
29	69	9.5965
29	70	5.8834
29	71	10.79
29	72	10.111
29	73	9.6886
29	74	8.9778
29	75	10.161
29	76	9.6992
29	77	3.0986
30	31	241.51
30	32	66.662
30	33	43.557
30	34	30.4
30	35	26.529
30	36	23.053
30	37	15.901
30	38	21.176
30	39	14.83
30	40	25.641
30	41	18.103
30	42	11.694
30	43	9.0832
30	44	9.3511
30	45	8.864
30	46	7.9707
30	47	6.0668
30	48	12.548
30	49	12.788
30	50	10.13
30	51	13.979
30	52	13.953
30	53	9.4993
30	54	10.766
30	55	9.0308
30	56	17.718
30	57	20.741
30	58	13.893
30	59	15.399
30	60	17.653
30	61	9.4886
30	62	12.908
30	63	13.545
30	64	13.253
30	65	22.943
30	66	27.219
30	67	15.615
30	68	7.3277
30	69	7.9782
30	70	5.7484
30	71	10.06
30	72	7.4688
30	73	9.7091
30	74	11.639
30	75	8.5319
30	76	9.6799
30	77	15.88
31	32	175.79
31	33	65.494
31	34	31.57
31	35	43.049
31	36	28.468
31	37	28.613
31	38	33.635
31	39	20.074
31	40	22.568
31	41	23.327
31	42	14.039
31	43	14.494
31	44	8.3107
31	45	9.2081
31	46	12.391
31	47	9.5273
31	48	13.852
31	49	14.053
31	50	11.89
31	51	24.02
31	52	12.625
31	53	14.71
31	54	11.379
31	55	8.9121
31	56	8.5028
31	57	21.298
31	58	17.576
31	59	12.143
31	60	9.7494
31	61	10.934
31	62	8.2779
31	63	14.894
31	64	12.189
31	65	11.848
31	66	14.024
31	67	9.0393
31	68	12.919
31	69	10.906
31	70	9.1792
31	71	11.457
31	72	9.6655
31	73	10.792
31	74	8.0207
31	75	10.113
31	76	11.807
31	77	14.733
32	33	333.98
32	34	44.801
32	35	41.789
32	36	22.73
32	37	22.71
32	38	29.21
32	39	25.282
32	40	18.085
32	41	29.123
32	42	24.464
32	43	17.276
32	44	17.595
32	45	17.238
32	46	21.791
32	47	15.874
32	48	9.1996
32	49	13.565
32	50	12.971
32	51	18.289
32	52	12.36
32	53	15.705
32	54	19.343
32	55	16.338
32	56	16.547
32	57	12.057
32	58	9.5625
32	59	22.822
32	60	19.969
32	61	10.884
32	62	7.5414
32	63	7.8664
32	64	16.706
32	65	7.1608
32	66	13.802
32	67	12.198
32	68	6.8751
32	69	11.642
32	70	7.2347
32	71	17.927
32	72	8.28
32	73	15.157
32	74	4.3144
32	75	5.628
32	76	14.749
32	77	19.897
33	34	88.789
33	35	45.709
33	36	31.602
33	37	21.849
33	38	41.359
33	39	27.366
33	40	22.566
33	41	32.544
33	42	29.642
33	43	24.423
33	44	19.654
33	45	20.484
33	46	16.054
33	47	18.976
33	48	11.217
33	49	11.893
33	50	7.0434
33	51	17.099
33	52	19.666
33	53	11.987
33	54	16.293
33	55	26.494
33	56	14.163
33	57	7.3668
33	58	13.072
33	59	24.471
33	60	15.404
33	61	9.3664
33	62	7.703
33	63	8.043
33	64	9.774
33	65	12.067
33	66	13.205
33	67	13.358
33	68	3.91
33	69	8.0318
33	70	10.996
33	71	16.041
33	72	6.2531
33	73	10.93
33	74	6.0129
33	75	5.4516
33	76	8.2534
33	77	4.5385
34	35	162.65
34	36	122.98
34	37	72.936
34	38	89.728
34	39	43.335
34	40	37.701
34	41	16.42
34	42	19.783
34	43	17.419
34	44	12.843
34	45	7.2144
34	46	10.439
34	47	8.6819
34	48	12.916
34	49	17.863
34	50	19.697
34	51	11.176
34	52	11.732
34	53	10.662
34	54	7.3699
34	55	5.4988
34	56	8.6784
34	57	10.889
34	58	8.9186
34	59	9.7463
34	60	8.1823
34	61	15.471
34	62	16.075
34	63	14.351
34	64	5.9925
34	65	7.5855
34	66	5.4555
34	67	9.8966
34	68	13.677
34	69	6.2818
34	70	13.54
34	71	9.2556
34	72	10.744
34	73	9.1576
34	74	12.637
34	75	11.503
34	76	10.597
34	77	11.042
35	36	258.62
35	37	97.334
35	38	94.676
35	39	38.264
35	40	43.019
35	41	18.948
35	42	20.274
35	43	14.178
35	44	7.9626
35	45	4.448
35	46	5.985
35	47	10.237
35	48	16.749
35	49	16.671
35	50	17.375
35	51	14.808
35	52	11.221
35	53	16.355
35	54	8.6555
35	55	5.0845
35	56	9.2928
35	57	7.2175
35	58	16.349
35	59	12.321
35	60	13.201
35	61	21.223
35	62	13.225
35	63	18.928
35	64	11.141
35	65	13.057
35	66	10.172
35	67	12.517
35	68	12.034
35	69	17.893
35	70	17.207
35	71	13.367
35	72	14.013
35	73	9.3834
35	74	16.285
35	75	12.401
35	76	15.107
35	77	5.978
36	37	190.3
36	38	116.41
36	39	52.242
36	40	43.001
36	41	14.77
36	42	22.007
36	43	10.788
36	44	11.146
36	45	3.8392
36	46	9.7319
36	47	9.2579
36	48	11.697
36	49	9.5866
36	50	23.18
36	51	11.418
36	52	18.428
36	53	8.5213
36	54	6.8877
36	55	6.7383
36	56	5.7781
36	57	6.7904
36	58	11.34
36	59	3.3477
36	60	12.959
36	61	16.653
36	62	17.184
36	63	16.681
36	64	25.823
36	65	12.166
36	66	2.2294
36	67	13.666
36	68	27.641
36	69	18.627
36	70	18.763
36	71	7.5556
36	72	8.6074
36	73	11.844
36	74	13.898
36	75	14.789
36	76	11.8
36	77	6.4367
37	38	171.39
37	39	65.712
37	40	37.999
37	41	19.96
37	42	22.496
37	43	14.644
37	44	13.069
37	45	9.501
37	46	7.7446
37	47	11.057
37	48	8.0473
37	49	18.422
37	50	16.637
37	51	10.494
37	52	9.6979
37	53	12.388
37	54	6.236
37	55	2.4384
37	56	5.7693
37	57	9.1184
37	58	12.969
37	59	9.1857
37	60	8.6412
37	61	11.191
37	62	22.669
37	63	30.953
37	64	13.721
37	65	11.173
37	66	3.3676
37	67	10.045
37	68	31.54
37	69	14.015
37	70	16.424
37	71	10.015
37	72	14.095
37	73	9.5203
37	74	14.473
37	75	14.201
37	76	13.357
37	77	9.5336
38	39	166.21
38	40	97.51
38	41	32.245
38	42	37.572
38	43	14.37
38	44	16.766
38	45	11.221
38	46	7.5748
38	47	16.199
38	48	18.438
38	49	25.305
38	50	22.449
38	51	12.929
38	52	13.614
38	53	15.046
38	54	19.489
38	55	8.343
38	56	13.334
38	57	7.6734
38	58	16.526
38	59	13.836
38	60	10.479
38	61	18.28
38	62	17.92
38	63	12.118
38	64	13.192
38	65	12.838
38	66	11.901
38	67	14.152
38	68	22.14
38	69	14.459
38	70	10.625
38	71	10.415
38	72	16.249
38	73	12.63
38	74	14.731
38	75	12.596
38	76	13.146
38	77	13.146
39	40	206.84
39	41	59.096
39	42	54.979
39	43	24.68
39	44	17.71
39	45	10.439
39	46	12.867
39	47	13.393
39	48	19.265
39	49	22.902
39	50	21.771
39	51	15.231
39	52	18.983
39	53	10.95
39	54	10.05
39	55	5.7851
39	56	14.983
39	57	24.447
39	58	13.747
39	59	6.3191
39	60	15.589
39	61	32.316
39	62	19.856
39	63	31.326
39	64	29.425
39	65	13.482
39	66	15.74
39	67	20.594
39	68	15.819
39	69	21.918
39	70	13.991
39	71	12.488
39	72	11.469
39	73	11.726
39	74	15.487
39	75	16.591
39	76	12.227
39	77	12.227
40	41	149.34
40	42	96.534
40	43	24.739
40	44	24.223
40	45	12.758
40	46	13.78
40	47	20.955
40	48	23.212
40	49	27.59
40	50	32.347
40	51	20.146
40	52	22.27
40	53	17.238
40	54	8.6431
40	55	2.6023
40	56	9.1895
40	57	19.118
40	58	14.597
40	59	18.648
40	60	15.244
40	61	19.919
40	62	19.529
40	63	19.065
40	64	20.124
40	65	15.153
40	66	14.152
40	67	13.505
40	68	5.0788
40	69	11.827
40	70	14.903
40	71	10.699
40	72	11.285
40	73	10.788
40	74	15.406
40	75	9.8185
40	76	10.158
40	77	10.158
41	42	183.25
41	43	43.084
41	44	33.705
41	45	22.048
41	46	23.473
41	47	21.302
41	48	22.099
41	49	12.965
41	50	21.031
41	51	20.825
41	52	19.75
41	53	16.478
41	54	16.829
41	55	13.665
41	56	20.366
41	57	10.958
41	58	19.069
41	59	12.804
41	60	18.526
41	61	18.157
41	62	12.754
41	63	17.471
41	64	13.195
41	65	9.7999
41	66	19.222
41	67	12.391
41	68	11.636
41	69	15.437
41	70	11.255
41	71	10.676
41	72	9.3463
41	73	11.341
41	74	9.1809
41	75	6.4449
41	76	8.7555
41	77	20.141
42	43	137.56
42	44	57.684
42	45	39.353
42	46	37.646
42	47	30.49
42	48	23.895
42	49	20.891
42	50	19.502
42	51	23.416
42	52	20.296
42	53	19.774
42	54	14.707
42	55	14.432
42	56	11.757
42	57	19.709
42	58	24.191
42	59	15.823
42	60	16.917
42	61	13.289
42	62	16.572
42	63	12.356
42	64	10.663
42	65	10.464
42	66	14.905
42	67	8.9832
42	68	9.3813
42	69	7.9946
42	70	7.7508
42	71	16.092
42	72	12.89
42	73	14.139
42	74	5.1746
42	75	9.5352
42	76	11.706
42	77	10.562
43	44	168.42
43	45	64.872
43	46	53.985
43	47	42.185
43	48	19.128
43	49	14.97
43	50	17.721
43	51	18.035
43	52	21.533
43	53	16.32
43	54	20.492
43	55	20.125
43	56	14.45
43	57	14.935
43	58	18.992
43	59	20.453
43	60	16.322
43	61	8.2456
43	62	13.55
43	63	11.748
43	64	11.761
43	65	9.3303
43	66	13.637
43	67	9.7334
43	68	7.5784
43	69	7.6887
43	70	9.35
43	71	12.545
43	72	6.587
43	73	15.212
43	74	11.198
43	75	9.8943
43	76	12.877
43	77	18.685
44	45	175.97
44	46	87.199
44	47	57.891
44	48	21.702
44	49	21.369
44	50	16.661
44	51	16.08
44	52	17.833
44	53	16.208
44	54	14.467
44	55	21.309
44	56	14.438
44	57	13.325
44	58	11.721
44	59	14.126
44	60	11.104
44	61	9.6209
44	62	11.42
44	63	11.186
44	64	11.893
44	65	8.3281
44	66	15.64
44	67	6.2676
44	68	6.7626
44	69	6.856
44	70	9.5848
44	71	11.173
44	72	8.6613
44	73	12.917
44	74	9.289
44	75	5.7006
44	76	9.5543
44	77	9.2381
45	46	235.46
45	47	71.361
45	48	24.754
45	49	21.516
45	50	13.785
45	51	21.058
45	52	16.516
45	53	18.253
45	54	27.408
45	55	31.792
45	56	20.515
45	57	15.371
45	58	9.5308
45	59	21.354
45	60	15.703
45	61	8.5745
45	62	5.723
45	63	7.2634
45	64	7.2921
45	65	7.344
45	66	12.648
45	67	5.9694
45	68	5.2389
45	69	6.0572
45	70	7.1545
45	71	10.719
45	72	5.8929
45	73	11.493
45	74	6.2528
45	75	3.7325
45	76	11.008
45	77	23.159
46	47	216.56
46	48	41.997
46	49	31.371
46	50	22.958
46	51	23.061
46	52	23.354
46	53	19.036
46	54	30.135
46	55	33.011
46	56	18.354
46	57	12.609
46	58	16.01
46	59	19.671
46	60	18.051
46	61	4.3492
46	62	8.605
46	63	9.8577
46	64	9.828
46	65	7.8386
46	66	19.22
46	67	7.9876
46	68	3.9309
46	69	7.495
46	70	6.3687
46	71	10.617
46	72	8.5049
46	73	13.959
46	74	3.9346
46	75	1.9688
46	76	9.2627
46	77	13.995
47	48	172.28
47	49	80.225
47	50	52.426
47	51	43.754
47	52	30.495
47	53	20.535
47	54	28.076
47	55	23.094
47	56	15.497
47	57	14.811
47	58	17.793
47	59	25.737
47	60	22.652
47	61	7.5846
47	62	9.8268
47	63	11.961
47	64	16.168
47	65	8.8212
47	66	10.545
47	67	12.24
47	68	8.9836
47	69	8.2995
47	70	9.0532
47	71	12.117
47	72	7.6981
47	73	16.189
47	74	10.333
47	75	5.5694
47	76	13.286
47	77	24.137
48	49	285.44
48	50	97.301
48	51	67.531
48	52	37.794
48	53	29.116
48	54	19.98
48	55	18.647
48	56	21.24
48	57	14.182
48	58	23.748
48	59	18.374
48	60	22.641
48	61	17.971
48	62	20.396
48	63	11.196
48	64	19.109
48	65	12.932
48	66	18.21
48	67	15.669
48	68	12.41
48	69	9.7232
48	70	9.9651
48	71	9.6005
48	72	12.708
48	73	14.669
48	74	7.6463
48	75	9.2035
48	76	6.9269
48	77	4.9765
49	50	185.04
49	51	71.042
49	52	32.353
49	53	33.333
49	54	15.414
49	55	12.387
49	56	16.498
49	57	25.809
49	58	27.057
49	59	14.719
49	60	18.955
49	61	23.368
49	62	16.232
49	63	21.972
49	64	22.715
49	65	17.447
49	66	28.419
49	67	19.207
49	68	12.671
49	69	17.175
49	70	19.908
49	71	11.069
49	72	12.008
49	73	11.406
49	74	13.311
49	75	10.149
49	76	10.376
49	77	5.6562
50	51	215.18
50	52	85.081
50	53	37.693
50	54	30.056
50	55	19.61
50	56	28.512
50	57	33.959
50	58	27.884
50	59	19.715
50	60	27.136
50	61	19.422
50	62	25.32
50	63	27.778
50	64	14.775
50	65	24.814
50	66	20.52
50	67	19.846
50	68	13.04
50	69	16.37
50	70	19.659
50	71	10.08
50	72	11.506
50	73	9.0397
50	74	8.4915
50	75	7.7938
50	76	11.872
50	77	5.4417
51	52	241.48
51	53	106.64
51	54	54.286
51	55	32.034
51	56	33.228
51	57	42.349
51	58	47.406
51	59	23.002
51	60	29.433
51	61	22.329
51	62	18.964
51	63	23.827
51	64	18.267
51	65	25.281
51	66	17.192
51	67	15.043
51	68	11.517
51	69	13.535
51	70	15.992
51	71	9.9577
51	72	10.494
51	73	11.74
51	74	8.688
51	75	5.5078
51	76	7.2827
51	77	19.345
52	53	259.61
52	54	94.538
52	55	46.289
52	56	45.903
52	57	41.03
52	58	42.691
52	59	24.77
52	60	34.679
52	61	13.727
52	62	18.664
52	63	20.802
52	64	20.443
52	65	18.496
52	66	25.704
52	67	16.234
52	68	13.807
52	69	13.256
52	70	13.256
52	71	17.012
52	72	10.023
52	73	16.795
52	74	10.769
52	75	6.68
52	76	9.1625
52	77	17.538
53	54	258.45
53	55	62.851
53	56	60.452
53	57	43.341
53	58	24.658
53	59	27.734
53	60	25.277
53	61	16.446
53	62	20.574
53	63	13.983
53	64	15.976
53	65	12.826
53	66	19.318
53	67	7.9755
53	68	17.835
53	69	16.249
53	70	14.366
53	71	14.391
53	72	11.955
53	73	11.096
53	74	13.281
53	75	6.8347
53	76	8.8267
53	77	5.355
54	55	226.05
54	56	93.985
54	57	41.519
54	58	40.368
54	59	45.054
54	60	23.484
54	61	16.097
54	62	9.1383
54	63	9.5245
54	64	15.514
54	65	9.6399
54	66	17.816
54	67	11.243
54	68	3.0351
54	69	6.6192
54	70	8.6851
54	71	9.7716
54	72	7.4897
54	73	13.785
54	74	6.7257
54	75	6.6158
54	76	11.596
54	77	22.356
55	56	211.96
55	57	49.025
55	58	40.101
55	59	52.925
55	60	28.537
55	61	5.4771
55	62	9.7512
55	63	8.4654
55	64	6.7492
55	65	4.0386
55	66	13.957
55	67	7.5375
55	68	4.4543
55	69	6.484
55	70	4.5064
55	71	12.095
55	72	6.3481
55	73	10.527
55	74	5.7722
55	75	4.6399
55	76	12.528
55	77	26.365
56	57	263.16
56	58	96.542
56	59	77.32
56	60	40.841
56	61	15.334
56	62	19.175
56	63	20.03
56	64	14.895
56	65	20.705
56	66	17.21
56	67	13.557
56	68	12.25
56	69	10.352
56	70	6.4277
56	71	13.503
56	72	9.668
56	73	16.927
56	74	10.532
56	75	6.7764
56	76	13.974
56	77	22.672
57	58	209.99
57	59	63.11
57	60	49.296
57	61	32.873
57	62	45.159
57	63	25.319
57	64	34.087
57	65	16.362
57	66	36.87
57	67	24.953
57	68	13.694
57	69	13.811
57	70	12.492
57	71	10.797
57	72	12.151
57	73	7.7392
57	74	11.544
57	75	8.9816
57	76	10.281
57	77	7.3655
58	59	146.18
58	60	74.47
58	61	57.941
58	62	38.725
58	63	19.108
58	64	26.671
58	65	25.055
58	66	27.499
58	67	18.18
58	68	18.627
58	69	13.12
58	70	15.665
58	71	17.175
58	72	11.631
58	73	14.965
58	74	12.28
58	75	10.316
58	76	13.582
58	77	11.19
59	60	321.96
59	61	48.631
59	62	24.435
59	63	31.265
59	64	24.138
59	65	28.576
59	66	26.6
59	67	18.116
59	68	11.142
59	69	12.022
59	70	13.592
59	71	24.75
59	72	9.4729
59	73	25.824
59	74	9.482
59	75	9.1599
59	76	15.79
59	77	38.318
60	61	149.62
60	62	72.68
60	63	66.097
60	64	57.426
60	65	48.528
60	66	45.661
60	67	29.555
60	68	15.709
60	69	21.905
60	70	16.187
60	71	19.91
60	72	17.495
60	73	21.307
60	74	14.152
60	75	8.3941
60	76	16.255
60	77	14.764
61	62	190.47
61	63	150.62
61	64	68.33
61	65	55.598
61	66	41.105
61	67	30.539
61	68	29.54
61	69	18.73
61	70	28.825
61	71	21.1
61	72	20.925
61	73	16.383
61	74	23.288
61	75	15.481
61	76	13.172
61	77	17.971
62	63	244.18
62	64	70.482
62	65	70.667
62	66	38.527
62	67	30.257
62	68	47.95
62	69	32.178
62	70	25.955
62	71	11.69
62	72	20.148
62	73	13.46
62	74	19.282
62	75	20.827
62	76	20.097
62	77	12.793
63	64	183.57
63	65	86.896
63	66	54.313
63	67	41.801
63	68	46.949
63	69	40.182
63	70	40.192
63	71	13.041
63	72	21.003
63	73	19.443
63	74	27.135
63	75	25.49
63	76	16.211
63	77	13.279
64	65	272.23
64	66	92.801
64	67	56.224
64	68	42.594
64	69	43.414
64	70	45.106
64	71	22.56
64	72	27.235
64	73	15.55
64	74	24.376
64	75	14.041
64	76	18.585
64	77	17.838
65	66	236.48
65	67	117.95
65	68	50.835
65	69	43.321
65	70	19.864
65	71	26.262
65	72	19.461
65	73	18.551
65	74	26.414
65	75	16.698
65	76	16.586
65	77	14.043
66	67	199.65
66	68	55.178
66	69	46.238
66	70	32.745
66	71	33.748
66	72	26.562
66	73	30.914
66	74	11.501
66	75	14.276
66	76	23.145
66	77	11.102
67	68	208.38
67	69	121.91
67	70	72.258
67	71	45.967
67	72	30.194
67	73	32.178
67	74	32.726
67	75	28.178
67	76	24.722
67	77	12.376
68	69	215.25
68	70	98.479
68	71	57.244
68	72	38.079
68	73	19.825
68	74	35.24
68	75	42.051
68	76	23.817
68	77	11.729
69	70	214.94
69	71	74.626
69	72	64.801
69	73	42.492
69	74	33.902
69	75	40.682
69	76	20.721
69	77	31.373
70	71	144.92
70	72	91.45
70	73	63.515
70	74	56.446
70	75	41.871
70	76	30.712
70	77	13.399
71	72	214.01
71	73	126.48
71	74	39.521
71	75	31.591
71	76	34.843
71	77	56.756
72	73	188.85
72	74	60.603
72	75	43.395
72	76	29.125
72	77	18.132
73	74	179.04
73	75	61.887
73	76	70.63
73	77	80.009
74	75	178.76
74	76	76.566
74	77	33.355
75	76	148.05
75	77	30.377
76	77	307.49
