1	2	84.79
1	3	30.458
1	4	41.969
1	5	39.536
1	6	14.31
1	7	13.298
1	8	11.12
1	9	7.3042
1	10	6.4217
1	11	16.272
1	12	8.6787
1	13	8.459
1	14	6.0433
1	15	11.671
1	16	13.637
1	17	5.7912
1	18	16.497
1	19	15.881
1	20	13.256
1	21	12.111
1	22	8.9487
1	23	4.7401
1	24	1.2584
1	25	4.0642
1	26	5.2256
1	27	3.635
1	28	1.9347
1	29	8.7306
1	30	4.2712
1	31	3.2578
1	32	3.688
1	33	4.4026
1	34	5.427
1	35	15.203
1	36	14.413
1	37	14.222
1	38	5.3641
1	39	12.988
1	40	8.5425
1	41	8.4519
1	42	10.806
1	43	12.327
1	44	7.3137
1	45	9.4615
1	46	5.2864
1	47	4.8519
1	48	7.0781
1	49	8.65
1	50	5.0554
1	51	10.949
1	52	12.138
1	53	5.0689
1	54	1.401
1	55	1.2264
1	56	2.1521
1	57	6.5623
1	58	4.9737
1	59	5.398
1	60	3.7471
1	61	1.1171
1	62	3.4277
1	63	1.7279
1	64	5.5553
1	65	1.4499
1	66	3.2305
1	67	4.7767
1	68	12.393
1	69	8.0552
1	70	6.2323
1	71	1.758
1	72	1.5571
1	73	2.3205
1	74	4.9985
1	75	2.9239
1	76	0.99102
1	77	2.4569
1	78	2.369
1	79	4.1109
1	80	1.6219
1	81	0.90453
1	82	3.6253
1	83	3.0127
1	84	3.6398
1	85	2.0236
1	86	3.8106
1	87	2.2881
1	88	3.3969
1	89	1.0231
1	90	4.6558
1	91	2.8158
1	92	3.3271
1	93	1.9821
1	94	5.4401
1	95	3.7722
1	96	1.6562
1	97	1.6562
2	3	346.72
2	4	80.225
2	5	58.855
2	6	49.993
2	7	34.479
2	8	25.094
2	9	17.22
2	10	21.094
2	11	25.827
2	12	22.207
2	13	21.016
2	14	31.017
2	15	17.863
2	16	20.048
2	17	10.638
2	18	18.111
2	19	22.63
2	20	14.632
2	21	18.551
2	22	11.949
2	23	14.948
2	24	21.214
2	25	8.1927
2	26	11.504
2	27	14.985
2	28	17.733
2	29	11.224
2	30	3.9312
2	31	9.5689
2	32	8.0938
2	33	14.864
2	34	8.7671
2	35	7.7081
2	36	5.2928
2	37	12.765
2	38	6.5489
2	39	9.5155
2	40	8.8103
2	41	16.519
2	42	15.853
2	43	6.0399
2	44	12.045
2	45	2.7669
2	46	6.4709
2	47	8.3192
2	48	5.1721
2	49	10.117
2	50	8.6476
2	51	5.3497
2	52	12.286
2	53	4.9559
2	54	3.0962
2	55	8.1045
2	56	9.4954
2	57	6.7382
2	58	10.045
2	59	8.8811
2	60	4.6059
2	61	5.7538
2	62	5.0364
2	63	3.802
2	64	2.7145
2	65	6.3771
2	66	4.7381
2	67	9.308
2	68	3.8933
2	69	3.8933
2	70	3.4193
2	71	1.2918
2	72	3.4253
2	73	4.2658
2	74	6.1025
2	75	6.1025
2	76	2.1957
2	77	8.0385
2	78	6.9424
2	79	1.5066
2	80	7.7215
2	81	4.6282
2	82	3.5097
2	83	2.9496
2	84	3.5672
2	85	5.2019
2	86	3.7263
2	87	4.2184
2	88	1.661
2	89	2.2584
2	90	1.7116
2	91	4.8276
2	92	7.3319
2	93	7.2701
2	94	2.3922
2	95	8.2867
2	96	7.3031
2	97	7.3031
3	4	152.51
3	5	124.11
3	6	71.985
3	7	39.995
3	8	29.406
3	9	20.651
3	10	22.113
3	11	20.572
3	12	18.52
3	13	25.003
3	14	19.246
3	15	23.446
3	16	13.133
3	17	15.125
3	18	17.115
3	19	13.109
3	20	12.029
3	21	14.294
3	22	13.517
3	23	22.777
3	24	6.9807
3	25	9.1405
3	26	8.6886
3	27	11.642
3	28	8.6959
3	29	11.376
3	30	8.9119
3	31	18.834
3	32	15.284
3	33	12.802
3	34	12.005
3	35	12.946
3	36	4.0229
3	37	6.6102
3	38	6.2239
3	39	4.5255
3	40	4.7916
3	41	7.8345
3	42	16.887
3	43	2.8619
3	44	12.721
3	45	10.519
3	46	1.2317
3	47	1.1295
3	48	6.1403
3	49	8.4087
3	50	3.5229
3	51	6.3593
3	52	3.188
3	53	2.357
3	54	3.9251
3	55	8.5368
3	56	9.0052
3	57	1.8241
3	58	6.9231
3	59	9.344
3	60	12.242
3	61	6.2237
3	62	4.7656
3	63	4.8244
3	64	1.2914
3	65	6.0563
3	66	4.5001
3	67	2.2086
3	68	1.2334
3	69	4.4938
3	70	3.2487
3	71	3.2487
3	72	4.3316
3	73	3.2356
3	74	5.8012
3	75	1.0173
3	76	4.1633
3	77	8.4254
3	78	4.1075
3	79	3.5605
3	80	4.4731
3	81	2.4873
3	82	2.4819
3	83	2.7851
3	84	2.5354
3	85	7.7339
3	86	4.4165
3	87	0.80069
3	88	3.1452
3	89	4.2758
3	90	1.6226
3	91	3.2565
3	92	3.6746
3	93	5.9134
3	94	1.4951
3	95	5.1845
3	96	6.2746
3	97	6.2746
4	5	263.34
4	6	71.859
4	7	28.511
4	8	32.274
4	9	14.542
4	10	19.217
4	11	19.795
4	12	17.512
4	13	19.412
4	14	25.216
4	15	13.126
4	16	17.229
4	17	17.258
4	18	24.565
4	19	16.295
4	20	15.081
4	21	12.696
4	22	11.46
4	23	13.257
4	24	10.664
4	25	11.451
4	26	6.4855
4	27	9.4865
4	28	7.6246
4	29	7.4114
4	30	9.0694
4	31	8.5896
4	32	6.9163
4	33	9.926
4	34	12.215
4	35	9.8851
4	36	15.58
4	37	10.778
4	38	11.171
4	39	15.999
4	40	10.746
4	41	11.175
4	42	16.816
4	43	7.7733
4	44	12.453
4	45	11.8
4	46	6.029
4	47	8.2911
4	48	7.0116
4	49	8.8183
4	50	11.494
4	51	6.2244
4	52	7.8002
4	53	10.573
4	54	9.6007
4	55	6.2602
4	56	7.3364
4	57	5.944
4	58	7.7561
4	59	6.8519
4	60	2.8496
4	61	3.8017
4	62	12.292
4	63	7.87
4	64	9.4821
4	65	5.7624
4	66	7.3388
4	67	6.3047
4	68	11.066
4	69	4.5809
4	70	0.88306
4	71	5.013
4	72	2.6486
4	73	3.9544
4	74	3.7846
4	75	5.8042
4	76	6.7799
4	77	3.4325
4	78	4.6848
4	79	3.4796
4	80	5.4628
4	81	2.5317
4	82	2.6974
4	83	3.4016
4	84	6.1973
4	85	2.8635
4	86	2.8795
4	87	2.6095
4	88	3.203
4	89	1.7411
4	90	4.6279
4	91	4.7735
4	92	6.7304
4	93	4.0747
4	94	4.2619
4	95	6.7624
4	96	3.7194
4	97	10.381
5	6	208.4
5	7	59.576
5	8	34.312
5	9	28.313
5	10	20.47
5	11	17.247
5	12	17.066
5	13	14.514
5	14	15.022
5	15	24.3
5	16	17.746
5	17	20.034
5	18	19.044
5	19	21.707
5	20	16.733
5	21	13.445
5	22	16.634
5	23	13.603
5	24	8.6465
5	25	8.8331
5	26	8.444
5	27	5.9594
5	28	6.5879
5	29	12.291
5	30	11.337
5	31	6.7683
5	32	11.426
5	33	7.1001
5	34	12.72
5	35	21.073
5	36	10.943
5	37	10.974
5	38	10.163
5	39	10.963
5	40	8.7136
5	41	8.8588
5	42	16.069
5	43	8.6098
5	44	9.228
5	45	14.311
5	46	6.719
5	47	7.1691
5	48	12.244
5	49	10.885
5	50	8.5234
5	51	1.1551
5	52	8.6871
5	53	10.708
5	54	6.2352
5	55	7.7124
5	56	10.854
5	57	6.5883
5	58	6.2505
5	59	10.11
5	60	7.127
5	61	5.6075
5	62	11.444
5	63	5.4821
5	64	7.0455
5	65	6.4015
5	66	4.0779
5	67	2.9973
5	68	2.2368
5	69	5.0878
5	70	5.893
5	71	7.819
5	72	4.8936
5	73	9.4992
5	74	4.2127
5	75	2.7603
5	76	4.3894
5	77	5.2821
5	78	5.1797
5	79	4.4829
5	80	4.9908
5	81	3.3244
5	82	3.7012
5	83	3.1253
5	84	10.681
5	85	3.7992
5	86	3.9911
5	87	4.3485
5	88	4.2535
5	89	3.8522
5	90	5.8607
5	91	2.3385
5	92	6.1284
5	93	4.8415
5	94	3.9687
5	95	5.5074
5	96	3.5242
5	97	11.414
6	7	161.84
6	8	55.598
6	9	35.001
6	10	45.058
6	11	19.282
6	12	27.094
6	13	22.21
6	14	19.194
6	15	19.464
6	16	17.724
6	17	7.1967
6	18	18.699
6	19	12.829
6	20	7.2542
6	21	12.985
6	22	14.14
6	23	20.311
6	24	13.739
6	25	16.637
6	26	10.378
6	27	11.382
6	28	14.402
6	29	15.181
6	30	7.4351
6	31	14.563
6	32	14.017
6	33	16.176
6	34	14.554
6	35	8.7019
6	36	6.4478
6	37	1.5707
6	38	1.7756
6	39	5.3741
6	40	7.6571
6	41	9.7905
6	42	11.404
6	43	2.7238
6	44	10.892
6	45	9.3863
6	46	7.0098
6	47	4.8266
6	48	2.6319
6	49	5.1479
6	50	4.1856
6	51	6.3431
6	52	5.2878
6	53	7.5541
6	54	3.4879
6	55	7.9214
6	56	6.956
6	57	5.2127
6	58	7.4147
6	59	8.6967
6	60	7.464
6	61	5.5553
6	62	6.8128
6	63	5.1511
6	64	3.6788
6	65	4.3206
6	66	1.6046
6	67	2.3685
6	68	3.5175
6	69	1.6016
6	70	5.41
6	71	7.8689
6	72	2.3201
6	73	6.3467
6	74	1.6542
6	75	5.8091
6	76	0.98751
6	77	7.8931
6	78	7.0543
6	79	5.6099
6	80	9.2509
6	81	7.6189
6	82	7.1633
6	83	4.4884
6	84	1.2064
6	85	4.0212
6	86	5.0462
6	87	1.7093
6	88	1.6867
6	89	2.0353
6	90	2.8943
6	91	3.7312
6	92	3.6359
6	93	4.5929
6	94	2.7004
6	95	6.3684
6	96	4.9441
6	97	4.9441
7	8	201.33
7	9	103.74
7	10	54.802
7	11	48.279
7	12	35.164
7	13	31.828
7	14	23.325
7	15	23.453
7	16	15.061
7	17	21.852
7	18	10.938
7	19	17.091
7	20	11.457
7	21	13.409
7	22	7.5595
7	23	22.405
7	24	11.71
7	25	10.163
7	26	11.212
7	27	15.459
7	28	13.122
7	29	14.872
7	30	9.965
7	31	15.553
7	32	15.779
7	33	11.329
7	34	11.618
7	35	11.695
7	36	7.2641
7	37	1.1367
7	38	6.4226
7	39	4.6695
7	40	2.4712
7	41	12.13
7	42	7.7468
7	43	6.8906
7	44	3.9379
7	45	6.784
7	46	1.2707
7	47	10.488
7	48	3.8023
7	49	3.7188
7	50	2.4234
7	51	6.5612
7	52	5.4807
7	53	8.5118
7	54	3.0367
7	55	16.738
7	56	6.195
7	57	7.5312
7	58	8.9314
7	59	6.7519
7	60	10.825
7	61	8.8321
7	62	10.657
7	63	2.4887
7	64	2.6649
7	65	2.0832
7	66	2.3216
7	67	2.3216
7	68	2.545
7	69	4.6361
7	70	3.3527
7	71	1.268
7	72	2.2352
7	73	3.3388
7	74	5.986
7	75	2.0995
7	76	4.2955
7	77	5.2213
7	78	7.6313
7	79	5.881
7	80	9.2374
7	81	9.6335
7	82	11.109
7	83	3.594
7	84	5.2326
7	85	4.354
7	86	2.7347
7	87	3.3044
7	88	2.4349
7	89	2.9416
7	90	1.6744
7	91	2.017
7	92	1.4226
7	93	4.2266
7	94	2.3157
7	95	8.028
7	96	8.2412
7	97	8.2412
8	9	174.85
8	10	87.044
8	11	62.171
8	12	44.928
8	13	35.434
8	14	33.156
8	15	17.993
8	16	13.883
8	17	15.211
8	18	16.8
8	19	16.954
8	20	10.286
8	21	10.813
8	22	14.713
8	23	18.053
8	24	9.6901
8	25	11.142
8	26	14.342
8	27	13.182
8	28	10.065
8	29	11.424
8	30	10.002
8	31	11.943
8	32	11.44
8	33	11.586
8	34	10.687
8	35	12.186
8	36	7.1944
8	37	6.1277
8	38	4.95
8	39	6.0001
8	40	7.622
8	41	7.7774
8	42	14.887
8	43	6.057
8	44	2.0234
8	45	6.2746
8	46	3.92
8	47	8.0824
8	48	3.9051
8	49	6.6849
8	50	13.073
8	51	2.0232
8	52	9.2964
8	53	3.7493
8	54	3.12
8	55	4.0655
8	56	6.5518
8	57	2.8951
8	58	5.4945
8	59	8.8968
8	60	8.3314
8	61	5.5524
8	62	9.4479
8	63	5.7567
8	64	5.1375
8	65	1.6048
8	66	2.6825
8	67	4.3883
8	68	5.8842
8	69	2.6788
8	70	3.4435
8	71	4.8887
8	72	2.5805
8	73	5.7784
8	74	3.6899
8	75	2.4238
8	76	2.7521
8	77	9.3482
8	78	3.9099
8	79	5.6451
8	80	4.4254
8	81	6.3975
8	82	8.526
8	83	7.1722
8	84	5.3652
8	85	2.788
8	86	3.5063
8	87	1.9071
8	88	0.62375
8	89	5.0864
8	90	3.22
8	91	1.5483
8	92	1.8165
8	93	6.4758
8	94	4.1379
8	95	7.3875
8	96	8.5749
8	97	8.5749
9	10	373.8
9	11	98.346
9	12	58.741
9	13	45.977
9	14	29.362
9	15	15.155
9	16	13.488
9	17	17.23
9	18	12.334
9	19	12.307
9	20	11.363
9	21	12.45
9	22	17.853
9	23	24.019
9	24	9.5782
9	25	17.423
9	26	10.959
9	27	16.115
9	28	13.836
9	29	14.033
9	30	10.192
9	31	12.42
9	32	9.3612
9	33	11.757
9	34	15.036
9	35	14.475
9	36	2.741
9	37	10.521
9	38	4.2453
9	39	11.301
9	40	5.6888
9	41	6.0234
9	42	7.0701
9	43	4.5652
9	44	6.077
9	45	4.4887
9	46	5.8609
9	47	6.155
9	48	3.3572
9	49	2.4625
9	50	4.0017
9	51	3.4649
9	52	5.0534
9	53	6.4164
9	54	2.6673
9	55	7.585
9	56	4.097
9	57	6.8639
9	58	4.7338
9	59	5.7693
9	60	7.1394
9	61	3.7271
9	62	4.898
9	63	1.6406
9	64	6.1515
9	65	1.378
9	66	3.0697
9	67	2.2672
9	68	2.523
9	69	2.2986
9	70	2.9564
9	71	3.3424
9	72	2.962
9	73	6.0765
9	74	4.7445
9	75	4.1698
9	76	3.7806
9	77	4.667
9	78	3.944
9	79	6.3578
9	80	5.4164
9	81	6.0404
9	82	9.1832
9	83	7.1794
9	84	5.1989
9	85	2.4093
9	86	3.6234
9	87	1.0901
9	88	2.6934
9	89	2.6934
9	90	1.1088
9	91	3.5807
9	92	3.8206
9	93	4.4303
9	94	5.2153
9	95	8.6847
9	96	7.172
9	97	13.192
10	11	227.2
10	12	90.543
10	13	63.679
10	14	44.416
10	15	28.14
10	16	20.061
10	17	19.426
10	18	18.646
10	19	13.274
10	20	10.193
10	21	12.51
10	22	12.878
10	23	11.886
10	24	16.786
10	25	10.937
10	26	13.915
10	27	15.185
10	28	12.234
10	29	15.984
10	30	7.483
10	31	17.247
10	32	21.743
10	33	10.595
10	34	23.313
10	35	5.923
10	36	9.2351
10	37	3.0341
10	38	4.5711
10	39	11.085
10	40	1.1018
10	41	1.7964
10	42	7.7375
10	43	6.1246
10	44	11.673
10	45	1.2066
10	46	3.3964
10	47	5.187
10	48	10.138
10	49	1.1019
10	50	4.313
10	51	2.3364
10	52	5.8618
10	53	4.3309
10	54	1.804
10	55	8.6119
10	56	9.6403
10	57	6.6892
10	58	6.3487
10	59	9.4135
10	60	4.8197
10	61	7.1325
10	62	7.2786
10	63	2.2163
10	64	2.373
10	65	4.6319
10	66	6.1962
10	67	3.0371
10	68	1.1324
10	69	1.0313
10	70	0.99372
10	71	3.3893
10	72	3.3893
10	73	5.1945
10	74	3.1954
10	75	1.8664
10	76	3.1859
10	77	3.8457
10	78	9.7814
10	79	5.216
10	80	3.575
10	81	5.6743
10	82	9.057
10	83	7.6491
10	84	3.8756
10	85	4.5101
10	86	4.0503
10	87	1.4709
10	88	1.4709
10	89	2.6132
10	90	0.74414
10	91	3.5777
10	92	4.1941
10	93	6.6383
10	94	2.0435
10	95	6.1414
10	96	5.7178
10	97	5.8264
11	12	199.36
11	13	87.18
11	14	51.613
11	15	26.568
11	16	20.779
11	17	27.946
11	18	23.884
11	19	19.127
11	20	17.083
11	21	17.49
11	22	13.892
11	23	8.3868
11	24	14.794
11	25	8.1315
11	26	12.278
11	27	10.931
11	28	9.2862
11	29	9.3431
11	30	13.149
11	31	6.385
11	32	11.138
11	33	10.808
11	34	11.577
11	35	13.728
11	36	8.5127
11	37	8.4795
11	38	8.6293
11	39	6.9687
11	40	7.3642
11	41	7.5425
11	42	13.009
11	43	11.75
11	44	11.762
11	45	5.0668
11	46	8.5283
11	47	6.9537
11	48	8.5193
11	49	12.037
11	50	4.521
11	51	5.8745
11	52	4.9017
11	53	8.1628
11	54	5.2792
11	55	9.1999
11	56	7.5047
11	57	4.9161
11	58	5.9958
11	59	3.6018
11	60	7.3905
11	61	4.1908
11	62	8.5624
11	63	4.6405
11	64	6.9585
11	65	6.9969
11	66	5.1972
11	67	5.1091
11	68	3.7991
11	69	3.4595
11	70	6.6738
11	71	5.6732
11	72	7.5079
11	73	8.0916
11	74	2.6797
11	75	1.5667
11	76	6.9288
11	77	5.8647
11	78	4.4319
11	79	8.7805
11	80	6.0435
11	81	4.8061
11	82	3.8426
11	83	3.219
11	84	4.5533
11	85	2.7072
11	86	2.0406
11	87	2.4612
11	88	1.2114
11	89	1.6452
11	90	6.2445
11	91	2.5092
11	92	5.3192
11	93	8.0884
11	94	9.2563
11	95	8.4336
11	96	7.067
11	97	7.067
12	13	287.35
12	14	75.422
12	15	38.457
12	16	27.44
12	17	29.735
12	18	19.268
12	19	22.405
12	20	8.1803
12	21	12.935
12	22	15.817
12	23	20.075
12	24	22.541
12	25	16.104
12	26	15.512
12	27	11.083
12	28	20.275
12	29	9.5104
12	30	15.347
12	31	12.794
12	32	18.828
12	33	18.47
12	34	14.988
12	35	6.5753
12	36	9.6294
12	37	6.4935
12	38	5.5041
12	39	6.6659
12	40	9.6909
12	41	7.9417
12	42	11.766
12	43	7.7367
12	44	9.3761
12	45	6.7849
12	46	2.7198
12	47	4.1598
12	48	6.3378
12	49	8.8564
12	50	2.5952
12	51	2.8097
12	52	6.2558
12	53	6.9413
12	54	7.2202
12	55	8.8098
12	56	4.4225
12	57	6.7248
12	58	9.5703
12	59	6.2067
12	60	11.583
12	61	4.016
12	62	12.89
12	63	5.3264
12	64	1.9017
12	65	3.7195
12	66	4.1444
12	67	4.0729
12	68	7.2694
12	69	1.6555
12	70	4.788
12	71	0.90463
12	72	0.79861
12	73	7.7493
12	74	4.2729
12	75	2.9993
12	76	3.0644
12	77	12.478
12	78	5.4561
12	79	3.1543
12	80	3.7249
12	81	8.2943
12	82	7.3581
12	83	4.6279
12	84	1.8691
12	85	3.631
12	86	3.907
12	87	3.5364
12	88	1.7403
12	89	2.1019
12	90	1.1961
12	91	2.405
12	92	3.7427
12	93	9.1115
12	94	2.7763
12	95	6.1657
12	96	9.755
12	97	9.755
13	14	192.23
13	15	57.938
13	16	38.102
13	17	36.027
13	18	33.338
13	19	19.775
13	20	9.2454
13	21	15.337
13	22	17.811
13	23	25.01
13	24	18.127
13	25	15.652
13	26	16.633
13	27	14.981
13	28	13.947
13	29	19.001
13	30	11.177
13	31	14.586
13	32	9.1514
13	33	14.015
13	34	23.238
13	35	12.777
13	36	10.755
13	37	5.5025
13	38	4.4406
13	39	8.5997
13	40	6.8125
13	41	6.2966
13	42	14.772
13	43	4.7728
13	44	5.4474
13	45	7.5084
13	46	4.3837
13	47	8.0523
13	48	4.3858
13	49	18.875
13	50	5.0239
13	51	6.3439
13	52	4.5372
13	53	5.0366
13	54	4.889
13	55	5.4894
13	56	10.176
13	57	7.8244
13	58	8.0407
13	59	13.384
13	60	11.212
13	61	7.7905
13	62	10.802
13	63	6.0105
13	64	1.8396
13	65	2.1616
13	66	2.1616
13	67	3.9476
13	68	1.7594
13	69	6.4121
13	70	1.5455
13	71	3.4997
13	72	4.6444
13	73	2.3106
13	74	1.6543
13	75	1.4531
13	76	4.4519
13	77	9.7175
13	78	7.6481
13	79	4.5942
13	80	7.2545
13	81	7.1855
13	82	8.3609
13	83	5.9945
13	84	4.8316
13	85	5.0333
13	86	4.4182
13	87	2.2825
13	88	3.3767
13	89	0.50968
13	90	3.4782
13	91	2.3364
13	92	3.9794
13	93	4.9395
13	94	2.7118
13	95	5.646
13	96	2.9015
13	97	4.5846
14	15	205.67
14	16	93.89
14	17	70.956
14	18	45.906
14	19	23.774
14	20	28.224
14	21	31.249
14	22	20.467
14	23	30.41
14	24	20.991
14	25	16.105
14	26	15.833
14	27	18.128
14	28	15.287
14	29	17.446
14	30	19.363
14	31	14.146
14	32	14.14
14	33	15.208
14	34	10.875
14	35	12.65
14	36	7.428
14	37	4.6427
14	38	2.6284
14	39	7.9777
14	40	8.8847
14	41	3.0891
14	42	14.737
14	43	6.0068
14	44	8.0537
14	45	12.488
14	46	6.5211
14	47	7.154
14	48	9.0574
14	49	7.5955
14	50	9.9188
14	51	1.3446
14	52	3.3738
14	53	4.9856
14	54	8.2985
14	55	7.1706
14	56	10.253
14	57	11.48
14	58	9.989
14	59	9.7824
14	60	5.5276
14	61	8.9598
14	62	7.478
14	63	6.3823
14	64	4.1003
14	65	3.1913
14	66	3.5579
14	67	8.1306
14	68	1.3016
14	69	5.9225
14	70	5.7103
14	71	2.6019
14	72	3.4142
14	73	4.2481
14	74	9.7999
14	75	4.2788
14	76	2.1879
14	77	9.6182
14	78	6.0169
14	79	5.9469
14	80	6.365
14	81	8.3488
14	82	8.5764
14	83	3.6277
14	84	6.2083
14	85	5.8837
14	86	1.8555
14	87	1.6864
14	88	2.4702
14	89	3.7303
14	90	1.7037
14	91	2.0363
14	92	4.265
14	93	6.551
14	94	3.835
14	95	5.8584
14	96	5.2622
14	97	13.239
15	16	322.21
15	17	142.07
15	18	67.564
15	19	32.704
15	20	22.028
15	21	14.816
15	22	21.486
15	23	21.681
15	24	20.701
15	25	15.354
15	26	14.496
15	27	15.864
15	28	14.588
15	29	16.603
15	30	12.852
15	31	12.354
15	32	13.905
15	33	12.745
15	34	12.93
15	35	12.524
15	36	12.918
15	37	6.059
15	38	7.9989
15	39	8.317
15	40	9.9167
15	41	10.758
15	42	18.845
15	43	7.8507
15	44	10.506
15	45	10.86
15	46	6.7961
15	47	5.1835
15	48	12.383
15	49	13.217
15	50	2.1558
15	51	8.1782
15	52	3.9072
15	53	6.4966
15	54	6.3086
15	55	3.9036
15	56	8.9261
15	57	5.001
15	58	8.7025
15	59	11.942
15	60	11.218
15	61	8.5227
15	62	8.697
15	63	2.2171
15	64	3.5613
15	65	1.851
15	66	1.0316
15	67	4.0456
15	68	1.1318
15	69	3.0912
15	70	0.99318
15	71	3.39
15	72	1.9824
15	73	3.6997
15	74	9.5831
15	75	4.6566
15	76	0.63482
15	77	5.3568
15	78	5.248
15	79	6.4892
15	80	5.0698
15	81	3.9424
15	82	7.5107
15	83	5.0707
15	84	3.0908
15	85	7.0572
15	86	3.2322
15	87	5.1349
15	88	5.0255
15	89	3.9034
15	90	5.1945
15	91	4.7439
15	92	4.574
15	93	5.3457
15	94	4.0492
15	95	3.7489
15	96	5.1505
15	97	5.1505
16	17	365.26
16	18	152.01
16	19	37.306
16	20	34.397
16	21	23.289
16	22	18.384
16	23	17.688
16	24	18.447
16	25	14.097
16	26	11.219
16	27	7.532
16	28	12.138
16	29	12.545
16	30	12.224
16	31	13.091
16	32	11.596
16	33	14.955
16	34	11.498
16	35	8.8653
16	36	14.101
16	37	9.2404
16	38	15.134
16	39	7.0788
16	40	12.416
16	41	13.637
16	42	16.425
16	43	7.9432
16	44	13.074
16	45	11.057
16	46	5.7941
16	47	10.568
16	48	11.442
16	49	10.076
16	50	9.8892
16	51	7.156
16	52	5.9947
16	53	6.637
16	54	4.6038
16	55	5.5344
16	56	8.3568
16	57	5.901
16	58	8.0058
16	59	12.044
16	60	5.7091
16	61	3.5841
16	62	11.688
16	63	2.2676
16	64	10.923
16	65	7.5294
16	66	4.1978
16	67	4.1019
16	68	10.376
16	69	1.0483
16	70	8.0868
16	71	8.0894
16	72	4.0177
16	73	6.7481
16	74	6.5139
16	75	5.6682
16	76	4.5103
16	77	6.8636
16	78	7.556
16	79	11.739
16	80	3.5255
16	81	5.0204
16	82	2.9885
16	83	3.8132
16	84	4.6917
16	85	6.4652
16	86	3.2742
16	87	3.7307
16	88	3.6228
16	89	2.6264
16	90	2.2544
16	91	2.3789
16	92	4.1136
16	93	4.455
16	94	5.2982
16	95	4.1431
16	96	4.0353
16	97	4.0353
17	18	223.27
17	19	62.377
17	20	33.552
17	21	42.382
17	22	21.945
17	23	25.808
17	24	8.9172
17	25	14.221
17	26	11.902
17	27	13.532
17	28	10.09
17	29	7.7546
17	30	13.213
17	31	17.223
17	32	7.5004
17	33	10.752
17	34	9.3576
17	35	18.446
17	36	17.04
17	37	15.74
17	38	9.7292
17	39	9.8707
17	40	12.623
17	41	15.191
17	42	20.434
17	43	9.8267
17	44	16.545
17	45	11.97
17	46	17.796
17	47	7.3651
17	48	6.3711
17	49	12.464
17	50	12.464
17	51	18.297
17	52	13.95
17	53	16.979
17	54	7.7153
17	55	5.505
17	56	8.7363
17	57	8.2147
17	58	7.8008
17	59	14.345
17	60	5.6954
17	61	4.9864
17	62	9.1428
17	63	6.3301
17	64	13.549
17	65	3.932
17	66	10.238
17	67	9.9813
17	68	6.4256
17	69	8.7613
17	70	7.0426
17	71	11.293
17	72	6.9859
17	73	10.443
17	74	4.5416
17	75	5.2625
17	76	2.6984
17	77	11.59
17	78	6.2985
17	79	5.4352
17	80	2.0889
17	81	5.3884
17	82	6.1845
17	83	2.6471
17	84	4.3551
17	85	6.2935
17	86	6.8364
17	87	1.0415
17	88	2.0148
17	89	6.3956
17	90	6.2756
17	91	4.1274
17	92	5.1118
17	93	2.7887
17	94	4.5508
17	95	5.6863
17	96	5.5343
17	97	5.5343
18	19	211.63
18	20	70.329
18	21	65.022
18	22	27.373
18	23	17.538
18	24	8.9025
18	25	11.422
18	26	7.353
18	27	14.284
18	28	13.548
18	29	12.382
18	30	12.853
18	31	9.9663
18	32	13.781
18	33	16.068
18	34	16.657
18	35	20.555
18	36	21.758
18	37	21.527
18	38	20.517
18	39	17.127
18	40	8.6811
18	41	21.098
18	42	18.211
18	43	13.681
18	44	14.403
18	45	17.592
18	46	11.464
18	47	4.6566
18	48	12.619
18	49	12.345
18	50	8.4694
18	51	14.435
18	52	8.7887
18	53	21.9
18	54	8.1087
18	55	9.6246
18	56	10.011
18	57	8.402
18	58	7.9766
18	59	14.308
18	60	9.0041
18	61	5.5665
18	62	8.9194
18	63	13.708
18	64	4.0025
18	65	8.3041
18	66	9.2598
18	67	10.192
18	68	6.3504
18	69	8.0924
18	70	8.9131
18	71	8.8931
18	72	8.8828
18	73	12.442
18	74	11.957
18	75	9.395
18	76	6.4157
18	77	6.8075
18	78	5.0289
18	79	5.7999
18	80	7.3293
18	81	3.1264
18	82	4.1714
18	83	4.9545
18	84	7.7921
18	85	4.3066
18	86	8.1477
18	87	2.4721
18	88	2.4101
18	89	5.0988
18	90	5.0988
18	91	6.6215
18	92	6.4649
18	93	7.2899
18	94	3.7323
18	95	5.7
18	96	3.4141
18	97	6.453
19	20	183.4
19	21	114.14
19	22	38.592
19	23	27.887
19	24	12.095
19	25	13.912
19	26	13.703
19	27	17.814
19	28	12.613
19	29	16.416
19	30	14.086
19	31	9.7477
19	32	13.873
19	33	10.985
19	34	15.992
19	35	20.219
19	36	19.416
19	37	15.432
19	38	15.303
19	39	17.267
19	40	11.632
19	41	14.535
19	42	17.097
19	43	16.604
19	44	13.395
19	45	16.156
19	46	15.21
19	47	9.9169
19	48	11.833
19	49	17.888
19	50	10.315
19	51	8.9541
19	52	10.3
19	53	18.68
19	54	8.6333
19	55	6.6942
19	56	8.5118
19	57	11.902
19	58	6.7789
19	59	5.675
19	60	6.1257
19	61	12.82
19	62	5.5049
19	63	11.696
19	64	6.8312
19	65	4.421
19	66	9.8596
19	67	8.6826
19	68	9.7429
19	69	7.8756
19	70	12.347
19	71	8.6675
19	72	12.279
19	73	8.46
19	74	5.0975
19	75	7.1064
19	76	7.8692
19	77	8.6592
19	78	5.695
19	79	4.9204
19	80	5.7192
19	81	4.2266
19	82	4.9518
19	83	5.3967
19	84	4.4137
19	85	2.4365
19	86	3.85
19	87	2.8025
19	88	4.7762
19	89	6.7989
19	90	6.3601
19	91	4.4879
19	92	5.8427
19	93	5.3755
19	94	3.1423
19	95	3.9294
19	96	4.3066
19	97	4.3066
20	21	172.05
20	22	38.34
20	23	26.186
20	24	16.413
20	25	9.8001
20	26	10.095
20	27	11.468
20	28	11.579
20	29	12.489
20	30	14.75
20	31	11.437
20	32	6.8916
20	33	9.8738
20	34	7.7229
20	35	21.667
20	36	24.198
20	37	15.84
20	38	17.962
20	39	16.411
20	40	17.502
20	41	12.838
20	42	11.067
20	43	14.711
20	44	19.854
20	45	4.7354
20	46	8.9707
20	47	8.1588
20	48	4.4086
20	49	14.375
20	50	9.8973
20	51	6.1452
20	52	6.4448
20	53	5.7027
20	54	10.689
20	55	11.162
20	56	8.0536
20	57	6.487
20	58	11.294
20	59	12.106
20	60	5.2552
20	61	3.6725
20	62	5.6097
20	63	4.387
20	64	3.1298
20	65	9.6743
20	66	10.797
20	67	10.519
20	68	7.4143
20	69	9.4321
20	70	6.4995
20	71	8.9447
20	72	6.4389
20	73	8.6631
20	74	4.1936
20	75	4.8521
20	76	5.8044
20	77	2.9016
20	78	6.7632
20	79	9.9982
20	80	4.4694
20	81	6.3479
20	82	4.7293
20	83	3.2438
20	84	5.0158
20	85	0.82744
20	86	3.1506
20	87	5.765
20	88	3.7099
20	89	3.3648
20	90	2.8916
20	91	6.0698
20	92	4.6817
20	93	4.5931
20	94	1.6643
20	95	4.6226
20	96	1.2644
20	97	1.2644
21	22	138.07
21	23	62.206
21	24	21.419
21	25	21.67
21	26	21.727
21	27	13.432
21	28	17.28
21	29	16.12
21	30	17.51
21	31	19.002
21	32	6.1961
21	33	16.755
21	34	15.038
21	35	23.019
21	36	12.548
21	37	21.013
21	38	22.805
21	39	10.084
21	40	12.044
21	41	14.569
21	42	13.849
21	43	15.701
21	44	13.762
21	45	5.4723
21	46	10.314
21	47	6.5812
21	48	9.1764
21	49	6.9816
21	50	12.717
21	51	11.681
21	52	5.3309
21	53	7.878
21	54	4.9123
21	55	16.183
21	56	13.629
21	57	10.506
21	58	6.4107
21	59	9.9621
21	60	10.875
21	61	10.835
21	62	5.199
21	63	5.0469
21	64	2.1614
21	65	10.892
21	66	9.3432
21	67	10.964
21	68	4.1055
21	69	3.7314
21	70	6.3031
21	71	8.2254
21	72	11.622
21	73	5.3353
21	74	7.7354
21	75	4.2043
21	76	9.1597
21	77	7.4812
21	78	3.363
21	79	9.288
21	80	5.8273
21	81	2.9797
21	82	5.3324
21	83	3.3924
21	84	4.1736
21	85	2.301
21	86	1.4571
21	87	3.3164
21	88	5.1585
21	89	2.9195
21	90	2.6738
21	91	4.2316
21	92	4.3892
21	93	7.2039
21	94	4.1237
21	95	5.7335
21	96	2.6896
21	97	2.6896
22	23	332.14
22	24	59.3
22	25	36.837
22	26	27.308
22	27	29.652
22	28	22.397
22	29	23.354
22	30	17.633
22	31	16.327
22	32	17.212
22	33	20.837
22	34	18.277
22	35	15.277
22	36	10.623
22	37	8.5259
22	38	11.411
22	39	12.775
22	40	10.139
22	41	11.702
22	42	21.046
22	43	10.708
22	44	9.8668
22	45	6.4921
22	46	6.9558
22	47	7.1617
22	48	7.7882
22	49	7.6183
22	50	8.2788
22	51	10.766
22	52	5.2449
22	53	7.4822
22	54	8.2934
22	55	8.9877
22	56	8.4272
22	57	8.9578
22	58	8.4999
22	59	10.486
22	60	6.7562
22	61	9.2594
22	62	6.6731
22	63	6.8098
22	64	3.647
22	65	6.3977
22	66	10.298
22	67	4.6648
22	68	7.8232
22	69	4.7458
22	70	5.3417
22	71	6.9375
22	72	6.0892
22	73	9.0827
22	74	6.5429
22	75	2.8599
22	76	6.3219
22	77	7.0682
22	78	6.9079
22	79	4.4837
22	80	7.7873
22	81	7.7904
22	82	9.8345
22	83	7.7822
22	84	5.3355
22	85	3.9385
22	86	3.1017
22	87	2.2492
22	88	2.7556
22	89	3.4928
22	90	2.2776
22	91	7.2802
22	92	5.1059
22	93	4.7372
22	94	3.6298
22	95	5.0454
22	96	6.727
22	97	6.727
23	24	369.92
23	25	85.155
23	26	60.426
23	27	55.803
23	28	39.606
23	29	25.533
23	30	23.019
23	31	29.42
23	32	23.977
23	33	15.592
23	34	27.278
23	35	20.68
23	36	5.418
23	37	5.9358
23	38	6.7017
23	39	6.0924
23	40	1.6153
23	41	11.862
23	42	21.464
23	43	6.425
23	44	8.5559
23	45	10.611
23	46	3.3182
23	47	12.172
23	48	3.3027
23	49	9.6921
23	50	1.5807
23	51	6.8489
23	52	2.8649
23	53	4.7603
23	54	3.9691
23	55	11.494
23	56	14.152
23	57	8.5924
23	58	11.653
23	59	17.588
23	60	10.612
23	61	8.3855
23	62	10.696
23	63	6.4946
23	64	6.4946
23	65	6.7929
23	66	1.5145
23	67	5.939
23	68	3.3203
23	69	6.0522
23	70	5.826
23	71	3.312
23	72	4.3729
23	73	7.6271
23	74	3.1223
23	75	1.3693
23	76	4.6801
23	77	6.7831
23	78	14.366
23	79	4.7906
23	80	7.5213
23	81	15.883
23	82	8.8761
23	83	5.6253
23	84	4.5533
23	85	5.6806
23	86	4.7559
23	87	2.1594
23	88	4.2331
23	89	1.92
23	90	1.92
23	91	4.3855
23	92	10.515
23	93	3.0613
23	94	2.0114
23	95	6.9722
23	96	8.4491
23	97	17.142
24	25	305.72
24	26	97.082
24	27	79.204
24	28	35.583
24	29	24.983
24	30	18.684
24	31	18.946
24	32	29.575
24	33	21.209
24	34	17.827
24	35	14.127
24	36	7.8392
24	37	8.5667
24	38	1.3859
24	39	6.7388
24	40	4.0315
24	41	6.5032
24	42	15.48
24	43	2.1066
24	44	8.4891
24	45	5.8492
24	46	5.5166
24	47	2.5174
24	48	4.0882
24	49	6.6658
24	50	2.6165
24	51	8.5187
24	52	8.5187
24	53	2.6335
24	54	6.5816
24	55	7.5469
24	56	8.3103
24	57	8.0482
24	58	13.375
24	59	14.374
24	60	10.702
24	61	10.274
24	62	8.7267
24	63	6.7462
24	64	1.4442
24	65	1.1212
24	66	1.2504
24	67	2.4436
24	68	2.7461
24	69	2.4981
24	70	4.8149
24	71	4.8149
24	72	3.5927
24	73	7.1572
24	74	9.0484
24	75	9.0484
24	76	2.3083
24	77	7.2904
24	78	3.6084
24	79	6.2344
24	80	10.254
24	81	11.357
24	82	2.6781
24	83	8.3603
24	84	2.7998
24	85	7.7239
24	86	4.8818
24	87	3.5606
24	88	3.4597
24	89	1.5686
24	90	2.6899
24	91	0.71115
24	92	6.4121
24	93	6.8008
24	94	4.7675
24	95	6.6211
24	96	4.2369
24	97	6.914
25	26	281.12
25	27	116.05
25	28	39.685
25	29	24.631
25	30	27.313
25	31	28.375
25	32	23.753
25	33	19.16
25	34	24.149
25	35	7.7899
25	36	7.1221
25	37	6.8176
25	38	4.4104
25	39	5.3532
25	40	4.2576
25	41	3.456
25	42	13.195
25	43	3.3609
25	44	11.262
25	45	6.9853
25	46	8.7521
25	47	6.003
25	48	7.6003
25	49	7.4353
25	50	6.2415
25	51	4.5114
25	52	3.7735
25	53	6.2728
25	54	6.9612
25	55	9.0267
25	56	10.589
25	57	6.4225
25	58	6.0969
25	59	4.9269
25	60	6.9564
25	61	6.8368
25	62	6.2773
25	63	3.2119
25	64	2.2928
25	65	2.678
25	66	5.9707
25	67	3.8997
25	68	6.5523
25	69	0.99388
25	70	4.7901
25	71	2.1825
25	72	2.8655
25	73	7.13
25	74	6.166
25	75	3.5906
25	76	6.7306
25	77	13.958
25	78	10.822
25	79	6.865
25	80	8.2664
25	81	9.7153
25	82	7.9285
25	83	8.5293
25	84	2.9773
25	85	3.7047
25	86	3.8932
25	87	4.9527
25	88	3.4555
25	89	3.7576
25	90	2.8599
25	91	2.28
25	92	3.1869
25	93	5.9027
25	94	1.9356
25	95	5.3775
25	96	6.8891
25	97	5.56
26	27	284.64
26	28	69.112
26	29	41.824
26	30	26.786
26	31	31.261
26	32	25.992
26	33	23.566
26	34	17.467
26	35	13.858
26	36	10.09
26	37	14.047
26	38	9.0902
26	39	11.034
26	40	7.6773
26	41	13.355
26	42	14.442
26	43	8.6548
26	44	11.605
26	45	9.5979
26	46	14.656
26	47	2.0613
26	48	8.9519
26	49	5.4731
26	50	4.2876
26	51	8.1361
26	52	9.7191
26	53	2.155
26	54	3.5859
26	55	6.9747
26	56	7.4993
26	57	6.6177
26	58	5.4955
26	59	12.691
26	60	4.7776
26	61	7.7454
26	62	5.0288
26	63	5.0288
26	64	9.4531
26	65	1.8395
26	66	5.1271
26	67	3.0134
26	68	4.501
26	69	10.239
26	70	6.9129
26	71	6.7458
26	72	8.8561
26	73	5.8757
26	74	7.4142
26	75	3.6995
26	76	5.0419
26	77	3.7837
26	78	6.6888
26	79	9.0003
26	80	5.5065
26	81	12.78
26	82	5.1968
26	83	4.3922
26	84	3.0671
26	85	3.8159
26	86	4.0108
26	87	4.0108
26	88	2.1361
26	89	4.5151
26	90	2.2092
26	91	3.5217
26	92	4.0993
26	93	8.0969
26	94	2.6549
26	95	6.9142
26	96	7.0831
26	97	11.454
27	28	235.33
27	29	68.885
27	30	42.967
27	31	36.549
27	32	36.757
27	33	20.132
27	34	20.911
27	35	14.183
27	36	5.1902
27	37	7.9597
27	38	10.269
27	39	1.5557
27	40	6.1874
27	41	5.0497
27	42	17.42
27	43	4.9241
27	44	7.8678
27	45	5.4196
27	46	3.8137
27	47	5.8306
27	48	7.5908
27	49	4.9505
27	50	4.8442
27	51	3.9349
27	52	7.6837
27	53	8.5089
27	54	7.0967
27	55	10.571
27	56	7.7473
27	57	1.8816
27	58	8.9314
27	59	14.444
27	60	9.0368
27	61	10.447
27	62	6.5585
27	63	1.244
27	64	3.9955
27	65	3.1233
27	66	6.9619
27	67	5.6882
27	68	6.3601
27	69	6.9557
27	70	3.3479
27	71	5.0753
27	72	1.1172
27	73	7.5158
27	74	3.5886
27	75	3.1479
27	76	4.305
27	77	9.5329
27	78	6.7763
27	79	7.3444
27	80	9.8035
27	81	8.9735
27	82	9.3574
27	83	1.4374
27	84	1.7449
27	85	6.5313
27	86	9.1112
27	87	1.6551
27	88	3.2446
27	89	4.4159
27	90	3.3506
27	91	2.6896
27	92	6.1658
27	93	5.6342
27	94	3.8571
27	95	6.4194
27	96	8.2509
27	97	26.294
28	29	186.71
28	30	80.775
28	31	63.212
28	32	40.184
28	33	37.404
28	34	32.902
28	35	12.099
28	36	6.726
28	37	3.6812
28	38	7.2912
28	39	3.7896
28	40	5.0165
28	41	4.9043
28	42	7.0308
28	43	5.5651
28	44	8.5135
28	45	2.2004
28	46	9.2875
28	47	3.7782
28	48	7.1869
28	49	6.026
28	50	3.9299
28	51	4.2587
28	52	1.7792
28	53	4.9335
28	54	4.9245
28	55	13.523
28	56	8.1346
28	57	7.6004
28	58	8.6545
28	59	10.116
28	60	8.7584
28	61	3.8839
28	62	6.6073
28	63	3.0304
28	64	7.5729
28	65	7.5928
28	66	2.8212
28	67	9.2245
28	68	6.1894
28	69	4.6946
28	70	4.5281
28	71	2.0586
28	72	4.5182
28	73	5.3949
28	74	2.912
28	75	2.547
28	76	4.6254
28	77	11.186
28	78	6.1534
28	79	5.9193
28	80	5.0898
28	81	12.855
28	82	10.296
28	83	4.0467
28	84	4.9303
28	85	5.8496
28	86	3.6834
28	87	1.3364
28	88	0.65467
28	89	2.3719
28	90	2.7054
28	91	3.7854
28	92	6.4495
28	93	4.1285
28	94	2.4648
28	95	6.8469
28	96	6.5816
28	97	10.57
29	30	237.02
29	31	112.36
29	32	49.802
29	33	35.684
29	34	27.431
29	35	16.883
29	36	16.569
29	37	17.038
29	38	9.657
29	39	10.274
29	40	7.0184
29	41	15.091
29	42	15.254
29	43	12.822
29	44	12.323
29	45	7.6432
29	46	6.0048
29	47	9.8606
29	48	8.3071
29	49	13.934
29	50	7.9744
29	51	12.364
29	52	10.355
29	53	13.76
29	54	7.6356
29	55	9.0242
29	56	7.9474
29	57	6.1241
29	58	10.799
29	59	7.1445
29	60	8.4583
29	61	10.416
29	62	3.7918
29	63	9.4006
29	64	5.032
29	65	7.8087
29	66	8.7072
29	67	7.4471
29	68	10.759
29	69	7.6099
29	70	5.2414
29	71	4.791
29	72	5.2101
29	73	2.3338
29	74	9.0044
29	75	0.98006
29	76	3.3423
29	77	7.1336
29	78	6.2754
29	79	8.8054
29	80	6.8084
29	81	7.5428
29	82	10.873
29	83	10.563
29	84	8.1142
29	85	6.7125
29	86	4.2466
29	87	0.77389
29	88	2.2562
29	89	2.7262
29	90	3.1186
29	91	8.6491
29	92	7.7034
29	93	6.3227
29	94	6.2052
29	95	8.6229
29	96	7.8766
29	97	12.014
30	31	273.76
30	32	73.03
30	33	50.051
30	34	36.466
30	35	20.991
30	36	10.426
30	37	15.539
30	38	12.92
30	39	15.696
30	40	7.9439
30	41	11.942
30	42	12.249
30	43	14.27
30	44	11.998
30	45	13.645
30	46	12.831
30	47	5.3257
30	48	10.405
30	49	13.573
30	50	5.5406
30	51	1.2022
30	52	8.0425
30	53	8.9163
30	54	5.5598
30	55	8.7885
30	56	7.0303
30	57	16.198
30	58	12.137
30	59	13.945
30	60	5.7516
30	61	6.5232
30	62	8.1323
30	63	5.7097
30	64	9.7816
30	65	4.7498
30	66	7.4138
30	67	6.2225
30	68	3.4891
30	69	11.633
30	70	4.0821
30	71	3.4898
30	72	5.0755
30	73	6.815
30	74	6.5707
30	75	5.7257
30	76	7.7945
30	77	10.88
30	78	6.8876
30	79	5.9502
30	80	6.666
30	81	11.377
30	82	3.8108
30	83	3.2225
30	84	2.3704
30	85	5.2353
30	86	4.1363
30	87	2.2558
30	88	3.6662
30	89	5.3119
30	90	3.7956
30	91	3.6178
30	92	6.2869
30	93	6.2017
30	94	4.0632
30	95	4.2359
30	96	6.1897
30	97	6.1897
31	32	246.93
31	33	109.04
31	34	62.204
31	35	22.811
31	36	8.6398
31	37	9.4466
31	38	5.9453
31	39	10.111
31	40	11.495
31	41	3.7228
31	42	20.402
31	43	9.0433
31	44	7.2859
31	45	10.043
31	46	9.4485
31	47	6.4731
31	48	10.534
31	49	3.435
31	50	7.8536
31	51	7.3026
31	52	6.1093
31	53	4.514
31	54	6.5728
31	55	8.9088
31	56	7.8412
31	57	5.185
31	58	9.8433
31	59	7.9493
31	60	7.4992
31	61	8.8233
31	62	10.499
31	63	5.7795
31	64	2.4755
31	65	4.8109
31	66	7.5095
31	67	11.55
31	68	10.599
31	69	2.1426
31	70	5.1661
31	71	7.0678
31	72	4.1138
31	73	9.9803
31	74	3.326
31	75	0.96701
31	76	4.6139
31	77	9.4508
31	78	6.2067
31	79	8.0468
31	80	9.8925
31	81	12.126
31	82	11.582
31	83	6.5407
31	84	3.2048
31	85	5.9744
31	86	5.0305
31	87	2.2875
31	88	5.2043
31	89	5.3881
31	90	2.3088
31	91	3.0596
31	92	4.2593
31	93	5.8823
31	94	3.4405
31	95	9.5592
31	96	4.194
31	97	5.9621
32	33	374.13
32	34	90.725
32	35	32.478
32	36	23.589
32	37	15.252
32	38	9.2904
32	39	12.885
32	40	12.813
32	41	14.576
32	42	20.886
32	43	13.17
32	44	13.555
32	45	11.21
32	46	15.797
32	47	9.638
32	48	9.1511
32	49	23.018
32	50	15.027
32	51	8.1451
32	52	7.95
32	53	7.5504
32	54	3.144
32	55	8.1613
32	56	11.17
32	57	6.7759
32	58	8.2699
32	59	15.84
32	60	8.3853
32	61	5.7748
32	62	11.782
32	63	5.1536
32	64	6.8982
32	65	5.3755
32	66	2.3968
32	67	4.6956
32	68	5.2595
32	69	5.9849
32	70	3.4609
32	71	5.2539
32	72	3.453
32	73	4.2983
32	74	2.4742
32	75	4.327
32	76	5.9052
32	77	6.205
32	78	8.7022
32	79	2.2593
32	80	9.4017
32	81	11.09
32	82	11.304
32	83	8.0915
32	84	5.3853
32	85	6.7042
32	86	2.8155
32	87	3.4113
32	88	2.5008
32	89	3.7779
32	90	5.1717
32	91	5.5056
32	92	5.7817
32	93	6.6644
32	94	3.1225
32	95	5.9608
32	96	11.314
32	97	20.146
33	34	254.45
33	35	45.979
33	36	26.907
33	37	20.187
33	38	17.145
33	39	18.489
33	40	9.1789
33	41	16.428
33	42	19.968
33	43	5.8086
33	44	11.678
33	45	7.043
33	46	13.217
33	47	8.638
33	48	15.017
33	49	15.608
33	50	8.0858
33	51	9.7389
33	52	10.58
33	53	7.2201
33	54	5.2546
33	55	8.4506
33	56	11.432
33	57	9.7161
33	58	9.8795
33	59	18.472
33	60	8.0032
33	61	7.6823
33	62	8.4429
33	63	5.545
33	64	3.9589
33	65	4.6273
33	66	6.0167
33	67	9.2728
33	68	8.4894
33	69	5.1503
33	70	6.6228
33	71	3.7664
33	72	2.477
33	73	9.2394
33	74	3.5506
33	75	3.1026
33	76	4.2246
33	77	9.56
33	78	8.1135
33	79	7.56
33	80	10.116
33	81	9.834
33	82	9.3851
33	83	7.9077
33	84	5.1453
33	85	5.3389
33	86	4.7105
33	87	1.2212
33	88	0.59768
33	89	1.0825
33	90	4.3246
33	91	4.9319
33	92	5.526
33	93	6.1471
33	94	3.3625
33	95	6.2298
33	96	7.2672
33	97	19.272
34	35	88.671
34	36	23.343
34	37	19.434
34	38	28.94
34	39	19.637
34	40	21.11
34	41	27.293
34	42	33.094
34	43	13.274
34	44	11.83
34	45	13.459
34	46	9.1528
34	47	14.681
34	48	10.286
34	49	11.177
34	50	7.6397
34	51	4.7289
34	52	8.8729
34	53	10.952
34	54	8.1893
34	55	18.22
34	56	17.396
34	57	9.3132
34	58	5.6209
34	59	14.764
34	60	12.149
34	61	13.7
34	62	9.5767
34	63	11.206
34	64	4.8024
34	65	8.443
34	66	7.3166
34	67	5.1377
34	68	8.0239
34	69	6.2603
34	70	7.0503
34	71	5.7065
34	72	12.072
34	73	14.253
34	74	4.3134
34	75	6.6132
34	76	6.4205
34	77	14.912
34	78	10.68
34	79	6.6103
34	80	9.8637
34	81	9.8253
34	82	6.9427
34	83	7.1045
34	84	7.839
34	85	7.8268
34	86	4.921
34	87	2.225
34	88	2.9196
34	89	1.321
34	90	4.5151
34	91	4.8323
34	92	7.6683
34	93	11.403
34	94	6.9448
34	95	11.091
34	96	7.9476
34	97	7.9476
35	36	180.71
35	37	98.835
35	38	91.525
35	39	91.058
35	40	54.061
35	41	52.793
35	42	39.922
35	43	29.063
35	44	18.173
35	45	17.444
35	46	6.3098
35	47	12.693
35	48	26.277
35	49	13.465
35	50	27.59
35	51	24.711
35	52	19.593
35	53	18.088
35	54	14.058
35	55	12.143
35	56	13.74
35	57	13.883
35	58	12.302
35	59	17.028
35	60	9.8131
35	61	4.7302
35	62	9.6477
35	63	4.9398
35	64	9.2552
35	65	15.436
35	66	12.621
35	67	15.724
35	68	16.368
35	69	10.314
35	70	20.984
35	71	11.331
35	72	12.111
35	73	15.624
35	74	13.035
35	75	10.349
35	76	9.1816
35	77	12.674
35	78	12.47
35	79	15.82
35	80	8.9538
35	81	9.9342
35	82	9.1144
35	83	16.146
35	84	7.7245
35	85	3.5583
35	86	8.0788
35	87	1.633
35	88	2.3899
35	89	4.3327
35	90	10.718
35	91	7.2251
35	92	10.086
35	93	8.5978
35	94	11.124
35	95	11.841
35	96	8.4804
35	97	12.805
36	37	247.13
36	38	144.14
36	39	103.85
36	40	84.884
36	41	59.983
36	42	42.314
36	43	43.321
36	44	20.047
36	45	17.26
36	46	22.953
36	47	16.387
36	48	24.093
36	49	26.708
36	50	32.504
36	51	31.97
36	52	22.628
36	53	20.309
36	54	19.55
36	55	16.649
36	56	13.717
36	57	7.091
36	58	10.106
36	59	2.402
36	60	1.1529
36	61	2.0081
36	62	5.1076
36	63	12.822
36	64	6.8585
36	65	15.875
36	66	23.633
36	67	17.23
36	68	34.081
36	69	13.274
36	70	11.373
36	71	19.616
36	72	11.263
36	73	9.4801
36	74	15.305
36	75	10.613
36	76	9.094
36	77	3.1507
36	78	4.2184
36	79	9.0902
36	80	7.6366
36	81	3.8284
36	82	4.1036
36	83	4.4238
36	84	4.3896
36	85	3.6162
36	86	6.8895
36	87	4.2148
36	88	3.0399
36	89	4.5992
36	90	15.819
36	91	8.2782
36	92	7.914
36	93	9.4086
36	94	5.4068
36	95	7.5038
36	96	6.1567
36	97	8.0001
37	38	205.45
37	39	111.05
37	40	64.53
37	41	51.539
37	42	36.977
37	43	24.322
37	44	14.578
37	45	32.012
37	46	17.861
37	47	4.8725
37	48	29.803
37	49	17.148
37	50	25.318
37	51	18.345
37	52	16.948
37	53	10.218
37	54	12.781
37	55	8.4804
37	56	8.5525
37	57	6.4524
37	58	7.355
37	59	10.5
37	60	7.5406
37	61	1.0964
37	62	4.4644
37	63	13.973
37	64	14.951
37	65	10.104
37	66	20.947
37	67	17.246
37	68	30.093
37	69	11.263
37	70	15.512
37	71	21.374
37	72	13.831
37	73	24.141
37	74	6.6757
37	75	10.137
37	76	7.9338
37	77	8.0542
37	78	8.0682
37	79	5.9626
37	80	4.5639
37	81	3.3584
37	82	10.12
37	83	4.8373
37	84	8.3857
37	85	3.9505
37	86	6.2679
37	87	5.7436
37	88	3.3204
37	89	7.031
37	90	10.358
37	91	3.6208
37	92	6.8174
37	93	10.933
37	94	11.875
37	95	6.867
37	96	1.5031
37	97	1.5031
38	39	216.97
38	40	81.143
38	41	59.962
38	42	35.903
38	43	32.159
38	44	24.744
38	45	10.653
38	46	32.396
38	47	11.039
38	48	7.9353
38	49	11.642
38	50	19.113
38	51	22.86
38	52	26.207
38	53	21.225
38	54	17.721
38	55	8.2392
38	56	10.911
38	57	19.014
38	58	4.1677
38	59	10.399
38	60	11.416
38	61	8.7016
38	62	3.7946
38	63	13.854
38	64	14.821
38	65	14.709
38	66	12.779
38	67	23.053
38	68	16.038
38	69	12.756
38	70	5.2704
38	71	14.134
38	72	20.88
38	73	10.426
38	74	7.5628
38	75	14.766
38	76	9.0123
38	77	5.195
38	78	7.829
38	79	3.3767
38	80	4.3007
38	81	2.8453
38	82	8.8759
38	83	8.769
38	84	8.149
38	85	3.3578
38	86	2.84
38	87	11.735
38	88	12.538
38	89	14.806
38	90	7.8256
38	91	5.1266
38	92	7.7103
38	93	6.8613
38	94	10.053
38	95	3.8714
38	96	2.5437
38	97	2.5437
39	40	174.05
39	41	90.306
39	42	47.298
39	43	31.683
39	44	35.182
39	45	38.948
39	46	22.246
39	47	26.924
39	48	19.334
39	49	42.549
39	50	25.638
39	51	25.352
39	52	27.727
39	53	23.542
39	54	7.8645
39	55	13.373
39	56	20.67
39	57	8.8985
39	58	6.7633
39	59	10.836
39	60	8.7004
39	61	7.5595
39	62	1.5379
39	63	12.078
39	64	18.086
39	65	19.915
39	66	20.026
39	67	21.591
39	68	19.553
39	69	19.992
39	70	25.69
39	71	34.505
39	72	16.945
39	73	11.108
39	74	16.137
39	75	11.987
39	76	8.235
39	77	9.442
39	78	9.516
39	79	8.2038
39	80	2.0838
39	81	4.5913
39	82	1.5357
39	83	5.3242
39	84	6.6121
39	85	1.3609
39	86	10.372
39	87	6.3582
39	88	4.5735
39	89	9.697
39	90	6.3509
39	91	4.9802
39	92	6.787
39	93	9.1255
39	94	16.19
39	95	3.7416
39	96	1.0239
39	97	1.0239
40	41	326.08
40	42	107.47
40	43	62.539
40	44	54.473
40	45	16.676
40	46	25.826
40	47	19.799
40	48	29.079
40	49	15.168
40	50	28.065
40	51	12.217
40	52	23.979
40	53	20.806
40	54	12.621
40	55	12.027
40	56	9.4464
40	57	9.9549
40	58	6.7555
40	59	2.8846
40	60	5.5708
40	61	6.0289
40	62	3.6789
40	63	7.7677
40	64	16.617
40	65	11.177
40	66	12.486
40	67	20.758
40	68	17.649
40	69	16.024
40	70	12.025
40	71	17.823
40	72	11.865
40	73	8.8798
40	74	11.105
40	75	9.5948
40	76	9.868
40	77	6.2586
40	78	3.7979
40	79	8.7146
40	80	4.9545
40	81	4.5455
40	82	3.6635
40	83	5.293
40	84	5.2826
40	85	5.4251
40	86	6.9133
40	87	1.2719
40	88	8.5203
40	89	7.7342
40	90	13.96
40	91	9.9041
40	92	4.694
40	93	4.583
40	94	9.5724
40	95	3.6905
40	96	3.2239
40	97	3.2239
41	42	233.87
41	43	90.878
41	44	48.297
41	45	33.267
41	46	23.635
41	47	22.951
41	48	30.972
41	49	16.667
41	50	17.886
41	51	19.429
41	52	21.751
41	53	15.026
41	54	20.05
41	55	19.286
41	56	8.5059
41	57	7.9922
41	58	9.761
41	59	6.9715
41	60	7.77
41	61	7.767
41	62	4.9422
41	63	12.325
41	64	13.188
41	65	3.8262
41	66	12.811
41	67	12.476
41	68	14.071
41	69	4.2649
41	70	9.5896
41	71	7.8572
41	72	9.5165
41	73	13.218
41	74	8.8383
41	75	12.801
41	76	12.274
41	77	10.221
41	78	7.1458
41	79	9.6889
41	80	7.4415
41	81	7.4739
41	82	3.998
41	83	5.1492
41	84	3.1795
41	85	2.6242
41	86	6.6512
41	87	9.1337
41	88	4.8998
41	89	11.562
41	90	4.0733
41	91	6.4241
41	92	8.8331
41	93	6.5022
41	94	4.4197
41	95	9.2029
41	96	6.0507
41	97	6.0507
42	43	144.24
42	44	85.512
42	45	41.028
42	46	32.776
42	47	23.101
42	48	35.283
42	49	47.461
42	50	38.136
42	51	21.46
42	52	17.991
42	53	17.064
42	54	16.588
42	55	16.279
42	56	14.343
42	57	14.103
42	58	12.364
42	59	21.02
42	60	15.758
42	61	15.689
42	62	8.463
42	63	14.574
42	64	12.48
42	65	14.518
42	66	5.3978
42	67	13.175
42	68	13.336
42	69	12.13
42	70	9.0941
42	71	10.401
42	72	9.0405
42	73	12.546
42	74	11.165
42	75	8.506
42	76	10.795
42	77	12.736
42	78	10.691
42	79	11.751
42	80	9.723
42	81	13.633
42	82	14.392
42	83	8.1828
42	84	10.064
42	85	6.6581
42	86	11.582
42	87	4.8051
42	88	7.4582
42	89	5.9184
42	90	2.9009
42	91	9.9546
42	92	6.8855
42	93	8.8596
42	94	5.9632
42	95	10.056
42	96	2.5939
42	97	2.5939
43	44	196.91
43	45	67.839
43	46	54.981
43	47	26.425
43	48	39.117
43	49	45.618
43	50	40.49
43	51	36.122
43	52	26.332
43	53	24.77
43	54	20.633
43	55	16.64
43	56	12.833
43	57	16.63
43	58	12.633
43	59	4.5186
43	60	9.6781
43	61	17.901
43	62	12.477
43	63	13.445
43	64	9.5933
43	65	24.757
43	66	20.717
43	67	10.776
43	68	25.787
43	69	16.548
43	70	17.292
43	71	3.0454
43	72	7.9195
43	73	15.782
43	74	14.296
43	75	7.4548
43	76	5.9442
43	77	11.962
43	78	3.9675
43	79	7.705
43	80	1.976
43	81	2.1853
43	82	7.8047
43	83	5.8382
43	84	8.227
43	85	3.398
43	86	5.3811
43	87	6.883
43	88	4.7592
43	89	10.358
43	90	11.857
43	91	7.8023
43	92	3.7615
43	93	4.7515
43	94	13.791
43	95	5.9842
43	96	5.8973
43	97	5.8973
44	45	280.22
44	46	130.02
44	47	99.466
44	48	72.817
44	49	118.69
44	50	66.271
44	51	40.246
44	52	40.971
44	53	23.601
44	54	26.286
44	55	8.4078
44	56	13.607
44	57	23.88
44	58	12.761
44	59	15.16
44	60	11.647
44	61	10.155
44	62	16.786
44	63	12.104
44	64	10.79
44	65	16.668
44	66	7.4459
44	67	12.66
44	68	12.264
44	69	9.2929
44	70	12.537
44	71	8.2332
44	72	8.8773
44	73	14.63
44	74	13.494
44	75	11.714
44	76	16.097
44	77	3.9797
44	78	11.987
44	79	9.1939
44	80	5.2752
44	81	12.605
44	82	12.955
44	83	12.316
44	84	4.1583
44	85	5.7133
44	86	11.591
44	87	5.3218
44	88	11.519
44	89	4.6512
44	90	6.6566
44	91	5.2371
44	92	7.8845
44	93	7.7198
44	94	5.714
44	95	7.922
44	96	5.2059
44	97	10.124
45	46	238.83
45	47	133.79
45	48	137.93
45	49	96.068
45	50	48.324
45	51	61.282
45	52	31.289
45	53	24.385
45	54	27.164
45	55	15.929
45	56	11.506
45	57	9.2543
45	58	13.187
45	59	7.8333
45	60	4.5143
45	61	14.431
45	62	12.012
45	63	16.673
45	64	22.296
45	65	8.6116
45	66	13.465
45	67	7.4742
45	68	23.231
45	69	13.444
45	70	12.953
45	71	14.887
45	72	16.51
45	73	5.4979
45	74	5.9745
45	75	12.106
45	76	15.451
45	77	12.337
45	78	15.141
45	79	8.3146
45	80	9.9995
45	81	7.0172
45	82	9.3696
45	83	10.417
45	84	5.7302
45	85	3.5432
45	86	8.9833
45	87	11
45	88	2.6452
45	89	7.2111
45	90	8.2545
45	91	7.5789
45	92	10.379
45	93	5.8078
45	94	10.64
45	95	5.7353
45	96	1.7956
45	97	1.7956
46	47	221.09
46	48	190.43
46	49	128.06
46	50	55.507
46	51	37.488
46	52	45.565
46	53	19.344
46	54	9.6886
46	55	9.5899
46	56	15.737
46	57	7.2912
46	58	13.855
46	59	16.273
46	60	11.417
46	61	8.6664
46	62	6.2945
46	63	9.9259
46	64	19.111
46	65	13.077
46	66	14.608
46	67	10.626
46	68	14.047
46	69	20.051
46	70	17.577
46	71	10.127
46	72	15.632
46	73	5.2028
46	74	9.4668
46	75	4.9154
46	76	13.5
46	77	10.287
46	78	3.8968
46	79	4.4749
46	80	7.6508
46	81	4.6803
46	82	5.0176
46	83	8.7041
46	84	8.1267
46	85	5.5695
46	86	7.0861
46	87	6.5183
46	88	8.7417
46	89	10.208
46	90	3.9039
46	91	7.1254
46	92	6.221
46	93	6.0765
46	94	3.2916
46	95	7.6092
46	96	3.3272
46	97	3.3272
47	48	223.84
47	49	128.86
47	50	52.179
47	51	49.163
47	52	34.961
47	53	33.356
47	54	11.719
47	55	18.716
47	56	16.523
47	57	14.616
47	58	5.0485
47	59	13.499
47	60	16.853
47	61	11.285
47	62	10.334
47	63	12.61
47	64	11.562
47	65	22.299
47	66	21.58
47	67	16.133
47	68	18.237
47	69	9.9419
47	70	11.186
47	71	5.5112
47	72	23.727
47	73	10.656
47	74	12.043
47	75	7.456
47	76	3.0678
47	77	5.8985
47	78	5.9258
47	79	8.1735
47	80	11.697
47	81	5.1587
47	82	9.217
47	83	7.9544
47	84	1.2335
47	85	6.0968
47	86	11.615
47	87	2.3692
47	88	3.4164
47	89	7.2374
47	90	17.777
47	91	10.232
47	92	5.7121
47	93	7.4533
47	94	9.0986
47	95	3.5065
47	96	6.1356
47	97	6.1356
48	49	342.65
48	50	93.728
48	51	71.292
48	52	49.663
48	53	34.034
48	54	22.109
48	55	20.222
48	56	10.711
48	57	12.925
48	58	19.102
48	59	10.218
48	60	12.596
48	61	13.442
48	62	13.678
48	63	17.449
48	64	12.446
48	65	20.851
48	66	21.488
48	67	20.894
48	68	13.765
48	69	21.461
48	70	18.944
48	71	15.829
48	72	6.8367
48	73	12.797
48	74	12.97
48	75	11.271
48	76	8.8455
48	77	5.1201
48	78	7.697
48	79	11.072
48	80	6.7931
48	81	5.6221
48	82	8.7543
48	83	10.791
48	84	10.67
48	85	6.6031
48	86	5.5776
48	87	10.234
48	88	4.9283
48	89	6.7169
48	90	15.375
48	91	10.097
48	92	10.397
48	93	4.7559
48	94	9.9642
48	95	6.1407
48	96	2.5248
48	97	2.5248
49	50	168.68
49	51	105.59
49	52	60.288
49	53	48.087
49	54	18.535
49	55	22.422
49	56	23.282
49	57	16.862
49	58	6.6744
49	59	8.5687
49	60	6.8462
49	61	10.759
49	62	19.463
49	63	13.274
49	64	16.232
49	65	9.4121
49	66	15.764
49	67	32.355
49	68	19.231
49	69	15.741
49	70	20.219
49	71	19.351
49	72	10.029
49	73	7.5113
49	74	16.313
49	75	14.176
49	76	12.981
49	77	10.018
49	78	15.057
49	79	10.832
49	80	12.458
49	81	10.997
49	82	6.1166
49	83	8.4463
49	84	3.9144
49	85	8.6127
49	86	9.5481
49	87	5.0058
49	88	14.464
49	89	6.5707
49	90	3.7597
49	91	4.9383
49	92	6.0998
49	93	7.9715
49	94	5.4117
49	95	7.5022
49	96	4.112
49	97	28.653
50	51	212.12
50	52	97.448
50	53	45.596
50	54	30.455
50	55	18.155
50	56	14.886
50	57	19.333
50	58	18.367
50	59	9.8169
50	60	5.3922
50	61	18.776
50	62	10.746
50	63	16.841
50	64	26.021
50	65	27.803
50	66	8.6239
50	67	11.728
50	68	24.631
50	69	24.109
50	70	16.6
50	71	15.271
50	72	9.8625
50	73	18.464
50	74	17.867
50	75	10.848
50	76	20.212
50	77	12.253
50	78	14.783
50	79	9.559
50	80	4.8665
50	81	5.3655
50	82	5.9817
50	83	8.2726
50	84	11.542
50	85	3.1692
50	86	8.0471
50	87	6.1584
50	88	4.7349
50	89	3.2255
50	90	11.087
50	91	13.545
50	92	11.232
50	93	5.1733
50	94	7.3678
50	95	7.3
50	96	1.5982
50	97	1.5982
51	52	177.9
51	53	107.13
51	54	66.258
51	55	30.984
51	56	32.342
51	57	34.485
51	58	14.246
51	59	19.786
51	60	13.19
51	61	10.191
51	62	6.4788
51	63	18.317
51	64	32.661
51	65	18.463
51	66	28.122
51	67	34.574
51	68	10.298
51	69	26.206
51	70	25.257
51	71	12.459
51	72	19.637
51	73	13.369
51	74	7.77
51	75	6.7338
51	76	9.2475
51	77	14.596
51	78	10.693
51	79	17.282
51	80	6.1484
51	81	13.549
51	82	5.1803
51	83	8.9722
51	84	6.9638
51	85	4.5865
51	86	2.9133
51	87	4.0168
51	88	8.9936
51	89	16.338
51	90	8.0274
51	91	12.591
51	92	9.2977
51	93	11.892
51	94	9.1022
51	95	7.8907
51	96	2.5908
51	97	2.5908
52	53	178.58
52	54	68.222
52	55	49.632
52	56	35.489
52	57	35.221
52	58	25.093
52	59	28.081
52	60	17.224
52	61	23.475
52	62	17.366
52	63	27.411
52	64	25.656
52	65	25.388
52	66	28.358
52	67	22.932
52	68	13.851
52	69	33.018
52	70	12.136
52	71	20.963
52	72	26.969
52	73	22.43
52	74	16.341
52	75	8.4798
52	76	3.8767
52	77	2.2207
52	78	7.8414
52	79	9.6477
52	80	10.994
52	81	5.6506
52	82	14.087
52	83	6.5661
52	84	11.678
52	85	7.6839
52	86	7.3345
52	87	10.114
52	88	19.386
52	89	7.8219
52	90	16.832
52	91	13.162
52	92	7.1468
52	93	6.4011
52	94	10.404
52	95	9.8437
52	96	4.3013
52	97	4.3013
53	54	296.85
53	55	128.07
53	56	53.098
53	57	41.738
53	58	44.942
53	59	33.883
53	60	19.045
53	61	17.723
53	62	9.6144
53	63	32.137
53	64	28.313
53	65	26.489
53	66	43.516
53	67	23.646
53	68	17.212
53	69	12.164
53	70	13.401
53	71	21.215
53	72	13.253
53	73	17.368
53	74	14.43
53	75	14.062
53	76	9.6539
53	77	14.755
53	78	14.877
53	79	13.89
53	80	6.5092
53	81	3.5854
53	82	4.8005
53	83	12.477
53	84	18.09
53	85	12.762
53	86	9.4614
53	87	12.427
53	88	10.725
53	89	9.7429
53	90	9.9304
53	91	14.59
53	92	7.9474
53	93	10.361
53	94	14.744
53	95	3.6526
53	96	5.5957
53	97	5.5957
54	55	126.33
54	56	64.435
54	57	61.447
54	58	37.445
54	59	36.495
54	60	14.726
54	61	21.637
54	62	10.006
54	63	20.524
54	64	18.578
54	65	27.307
54	66	23.235
54	67	23.976
54	68	33.524
54	69	13.046
54	70	16.782
54	71	14.487
54	72	12.435
54	73	19.637
54	74	24.098
54	75	10.422
54	76	19.631
54	77	8.2048
54	78	5.1659
54	79	10.676
54	80	4.0598
54	81	6.7106
54	82	7.0098
54	83	11.245
54	84	8.6104
54	85	3.5418
54	86	10.142
54	87	12.419
54	88	5.9573
54	89	10.814
54	90	8.2746
54	91	12.138
54	92	4.9496
54	93	10.755
54	94	10.494
54	95	7.8922
54	96	6.6326
54	97	7.8103
55	56	254.74
55	57	133.09
55	58	63.208
55	59	42.489
55	60	42.427
55	61	27.866
55	62	29.235
55	63	20.098
55	64	22.941
55	65	16.646
55	66	27.24
55	67	18.106
55	68	13.602
55	69	16.078
55	70	11.92
55	71	12.296
55	72	13.014
55	73	17.684
55	74	23.067
55	75	10.022
55	76	12.184
55	77	22.291
55	78	8.8857
55	79	21.466
55	80	12.967
55	81	13.684
55	82	18.321
55	83	11.949
55	84	9.217
55	85	9.8929
55	86	8.6809
55	87	7.9366
55	88	7.6746
55	89	11.603
55	90	3.5431
55	91	16.072
55	92	8.6566
55	93	11.809
55	94	9.2521
55	95	8.0306
55	96	5.8641
55	97	5.8641
56	57	274.01
56	58	98.129
56	59	66.849
56	60	41.694
56	61	36.443
56	62	34.081
56	63	26.045
56	64	20.273
56	65	15.673
56	66	21.858
56	67	22.365
56	68	16.813
56	69	7.6398
56	70	6.3144
56	71	7.2418
56	72	16.694
56	73	20.269
56	74	19.238
56	75	5.8936
56	76	7.385
56	77	21.953
56	78	10.175
56	79	14.173
56	80	12.427
56	81	14.304
56	82	17.643
56	83	14.456
56	84	8.1242
56	85	9.3845
56	86	10.206
56	87	10.892
56	88	9.0158
56	89	10.221
56	90	5.4661
56	91	9.2236
56	92	7.1756
56	93	10.773
56	94	6.083
56	95	12.209
56	96	6.1673
56	97	23.829
57	58	167.92
57	59	78.741
57	60	29.78
57	61	26.106
57	62	23.84
57	63	15.686
57	64	24.422
57	65	26.008
57	66	18.464
57	67	15.436
57	68	17.383
57	69	6.5874
57	70	17.774
57	71	11.633
57	72	13.87
57	73	16.96
57	74	15.009
57	75	4.7466
57	76	10.545
57	77	13.332
57	78	18.004
57	79	17.992
57	80	13.228
57	81	8.3604
57	82	11.185
57	83	13.548
57	84	13.754
57	85	4.869
57	86	10.279
57	87	9.3926
57	88	6.365
57	89	6.5976
57	90	10.384
57	91	8.9495
57	92	10.802
57	93	7.5848
57	94	6.6068
57	95	7.4565
57	96	4.4008
57	97	7.2357
58	59	283.79
58	60	84.875
58	61	41.885
58	62	28.733
58	63	47.433
58	64	26.107
58	65	19.091
58	66	21.299
58	67	23.216
58	68	31.652
58	69	16.267
58	70	12.063
58	71	16.58
58	72	10.777
58	73	13.424
58	74	24.637
58	75	9.0169
58	76	8.475
58	77	19.89
58	78	9.898
58	79	17.859
58	80	10.158
58	81	9.9124
58	82	13.271
58	83	18.155
58	84	10.263
58	85	13.099
58	86	11.716
58	87	10.706
58	88	9.4982
58	89	10.18
58	90	5.3792
58	91	6.3707
58	92	10.728
58	93	9.5834
58	94	4.6943
58	95	9.2374
58	96	5.9519
58	97	6.8674
59	60	298.76
59	61	119.41
59	62	62.694
59	63	50.63
59	64	30.968
59	65	25.238
59	66	24.132
59	67	10.469
59	68	13.245
59	69	2.6784
59	70	11.609
59	71	11.804
59	72	15.404
59	73	17.273
59	74	18.015
59	75	6.0378
59	76	15.698
59	77	17.546
59	78	25.129
59	79	15.035
59	80	13.568
59	81	16.449
59	82	20.045
59	83	13.04
59	84	17.017
59	85	17.393
59	86	10.466
59	87	4.7782
59	88	7.4174
59	89	9.2552
59	90	3.8467
59	91	6.1001
59	92	12.157
59	93	17.69
59	94	3.4028
59	95	12.4
59	96	12.315
59	97	22.228
60	61	314.52
60	62	83.369
60	63	44.666
60	64	37.341
60	65	25.34
60	66	25.707
60	67	22.522
60	68	9.8937
60	69	17.971
60	70	14.86
60	71	17.073
60	72	12.249
60	73	25.621
60	74	17.323
60	75	12.692
60	76	11.823
60	77	15.546
60	78	14.671
60	79	14.211
60	80	10.848
60	81	9.9788
60	82	14.303
60	83	13.818
60	84	20.013
60	85	14.911
60	86	8.9855
60	87	9.1435
60	88	5.2824
60	89	3.9912
60	90	4.5808
60	91	10.776
60	92	13.727
60	93	9.6074
60	94	4.6948
60	95	10.876
60	96	5.3482
60	97	20.845
61	62	215.22
61	63	101.75
61	64	45.377
61	65	32.157
61	66	25.779
61	67	26.279
61	68	22.16
61	69	12.313
61	70	12.955
61	71	12.344
61	72	15.011
61	73	19.214
61	74	19.719
61	75	13.113
61	76	8.2577
61	77	17.085
61	78	9.6772
61	79	9.0494
61	80	11.815
61	81	7.7289
61	82	11.954
61	83	12.208
61	84	15.029
61	85	10.353
61	86	8.74
61	87	7.9702
61	88	9.2815
61	89	11.916
61	90	8.0239
61	91	9.518
61	92	10.082
61	93	11.214
61	94	5.6405
61	95	9.3086
61	96	10.73
61	97	6.1669
62	63	304.21
62	64	79.111
62	65	52.164
62	66	29.659
62	67	31.21
62	68	26.306
62	69	20.506
62	70	10.984
62	71	10.042
62	72	18.563
62	73	27.723
62	74	23.595
62	75	15.405
62	76	9.812
62	77	18.26
62	78	12.327
62	79	9.9365
62	80	12.069
62	81	14.581
62	82	13.011
62	83	13.146
62	84	5.9527
62	85	14.774
62	86	14.241
62	87	17.039
62	88	10.245
62	89	8.5718
62	90	11.44
62	91	12.299
62	92	16.583
62	93	14.562
62	94	8.6585
62	95	12.029
62	96	8.7886
62	97	6.2934
63	64	238.63
63	65	119.85
63	66	99.962
63	67	64.062
63	68	64.731
63	69	26.736
63	70	24.046
63	71	15.835
63	72	23.782
63	73	19.083
63	74	25.904
63	75	17.622
63	76	13.205
63	77	16.358
63	78	16.516
63	79	10.945
63	80	12.487
63	81	11.918
63	82	17.188
63	83	11.714
63	84	15.899
63	85	7.6287
63	86	12.473
63	87	17.852
63	88	6.1075
63	89	15.536
63	90	15.276
63	91	14.946
63	92	10.161
63	93	15.887
63	94	7.5326
63	95	7.4639
63	96	2.4493
63	97	9.607
64	65	159.02
64	66	108.87
64	67	61.138
64	68	46.172
64	69	34.327
64	70	27.568
64	71	23.291
64	72	21.812
64	73	24.507
64	74	25.732
64	75	6.8575
64	76	21.2
64	77	14.819
64	78	6.7999
64	79	18.75
64	80	12.486
64	81	9.8209
64	82	14.458
64	83	12.543
64	84	7.0893
64	85	4.6667
64	86	7.4154
64	87	19.102
64	88	9.1516
64	89	10.691
64	90	14.984
64	91	12.802
64	92	9.4357
64	93	9.2224
64	94	13.838
64	95	6.3975
64	96	7.0003
64	97	7.0003
65	66	196.18
65	67	111.9
65	68	76.143
65	69	44.177
65	70	26.97
65	71	30.973
65	72	22.512
65	73	25.276
65	74	32.069
65	75	15.913
65	76	13.64
65	77	5.2668
65	78	11.613
65	79	11.84
65	80	8.369
65	81	5.3863
65	82	11.32
65	83	13.304
65	84	8.7805
65	85	8.1466
65	86	9.1841
65	87	12.632
65	88	11.154
65	89	21.176
65	90	18.977
65	91	11.619
65	92	13.645
65	93	18.384
65	94	19.966
65	95	8.8122
65	96	5.5144
65	97	5.5144
66	67	184.15
66	68	68.739
66	69	36.175
66	70	49.138
66	71	23.671
66	72	23.556
66	73	22.329
66	74	28.989
66	75	8.8796
66	76	12.174
66	77	9.393
66	78	14.132
66	79	17.264
66	80	6.993
66	81	14.575
66	82	18.353
66	83	16.81
66	84	11.021
66	85	6.0568
66	86	10.248
66	87	21.146
66	88	14.704
66	89	19.51
66	90	11.763
66	91	14.802
66	92	12.665
66	93	12.408
66	94	19.202
66	95	11.917
66	96	7.6758
66	97	8.9445
67	68	209.16
67	69	78.346
67	70	56.993
67	71	47.701
67	72	59.666
67	73	50.405
67	74	31.469
67	75	24.499
67	76	17.804
67	77	10.361
67	78	14.95
67	79	15.891
67	80	14.512
67	81	7.5919
67	82	6.7513
67	83	15.496
67	84	14.332
67	85	11.837
67	86	11.235
67	87	10.294
67	88	12.147
67	89	19.057
67	90	16.059
67	91	16.309
67	92	17.467
67	93	15.303
67	94	24.957
67	95	8.3042
67	96	3.0356
67	97	8.7737
68	69	164.34
68	70	111.41
68	71	80.041
68	72	81.04
68	73	45.185
68	74	54.331
68	75	24.381
68	76	15.616
68	77	10.295
68	78	14.218
68	79	26.754
68	80	13.632
68	81	13.153
68	82	12.568
68	83	21.71
68	84	22.867
68	85	8.8687
68	86	11.255
68	87	9.0409
68	88	14.903
68	89	13.535
68	90	14.214
68	91	12.186
68	92	11.801
68	93	12.913
68	94	15.488
68	95	14.575
68	96	4.1987
68	97	19.624
69	70	150.39
69	71	101.79
69	72	98.773
69	73	80.971
69	74	28.955
69	75	32.51
69	76	15.196
69	77	18.768
69	78	9.4076
69	79	18.257
69	80	12.413
69	81	11.128
69	82	14.897
69	83	15.802
69	84	15.898
69	85	12.098
69	86	5.1172
69	87	11.73
69	88	13.555
69	89	23.585
69	90	21.144
69	91	24.018
69	92	9.4803
69	93	11.143
69	94	24.197
69	95	9.0901
69	96	4.5914
69	97	4.5914
70	71	166.52
70	72	133.02
70	73	96.195
70	74	60.702
70	75	34.185
70	76	34.219
70	77	16.936
70	78	23.803
70	79	20.532
70	80	14.217
70	81	9.079
70	82	13.233
70	83	9.5241
70	84	8.2545
70	85	10.693
70	86	11.097
70	87	18.108
70	88	25.043
70	89	25.715
70	90	13.594
70	91	24.952
70	92	10.985
70	93	15.545
70	94	15.581
70	95	14.182
70	96	7.4004
70	97	7.4004
71	72	173.22
71	73	101.16
71	74	35.87
71	75	37.578
71	76	20.182
71	77	17.968
71	78	14.25
71	79	34.59
71	80	11.874
71	81	7.4724
71	82	12.523
71	83	21.703
71	84	12.155
71	85	17.773
71	86	18.373
71	87	11.696
71	88	19.925
71	89	23.75
71	90	7.7861
71	91	19.29
71	92	20.688
71	93	18.867
71	94	10.953
71	95	7.5975
71	96	10.796
71	97	10.796
72	73	176.21
72	74	66.635
72	75	38.151
72	76	37.742
72	77	16.959
72	78	16.913
72	79	20.44
72	80	14.218
72	81	17.364
72	82	17.691
72	83	22.764
72	84	18.723
72	85	4.8317
72	86	11.015
72	87	8.9596
72	88	17.319
72	89	15.717
72	90	22.481
72	91	14.198
72	92	14.045
72	93	15.585
72	94	23.472
72	95	11.534
72	96	6.6894
72	97	6.6894
73	74	189.8
73	75	72.912
73	76	57.779
73	77	36.345
73	78	39.606
73	79	38.527
73	80	26.796
73	81	14.811
73	82	23.155
73	83	21.944
73	84	20.982
73	85	16.597
73	86	21.047
73	87	13.386
73	88	11.322
73	89	13.203
73	90	15.962
73	91	19.869
73	92	23.67
73	93	25.925
73	94	16.776
73	95	20.769
73	96	12.2
73	97	12.841
74	75	214.42
74	76	150.35
74	77	83.5
74	78	52.34
74	79	56.665
74	80	37.661
74	81	19.435
74	82	13
74	83	32.697
74	84	41.826
74	85	11.484
74	86	19.884
74	87	9.7423
74	88	16.376
74	89	29.752
74	90	26.795
74	91	19.12
74	92	20.893
74	93	14.059
74	94	22.885
74	95	7.9381
74	96	9.4818
74	97	9.4818
75	76	227.76
75	77	88.136
75	78	53.03
75	79	43.932
75	80	12.647
75	81	18.627
75	82	22.846
75	83	19.616
75	84	29.734
75	85	14.544
75	86	26.502
75	87	17.932
75	88	18.329
75	89	17.559
75	90	25.397
75	91	19.187
75	92	17.769
75	93	10.687
75	94	20.182
75	95	9.5495
75	96	4.1844
75	97	4.1844
76	77	153.23
76	78	79.031
76	79	49.339
76	80	24.381
76	81	23.246
76	82	22.74
76	83	30.369
76	84	25.586
76	85	15.507
76	86	14.982
76	87	20.9
76	88	11.134
76	89	15.762
76	90	15.916
76	91	22.167
76	92	17.898
76	93	13.365
76	94	9.9643
76	95	16.458
76	96	6.6263
76	97	5.5074
77	78	219.51
77	79	101.89
77	80	62.528
77	81	48.071
77	82	43.951
77	83	31.303
77	84	27.376
77	85	28.656
77	86	16.599
77	87	10.887
77	88	17.244
77	89	17.138
77	90	15.262
77	91	16.345
77	92	19.231
77	93	18.091
77	94	8.6065
77	95	17.902
77	96	19.131
77	97	19.976
78	79	209.9
78	80	67.566
78	81	52.182
78	82	43.675
78	83	39.376
78	84	32.526
78	85	29.1
78	86	11.033
78	87	15.936
78	88	17.105
78	89	27.335
78	90	15.201
78	91	18.754
78	92	19.501
78	93	13.258
78	94	8.2242
78	95	12.456
78	96	13.664
78	97	26.042
79	80	192.45
79	81	79.119
79	82	49.574
79	83	54.461
79	84	48.546
79	85	23.245
79	86	14.282
79	87	20.951
79	88	18.994
79	89	21.681
79	90	18.217
79	91	12.739
79	92	25.375
79	93	21.053
79	94	13.658
79	95	16.264
79	96	11.404
79	97	16.914
80	81	276.31
80	82	97.071
80	83	56.301
80	84	35.005
80	85	29.626
80	86	23.184
80	87	18.214
80	88	19.014
80	89	14.757
80	90	19.044
80	91	14.854
80	92	19.403
80	93	19.874
80	94	17.124
80	95	18.735
80	96	12.68
80	97	13.233
81	82	290.02
81	83	96.659
81	84	59.362
81	85	30.123
81	86	24.95
81	87	12.188
81	88	15.634
81	89	13.614
81	90	9.289
81	91	15.483
81	92	15.253
81	93	18.32
81	94	7.5441
81	95	17.312
81	96	21.282
81	97	19.608
82	83	235.63
82	84	91.62
82	85	45.35
82	86	24.357
82	87	19.651
82	88	23.321
82	89	19.705
82	90	15.762
82	91	18.036
82	92	20.814
82	93	15.467
82	94	11.561
82	95	19.756
82	96	21.199
82	97	13.076
83	84	205.4
83	85	59.403
83	86	37.11
83	87	35.131
83	88	34.293
83	89	29.199
83	90	26.969
83	91	15.816
83	92	25.206
83	93	16.719
83	94	18.478
83	95	15.494
83	96	11.172
83	97	27.542
84	85	160.33
84	86	82.04
84	87	76.699
84	88	65.791
84	89	41.304
84	90	30.654
84	91	31.798
84	92	19.514
84	93	20.575
84	94	9.1619
84	95	14.314
84	96	6.3858
84	97	6.3858
85	86	393.87
85	87	136.43
85	88	126.26
85	89	80.93
85	90	43.392
85	91	18.909
85	92	26.587
85	93	22.662
85	94	9.5842
85	95	18.198
85	96	15.567
85	97	33.428
86	87	244.65
86	88	170.3
86	89	97.686
86	90	35.747
86	91	33.275
86	92	26.889
86	93	21.517
86	94	15.961
86	95	11.08
86	96	12.141
86	97	12.141
87	88	283.48
87	89	148.96
87	90	61.158
87	91	26.956
87	92	22.904
87	93	18.487
87	94	15.061
87	95	12.958
87	96	7.6258
87	97	12.725
88	89	217.53
88	90	65.647
88	91	43.638
88	92	29.742
88	93	20.095
88	94	25.709
88	95	16.86
88	96	10.331
88	97	6.2345
89	90	159.51
89	91	67.43
89	92	39.747
89	93	21.331
89	94	43.26
89	95	26.018
89	96	10.807
89	97	28.246
90	91	207.83
90	92	89.986
90	93	55.622
90	94	51.986
90	95	26.435
90	96	16.138
90	97	6.4404
91	92	223.18
91	93	72.701
91	94	47.655
91	95	35.586
91	96	19.97
91	97	15.458
92	93	176.31
92	94	54.757
92	95	53.744
92	96	26.769
92	97	25.328
93	94	143.71
93	95	125.64
93	96	50.105
93	97	64.43
94	95	137.65
94	96	39.253
94	97	35.27
95	96	191.35
95	97	126.51
96	97	650.27
