1	2	189.78
1	3	67.021
1	4	32.938
1	5	21.401
1	6	6.7764
1	7	3.5054
1	8	3.3065
1	9	6.8288
1	10	4.6952
1	11	7.4871
1	12	8.6734
1	13	5.8339
1	14	4.092
1	15	8.048
1	16	8.6919
1	17	5.2163
1	18	4.4602
1	19	4.5948
1	20	7.3438
1	21	6.5833
1	22	5.933
1	23	10.079
1	24	5.9418
1	25	7.09
1	26	3.8181
1	27	4.5745
1	28	6.215
1	29	9.9836
1	30	8.334
1	31	12.583
1	32	5.0802
1	33	14.341
1	34	2.1182
1	35	0.7766
1	36	9.7422
1	37	4.1076
1	38	3.4816
1	39	1.5954
1	40	1.9388
1	41	4.5503
1	42	1.6549
1	43	2.2719
1	44	2.1023
1	45	2.3974
1	46	1.1057
1	47	5.3996
1	48	3.7688
1	49	2.7207
1	50	3.0448
1	51	3.0448
1	52	1.1509
1	53	0.66759
1	54	0.99113
1	55	0.45547
1	56	1.2986
1	57	7.4237
1	58	7.7302
1	59	4.2694
1	60	4.0995
1	61	4.9033
1	62	2.9445
1	63	1.4336
1	64	0.80729
1	65	2.9494
1	66	2.4925
1	67	2.4925
1	68	0.67242
1	69	2.6429
1	70	1.5499
1	71	2.2305
1	72	2.4634
1	73	4.4414
1	74	5.3766
1	75	5.6522
1	76	3.733
1	77	3.312
1	78	6.668
1	79	11.433
1	80	29.552
2	3	146.11
2	4	41.597
2	5	23.801
2	6	7.6455
2	7	7.5198
2	8	3.0379
2	9	6.5897
2	10	5.7534
2	11	7.82
2	12	6.3184
2	13	5.6301
2	14	5.9554
2	15	6.2595
2	16	9.0595
2	17	6.1633
2	18	4.6463
2	19	5.6308
2	20	4.2975
2	21	3.5584
2	22	8.8673
2	23	6.176
2	24	5.4624
2	25	3.7738
2	26	5.6163
2	27	3.0037
2	28	5.71
2	29	14.261
2	30	7.6433
2	31	9.0824
2	32	8.1624
2	33	8.7912
2	34	1.942
2	35	2.1398
2	36	4.4723
2	37	3.7742
2	38	3.8372
2	39	1.7594
2	40	2.4479
2	41	2.5538
2	42	0.60792
2	43	1.2529
2	44	0.96579
2	45	1.7137
2	46	1.2694
2	47	5.9525
2	48	4.3799
2	49	2.0829
2	50	0.93184
2	51	0.5289
2	52	0.52837
2	53	1.2275
2	54	0.45508
2	55	0.41841
2	56	2.3872
2	57	5.6295
2	58	4.3666
2	59	4.8002
2	60	5.0263
2	61	3.861
2	62	4.64
2	63	2.9644
2	64	0.37085
2	65	1.5482
2	66	1.5258
2	67	1.2699
2	68	1.2363
2	69	1.8897
2	70	1.424
2	71	2.3926
2	72	2.5149
2	73	1.0202
2	74	3.7785
2	75	4.9278
2	76	5.7091
2	77	5.4307
2	78	10.084
2	79	9.6527
2	80	15.884
3	4	137.75
3	5	41.431
3	6	5.461
3	7	3.6877
3	8	1.566
3	9	3.6354
3	10	5.1838
3	11	8.0494
3	12	11.669
3	13	7.2427
3	14	4.4398
3	15	13.187
3	16	4.11
3	17	9.6956
3	18	4.5721
3	19	9.0627
3	20	5.1308
3	21	5.0413
3	22	7.8953
3	23	9.9368
3	24	9.6596
3	25	5.7387
3	26	1.8073
3	27	3.0919
3	28	6.1702
3	29	12.468
3	30	18.74
3	31	24.452
3	32	7.0139
3	33	7.0139
3	34	7.0139
3	35	1.3789
3	36	5.7817
3	37	3.6485
3	38	2.0604
3	39	2.2644
3	40	2.5793
3	41	1.196
3	42	0.78412
3	43	1.076
3	44	2.0738
3	45	1.2602
3	46	2.2886
3	47	9.3667
3	48	4.7574
3	49	1.6117
3	50	0.60198
3	51	0.6834
3	52	0.6831
3	53	0.6831
3	54	1.176
3	55	1.176
3	56	1.2284
3	57	12.221
3	58	8.0879
3	59	7.292
3	60	5.6572
3	61	4.5583
3	62	1.9907
3	63	1.6964
3	64	1.9123
3	65	1.4957
3	66	2.9548
3	67	2.1838
3	68	2.3868
3	69	0.69444
3	70	1.4675
3	71	0.43976
3	72	2.5892
3	73	1.3141
3	74	2.2439
3	75	5.0143
3	76	3.2383
3	77	3.3567
3	78	4.3414
3	79	11.992
3	80	17.497
4	5	232.85
4	6	26.17
4	7	10.771
4	8	6.1243
4	9	14.806
4	10	15.223
4	11	23.198
4	12	21.549
4	13	17.198
4	14	7.6407
4	15	11.394
4	16	21.176
4	17	23.488
4	18	8.2002
4	19	8.0655
4	20	11.789
4	21	9.1871
4	22	14.577
4	23	17.654
4	24	15.551
4	25	12.732
4	26	6.5306
4	27	6.0052
4	28	9.1025
4	29	21.865
4	30	19.795
4	31	25.312
4	32	17.86
4	33	6.3214
4	34	2.8289
4	35	4.0996
4	36	6.5348
4	37	4.0711
4	38	8.2737
4	39	5.0279
4	40	8.9093
4	41	4.9865
4	42	2.1976
4	43	3.5999
4	44	5.0907
4	45	3.1491
4	46	3.2713
4	47	11.335
4	48	9.6188
4	49	4.208
4	50	0.67947
4	51	0.77137
4	52	1.5442
4	53	1.7759
4	54	1.99
4	55	2.4254
4	56	2.0428
4	57	14.441
4	58	14.06
4	59	13.008
4	60	5.3698
4	61	6.4447
4	62	6.0766
4	63	2.8304
4	64	3.2063
4	65	9.975
4	66	2.769
4	67	4.2805
4	68	3.0941
4	69	1.539
4	70	1.6356
4	71	4.8754
4	72	3.5892
4	73	4.395
4	74	3.7277
4	75	8.9112
4	76	6.5528
4	77	4.6565
4	78	6.6189
4	79	8.5491
4	80	14.148
5	6	83.591
5	7	31.26
5	8	12.353
5	9	27.444
5	10	26.198
5	11	30.841
5	12	25.17
5	13	15.858
5	14	11.571
5	15	27.355
5	16	25.565
5	17	20.28
5	18	8.4081
5	19	32.937
5	20	18.871
5	21	11.84
5	22	13.408
5	23	13.33
5	24	15.966
5	25	16.464
5	26	12.522
5	27	6.2778
5	28	16.925
5	29	27.835
5	30	11.461
5	31	31.782
5	32	24.582
5	33	5.4213
5	34	9.6967
5	35	3.0921
5	36	5.5303
5	37	13.408
5	38	9.8691
5	39	9.0382
5	40	11.581
5	41	9.1812
5	42	1.8762
5	43	8.7402
5	44	7.5461
5	45	3.6203
5	46	7.8483
5	47	15.541
5	48	9.7588
5	49	3.6017
5	50	2.3051
5	51	1.309
5	52	1.3078
5	53	3.0253
5	54	2.8152
5	55	0.51636
5	56	4.9985
5	57	17.69
5	58	10.524
5	59	9.1254
5	60	11.603
5	61	6.7717
5	62	4.7617
5	63	4.8693
5	64	4.1149
5	65	7.1844
5	66	4.7129
5	67	2.6101
5	68	2.6616
5	69	2.9874
5	70	4.2102
5	71	6.7306
5	72	6.2091
5	73	2.8286
5	74	7.1749
5	75	4.8438
5	76	4.2652
5	77	5.1147
5	78	4.2103
5	79	6.8894
5	80	8.1983
6	7	187.37
6	8	101.8
6	9	74.943
6	10	34.121
6	11	23.984
6	12	9.8795
6	13	16.15
6	14	24.951
6	15	11.985
6	16	7.3899
6	17	11.157
6	18	21.275
6	19	13.194
6	20	13.495
6	21	12.491
6	22	5.5606
6	23	3.6013
6	24	6.3304
6	25	10.387
6	26	18.042
6	27	18.855
6	28	12.916
6	29	3.5752
6	30	2.6998
6	31	4.8168
6	32	21.874
6	33	41.783
6	34	41.806
6	35	18.858
6	36	37.834
6	37	16.163
6	38	11.622
6	39	13.981
6	40	10.09
6	41	12.155
6	42	14.016
6	43	12.778
6	44	9.8275
6	45	9.387
6	46	7.976
6	47	3.8551
6	48	5.6792
6	49	10.365
6	50	12.335
6	51	5.7396
6	52	10.883
6	53	13.241
6	54	10.974
6	55	21.969
6	56	13.548
6	57	4.8595
6	58	2.5457
6	59	3.5431
6	60	2.9269
6	61	6.0147
6	62	5.4144
6	63	5.3858
6	64	4.8127
6	65	4.0777
6	66	1.8198
6	67	4.529
6	68	6.847
6	69	5.9394
6	70	4.0027
6	71	4.7767
6	72	4.3756
6	73	6.8579
6	74	8.4404
6	75	3.0264
6	76	2.9359
6	77	4.5421
6	78	3.2457
6	79	1.6971
6	80	1.1059
7	8	179.11
7	9	102.69
7	10	34.727
7	11	18.691
7	12	5.6711
7	13	12.371
7	14	18.213
7	15	12.92
7	16	6.3051
7	17	8.2085
7	18	12.341
7	19	21.449
7	20	11.882
7	21	10.839
7	22	4.1121
7	23	9.2894
7	24	6.6116
7	25	9.8177
7	26	16.55
7	27	17.663
7	28	10.742
7	29	2.271
7	30	4.5542
7	31	4.8649
7	32	18.137
7	33	68.356
7	34	36.262
7	35	26.495
7	36	36.333
7	37	15.228
7	38	8.7795
7	39	12.754
7	40	8.5763
7	41	12.515
7	42	18.473
7	43	14.166
7	44	6.4088
7	45	13.596
7	46	6.8328
7	47	1.4789
7	48	3.1066
7	49	9.0628
7	50	13.498
7	51	13.638
7	52	10.312
7	53	15.645
7	54	15.392
7	55	11.925
7	56	14.955
7	57	4.8499
7	58	1.2081
7	59	2.5932
7	60	2.5932
7	61	1.4437
7	62	4.6685
7	63	2.4978
7	64	7.4682
7	65	0.58158
7	66	7.2446
7	67	2.6579
7	68	4.6837
7	69	5.6513
7	70	7.8343
7	71	5.1398
7	72	2.6182
7	73	8.1672
7	74	2.1594
7	75	2.6759
7	76	1.6928
7	77	3.213
7	78	1.8268
7	79	1.8268
7	80	2.7905
8	9	153.57
8	10	35.941
8	11	15.55
8	12	6.8924
8	13	13.265
8	14	26.249
8	15	8.8402
8	16	6.726
8	17	10.502
8	18	15.45
8	19	12.849
8	20	14.821
8	21	9.7271
8	22	2.6396
8	23	5.4545
8	24	3.472
8	25	4.8582
8	26	11.418
8	27	16.249
8	28	4.5668
8	29	3.2239
8	30	5.8086
8	31	4.6628
8	32	17.952
8	33	70.548
8	34	54.155
8	35	21.689
8	36	12.519
8	37	10.558
8	38	6.6641
8	39	9.0031
8	40	4.2083
8	41	13.025
8	42	19.052
8	43	14.348
8	44	6.743
8	45	11.909
8	46	7.756
8	47	1.6813
8	48	2.0546
8	49	10.542
8	50	10.961
8	51	19.071
8	52	18.519
8	53	10.958
8	54	16.399
8	55	15.939
8	56	15.175
8	57	4.1281
8	58	0.34221
8	59	1.6625
8	60	0.80485
8	61	3.283
8	62	3.4921
8	63	4.6951
8	64	5.4128
8	65	3.9713
8	66	4.1435
8	67	3.9944
8	68	4.8052
8	69	7.2329
8	70	4.837
8	71	6.1509
8	72	2.2298
8	73	5.9784
8	74	5.1562
8	75	1.6238
8	76	2.3009
8	77	3.825
8	78	1.939
8	79	1.0403
8	80	1.1867
9	10	172.42
9	11	98.92
9	12	22.711
9	13	30.955
9	14	26.511
9	15	23.932
9	16	15.833
9	17	20.544
9	18	26.424
9	19	18.575
9	20	19.108
9	21	15.952
9	22	8.0339
9	23	6.5651
9	24	6.6474
9	25	7.1813
9	26	15.714
9	27	18.464
9	28	18.22
9	29	9.283
9	30	4.9945
9	31	11.223
9	32	23.452
9	33	47.197
9	34	15.68
9	35	10.81
9	36	18.541
9	37	14.434
9	38	12.245
9	39	14.919
9	40	10.385
9	41	12.409
9	42	12.627
9	43	9.9994
9	44	8.9521
9	45	8.3047
9	46	11.576
9	47	5.1658
9	48	7.2387
9	49	15.066
9	50	12.153
9	51	7.272
9	52	15.362
9	53	5.8581
9	54	11.259
9	55	10.217
9	56	11.471
9	57	9.655
9	58	2.4741
9	59	7.3578
9	60	1.6397
9	61	5.8809
9	62	3.0409
9	63	4.7629
9	64	4.4549
9	65	4.5622
9	66	8.2757
9	67	2.8538
9	68	4.4646
9	69	7.0198
9	70	5.6444
9	71	6.2553
9	72	5.8733
9	73	7.3996
9	74	6.412
9	75	3.022
9	76	4.1544
9	77	3.6556
9	78	3.2032
9	79	0.80622
9	80	2.451
10	11	294.25
10	12	46.123
10	13	37.89
10	14	40.262
10	15	33.619
10	16	15.767
10	17	17.999
10	18	22.564
10	19	20.449
10	20	20.052
10	21	18.491
10	22	11.466
10	23	11.572
10	24	8.931
10	25	13.989
10	26	14.832
10	27	16.916
10	28	14.783
10	29	10.938
10	30	2.7458
10	31	5.8797
10	32	25.693
10	33	16.283
10	34	9.587
10	35	6.4634
10	36	11.375
10	37	16.136
10	38	8.8996
10	39	10.861
10	40	10.56
10	41	10.248
10	42	4.109
10	43	9.6884
10	44	9.3797
10	45	7.8959
10	46	7.5669
10	47	4.7342
10	48	6.3509
10	49	8.1984
10	50	8.2351
10	51	8.0297
10	52	2.021
10	53	4.6247
10	54	4.605
10	55	6.7828
10	56	6.2427
10	57	8.1384
10	58	2.9118
10	59	6.229
10	60	1.504
10	61	4.2346
10	62	6.0419
10	63	3.9684
10	64	6.3589
10	65	3.2534
10	66	6.6503
10	67	7.3436
10	68	4.092
10	69	2.8923
10	70	5.1737
10	71	5.3258
10	72	6.869
10	73	8.6269
10	74	5.1834
10	75	4.6105
10	76	5.7036
10	77	4.889
10	78	4.4
10	79	3.9404
10	80	2.2472
11	12	248.58
11	13	64.958
11	14	40.097
11	15	39.237
11	16	23.942
11	17	22.164
11	18	20.524
11	19	22.033
11	20	16.199
11	21	17.632
11	22	10.601
11	23	7.0085
11	24	11.878
11	25	10.225
11	26	9.5952
11	27	14.005
11	28	15.814
11	29	8.5805
11	30	6.97
11	31	15.447
11	32	20.248
11	33	17.414
11	34	10.335
11	35	5.1234
11	36	5.1234
11	37	14.254
11	38	11.281
11	39	7.9699
11	40	10.917
11	41	7.8166
11	42	4.8163
11	43	10.408
11	44	6.7404
11	45	5.0688
11	46	7.2306
11	47	5.5619
11	48	10.506
11	49	6.5991
11	50	1.8792
11	51	3.5598
11	52	7.1474
11	53	1.6392
11	54	3.6741
11	55	4.4578
11	56	4.6173
11	57	9.9977
11	58	7.7558
11	59	7.3022
11	60	7.3143
11	61	10.849
11	62	4.5172
11	63	4.7139
11	64	2.4401
11	65	5.0303
11	66	4.0651
11	67	2.8053
11	68	3.2124
11	69	5.2224
11	70	3.7193
11	71	2.6559
11	72	5.5142
11	73	4.3247
11	74	6.3727
11	75	4.6917
11	76	5.03
11	77	5.6029
11	78	4.7913
11	79	3.7512
11	80	3.6655
12	13	143.45
12	14	44.697
12	15	67.091
12	16	33.631
12	17	17.051
12	18	11.414
12	19	11.165
12	20	17.292
12	21	12.094
12	22	13.863
12	23	9.6158
12	24	13.097
12	25	10.854
12	26	11.511
12	27	7.1177
12	28	12.638
12	29	16.26
12	30	17.548
12	31	23.986
12	32	11.07
12	33	11.07
12	34	4.477
12	35	2.8434
12	36	2.8434
12	37	8.6022
12	38	3.9926
12	39	7.6261
12	40	6.5668
12	41	4.7339
12	42	3.1133
12	43	4.7383
12	44	2.9231
12	45	2.7659
12	46	2.3018
12	47	14.264
12	48	7.9027
12	49	1.8996
12	50	2.1375
12	51	3.0373
12	52	3.6475
12	53	1.4034
12	54	1.0452
12	55	0.95568
12	56	2.4239
12	57	11.503
12	58	10.264
12	59	10.836
12	60	4.9741
12	61	5.4853
12	62	7.8771
12	63	3.3555
12	64	2.9504
12	65	4.8414
12	66	4.3575
12	67	3.8609
12	68	1.7463
12	69	1.2168
12	70	2.5813
12	71	4.6363
12	72	4.8345
12	73	4.0424
12	74	2.3029
12	75	8.2863
12	76	4.9524
12	77	3.4512
12	78	5.6256
12	79	3.766
12	80	4.3091
13	14	241.38
13	15	138.03
13	16	48.586
13	17	31.067
13	18	25.686
13	19	31.383
13	20	23.644
13	21	21.792
13	22	15.112
13	23	12.413
13	24	16.554
13	25	16.721
13	26	14.44
13	27	13.292
13	28	12.523
13	29	16.398
13	30	5.1202
13	31	7.7665
13	32	9.9585
13	33	4.9663
13	34	8.8278
13	35	3.5841
13	36	5.149
13	37	12.188
13	38	6.7778
13	39	9.4047
13	40	7.8636
13	41	10.016
13	42	3.7647
13	43	6.5497
13	44	4.676
13	45	4.0589
13	46	7.0207
13	47	8.7892
13	48	4.6217
13	49	5.6359
13	50	3.7383
13	51	4.251
13	52	2.4386
13	53	2.8007
13	54	6.2686
13	55	2.3774
13	56	5.523
13	57	8.2341
13	58	5.7364
13	59	5.7723
13	60	4.8689
13	61	5.7133
13	62	7.2954
13	63	4.7585
13	64	5.4149
13	65	5.5962
13	66	4.7664
13	67	2.3952
13	68	4.1157
13	69	4.4616
13	70	1.9051
13	71	4.5427
13	72	3.0502
13	73	4.8254
13	74	6.4164
13	75	6.89
13	76	5.3188
13	77	7.1899
13	78	3.4196
13	79	2.9844
13	80	3.1439
14	15	292.66
14	16	43.497
14	17	41.32
14	18	29.881
14	19	26.292
14	20	22.809
14	21	22.289
14	22	16.206
14	23	15.761
14	24	13.36
14	25	9.5013
14	26	18.225
14	27	19.819
14	28	15.869
14	29	10.611
14	30	2.9921
14	31	8.53
14	32	17.414
14	33	11.98
14	34	5.2859
14	35	9.4658
14	36	12.707
14	37	15.872
14	38	6.8274
14	39	13.857
14	40	6.3526
14	41	6.0837
14	42	5.798
14	43	9.0169
14	44	8.6266
14	45	5.7886
14	46	7.6397
14	47	6.0446
14	48	4.5318
14	49	10.764
14	50	7.2125
14	51	5.218
14	52	4.5099
14	53	6.8473
14	54	3.205
14	55	3.4774
14	56	5.6092
14	57	7.3372
14	58	2.4687
14	59	2.8409
14	60	4.1234
14	61	6.7437
14	62	5.1096
14	63	5.2459
14	64	6.5342
14	65	3.5655
14	66	2.1118
14	67	6.3961
14	68	4.0997
14	69	3.5332
14	70	6.0928
14	71	4.5009
14	72	6.5479
14	73	7.1435
14	74	6.0526
14	75	3.6828
14	76	2.3711
14	77	5.907
14	78	5.5976
14	79	1.6104
14	80	2.4452
15	16	135.1
15	17	78.021
15	18	31.226
15	19	40.534
15	20	37.663
15	21	30.758
15	22	14.598
15	23	22.037
15	24	23.374
15	25	35.099
15	26	18.508
15	27	19.318
15	28	23.002
15	29	24.061
15	30	16.309
15	31	13.553
15	32	19.462
15	33	32.086
15	34	32.086
15	35	3.4177
15	36	3.4177
15	37	14.821
15	38	7.6921
15	39	4.1784
15	40	7.348
15	41	6.0653
15	42	1.4853
15	43	5.0537
15	44	6.2102
15	45	2.3273
15	46	8.4341
15	47	14.076
15	48	7.1311
15	49	6.0888
15	50	3.4939
15	51	2.6465
15	52	1.3298
15	53	3.038
15	54	1.1376
15	55	2.0656
15	56	2.8234
15	57	9.1132
15	58	4.4942
15	59	13.35
15	60	10.42
15	61	6.8674
15	62	6.4507
15	63	3.1534
15	64	4.5068
15	65	9.2068
15	66	5.6524
15	67	5.1896
15	68	8.1282
15	69	4.4751
15	70	2.0565
15	71	7.3096
15	72	8.9086
15	73	3.6794
15	74	7.539
15	75	9.1462
15	76	6.4721
15	77	7.162
15	78	6.545
15	79	5.8513
15	80	4.4404
16	17	432.31
16	18	61.048
16	19	80.592
16	20	40.792
16	21	37.629
16	22	23.868
16	23	31.333
16	24	19.364
16	25	18.785
16	26	11.571
16	27	19.071
16	28	27.855
16	29	33.606
16	30	22.009
16	31	20.802
16	32	18.015
16	33	18.015
16	34	18.015
16	35	3.9415
16	36	3.9415
16	37	12.55
16	38	3.5314
16	39	6.4248
16	40	9.2691
16	41	5.0969
16	42	1.3535
16	43	5.5401
16	44	6.4035
16	45	3.7542
16	46	0.55732
16	47	11.602
16	48	8.6671
16	49	4.6342
16	50	2.1042
16	51	2.3908
16	52	2.3966
16	53	2.7498
16	54	3.0842
16	55	0.93679
16	56	2.607
16	57	7.8357
16	58	5.995
16	59	12.352
16	60	16.489
16	61	9.8993
16	62	5.0897
16	63	3.6212
16	64	4.1137
16	65	6.8139
16	66	3.4201
16	67	3.7759
16	68	3.3913
16	69	2.9461
16	70	2.5124
16	71	5.9861
16	72	6.0496
16	73	2.8107
16	74	5.0819
16	75	6.841
16	76	7.0437
16	77	5.2347
16	78	9.5122
16	79	5.4785
16	80	5.1942
17	18	239.88
17	19	88.683
17	20	51.146
17	21	37.682
17	22	23.287
17	23	24.165
17	24	16.41
17	25	19.517
17	26	22.067
17	27	23.909
17	28	13.479
17	29	23.16
17	30	23.16
17	31	11.684
17	32	17.764
17	33	25.524
17	34	22.664
17	35	5.1089
17	36	5.1089
17	37	4.083
17	38	9.167
17	39	6.6596
17	40	10.703
17	41	1.3181
17	42	2.6431
17	43	7.2196
17	44	8.3205
17	45	6.2527
17	46	5.0428
17	47	9.386
17	48	5.2616
17	49	9.6625
17	50	4.1297
17	51	4.6951
17	52	4.7157
17	53	5.4107
17	54	6.7315
17	55	4.8985
17	56	2.7003
17	57	7.5877
17	58	2.3174
17	59	9.866
17	60	5.3528
17	61	5.4914
17	62	4.4077
17	63	0.94052
17	64	5.3577
17	65	4.4153
17	66	4.4153
17	67	6.1653
17	68	6.1699
17	69	3.8193
17	70	5.7148
17	71	1.9437
17	72	5.6895
17	73	3.6494
17	74	4.9344
17	75	2.9373
17	76	5.1861
17	77	4.9117
17	78	6.1223
17	79	2.3459
17	80	2.678
18	19	208.37
18	20	72.297
18	21	39.549
18	22	20.964
18	23	22.391
18	24	15.023
18	25	14.047
18	26	26.915
18	27	25.943
18	28	21.188
18	29	11.539
18	30	6.9547
18	31	9.3047
18	32	14.186
18	33	10.275
18	34	11.363
18	35	8.5821
18	36	5.3781
18	37	7.099
18	38	8.8066
18	39	8.3098
18	40	6.5188
18	41	10.253
18	42	4.247
18	43	6.2798
18	44	5.1867
18	45	6.1039
18	46	6.6083
18	47	4.8676
18	48	4.9817
18	49	7.7663
18	50	5.0077
18	51	2.5314
18	52	6.3684
18	53	8.017
18	54	4.3551
18	55	8.3943
18	56	7.54
18	57	7.0554
18	58	0.92198
18	59	3.4467
18	60	2.1395
18	61	4.0184
18	62	7.4922
18	63	4.8918
18	64	5.164
18	65	3.0866
18	66	4.9468
18	67	6.4554
18	68	4.2326
18	69	5.4882
18	70	7.5211
18	71	3.8852
18	72	6.804
18	73	6.7195
18	74	4.2637
18	75	2.9204
18	76	6.7082
18	77	6.5984
18	78	4.8767
18	79	1.8719
18	80	1.6008
19	20	278.42
19	21	61.62
19	22	48.384
19	23	54.716
19	24	39.972
19	25	34.475
19	26	25.115
19	27	33.772
19	28	30.417
19	29	17.867
19	30	17.867
19	31	21.547
19	32	27.577
19	33	26.706
19	34	11.83
19	35	10.608
19	36	10.608
19	37	5.6776
19	38	13.386
19	39	12.094
19	40	10.387
19	41	10.932
19	42	7.4097
19	43	17.636
19	44	3.8632
19	45	7.2182
19	46	4.4774
19	47	5.8126
19	48	4.0732
19	49	22.781
19	50	2.9192
19	51	6.6345
19	52	10.019
19	53	7.6133
19	54	5.7039
19	55	2.5836
19	56	5.6001
19	57	5.2034
19	58	1.5863
19	59	5.0949
19	60	7.3911
19	61	11.348
19	62	4.5789
19	63	3.9191
19	64	11.236
19	65	6.8523
19	66	6.8523
19	67	5.1874
19	68	5.5119
19	69	1.5862
19	70	5.117
19	71	4.0345
19	72	5.8844
19	73	3.0502
19	74	3.396
19	75	13.553
19	76	2.666
19	77	7.5901
19	78	3.5949
19	79	7.2358
19	80	5.4904
20	21	204.23
20	22	68.255
20	23	44.066
20	24	32.689
20	25	40.865
20	26	28.597
20	27	35.754
20	28	24.62
20	29	26.487
20	30	10.726
20	31	13.033
20	32	18.328
20	33	11.373
20	34	5.0641
20	35	5.0142
20	36	5.921
20	37	10.921
20	38	8.9915
20	39	8.1641
20	40	8.1486
20	41	8.5257
20	42	6.6765
20	43	8.5761
20	44	7.0063
20	45	5.885
20	46	8.9993
20	47	5.0226
20	48	7.932
20	49	5.3834
20	50	3.0687
20	51	5.5818
20	52	2.1021
20	53	4.0154
20	54	4.2012
20	55	3.2739
20	56	4.2124
20	57	7.9045
20	58	3.7947
20	59	6.0422
20	60	7.1546
20	61	4.4909
20	62	4.9092
20	63	6.2868
20	64	4.298
20	65	6.8912
20	66	5.9707
20	67	3.8458
20	68	4.319
20	69	4.7643
20	70	5.8206
20	71	5.6279
20	72	5.7087
20	73	4.2289
20	74	6.5991
20	75	3.9358
20	76	4.0538
20	77	6.8499
20	78	4.3019
20	79	3.4172
20	80	4.1902
21	22	242.76
21	23	91.619
21	24	43.442
21	25	46.129
21	26	35.425
21	27	32.315
21	28	32.05
21	29	30.892
21	30	11.335
21	31	9.7038
21	32	8.7108
21	33	13.537
21	34	8.96
21	35	5.3613
21	36	14.276
21	37	5.7451
21	38	7.7229
21	39	6.544
21	40	7.214
21	41	6.5518
21	42	4.2052
21	43	3.8205
21	44	5.3649
21	45	6.1944
21	46	9.4166
21	47	6.3707
21	48	9.6002
21	49	2.5593
21	50	1.4745
21	51	0.83844
21	52	10.134
21	53	4.8203
21	54	4.3259
21	55	7.1831
21	56	4.9464
21	57	9.2126
21	58	3.2076
21	59	3.2249
21	60	4.6762
21	61	5.2607
21	62	4.0518
21	63	4.453
21	64	3.973
21	65	9.8207
21	66	4.7571
21	67	5.9018
21	68	5.5681
21	69	2.4025
21	70	5.5973
21	71	5.1005
21	72	7.0576
21	73	5.0009
21	74	8.1589
21	75	5.3302
21	76	4.3782
21	77	3.5146
21	78	5.4509
21	79	5.1803
21	80	1.39
22	23	461.39
22	24	110.58
22	25	49.67
22	26	30.119
22	27	14.514
22	28	22.348
22	29	48.848
22	30	28.157
22	31	18.489
22	32	12.178
22	33	12.178
22	34	5.6916
22	35	5.1028
22	36	5.1028
22	37	8.1677
22	38	5.5126
22	39	9.1443
22	40	10.03
22	41	5.927
22	42	3.5497
22	43	2.4131
22	44	2.7814
22	45	2.0837
22	46	1.4391
22	47	7.4682
22	48	9.8348
22	49	4.8484
22	50	2.7855
22	51	2.7855
22	52	2.7855
22	53	3.6267
22	54	1.36
22	55	2.468
22	56	2.0217
22	57	11.723
22	58	6.1356
22	59	8.5711
22	60	5.3264
22	61	10.021
22	62	5.4976
22	63	4.7052
22	64	3.2296
22	65	14.288
22	66	1.1262
22	67	1.2396
22	68	5.2909
22	69	2.2882
22	70	0.8185
22	71	2.9067
22	72	4.2541
22	73	2.1969
22	74	5.7254
22	75	5.0993
22	76	3.2226
22	77	9.1642
22	78	7.8275
22	79	7.0131
22	80	9.2898
23	24	200.04
23	25	68.378
23	26	30.072
23	27	25.109
23	28	26.079
23	29	35.075
23	30	15.984
23	31	13.808
23	32	15.671
23	33	15.671
23	34	15.671
23	35	2.309
23	36	7.5449
23	37	8.4629
23	38	7.7812
23	39	6.586
23	40	6.751
23	41	5.2156
23	42	1.998
23	43	4.0862
23	44	6.2788
23	45	3.1427
23	46	5.292
23	47	8.4718
23	48	6.6826
23	49	2.7348
23	50	0.78151
23	51	1.7762
23	52	4.4614
23	53	4.0855
23	54	1.5275
23	55	1.3884
23	56	4.1964
23	57	9.0284
23	58	6.9658
23	59	9.0405
23	60	8.0556
23	61	6.7139
23	62	5.6029
23	63	4.2552
23	64	4.2487
23	65	9.9675
23	66	3.7988
23	67	3.4924
23	68	1.9941
23	69	4.7494
23	70	3.2347
23	71	4.3912
23	72	3.6148
23	73	5.3721
23	74	6.0319
23	75	8.6881
23	76	4.0208
23	77	6.5818
23	78	6.9032
23	79	5.2904
23	80	3.7695
24	25	263.25
24	26	49.237
24	27	23.291
24	28	44.978
24	29	39.554
24	30	14.111
24	31	19.733
24	32	14.888
24	33	12.637
24	34	5.6311
24	35	2.0294
24	36	2.0294
24	37	5.3983
24	38	8.188
24	39	6.1986
24	40	9.076
24	41	3.9291
24	42	2.6215
24	43	2.9812
24	44	4.128
24	45	3.7946
24	46	6.0854
24	47	10.718
24	48	6.8695
24	49	2.9931
24	50	1.3637
24	51	3.8751
24	52	3.1114
24	53	3.5679
24	54	2.6662
24	55	1.2129
24	56	3.0166
24	57	9.6379
24	58	10.758
24	59	13.454
24	60	18.581
24	61	8.1807
24	62	6.5568
24	63	5.5986
24	64	7.4363
24	65	4.9307
24	66	3.3184
24	67	6.1067
24	68	3.9339
24	69	3.7902
24	70	2.0243
24	71	3.3731
24	72	6.0054
24	73	4.708
24	74	6.1234
24	75	9.496
24	76	6.7721
24	77	4.578
24	78	8.7069
24	79	4.094
24	80	2.6643
25	26	198.36
25	27	65.663
25	28	71.949
25	29	54.288
25	30	19.637
25	31	17.49
25	32	20.048
25	33	20.048
25	34	14.283
25	35	7.1858
25	36	13.497
25	37	10.957
25	38	7.8447
25	39	9.1955
25	40	7.2518
25	41	8.9339
25	42	4.0067
25	43	9.0969
25	44	8.8486
25	45	1.0472
25	46	5.7849
25	47	12.22
25	48	10.879
25	49	8.5283
25	50	1.397
25	51	1.5877
25	52	3.1922
25	53	1.8242
25	54	2.7304
25	55	3.0979
25	56	6.0983
25	57	9.699
25	58	4.6333
25	59	8.0246
25	60	6.2606
25	61	8.2554
25	62	6.6391
25	63	5.2029
25	64	4.3253
25	65	7.1939
25	66	7.3455
25	67	4.983
25	68	3.5466
25	69	5.369
25	70	4.5224
25	71	5.3646
25	72	6.4181
25	73	5.5153
25	74	9.4711
25	75	6.2359
25	76	4.5401
25	77	6.7609
25	78	3.9384
25	79	2.9387
25	80	4.0135
26	27	234.35
26	28	105.56
26	29	32.636
26	30	10.047
26	31	10.141
26	32	25.175
26	33	33.311
26	34	14.738
26	35	10.566
26	36	7.0451
26	37	13.441
26	38	9.0415
26	39	12.894
26	40	12.597
26	41	11.556
26	42	14.29
26	43	10.038
26	44	8.6532
26	45	8.2576
26	46	11.136
26	47	4.8247
26	48	6.4204
26	49	6.936
26	50	7.2767
26	51	9.9266
26	52	8.3327
26	53	8.5495
26	54	5.6908
26	55	7.0828
26	56	9.0506
26	57	7.776
26	58	4.3435
26	59	4.4406
26	60	3.6815
26	61	9.8891
26	62	8.5502
26	63	7.8016
26	64	11.191
26	65	5.1193
26	66	8.215
26	67	7.7572
26	68	7.7706
26	69	4.3389
26	70	7.6397
26	71	8.0353
26	72	5.8547
26	73	5.6892
26	74	7.1858
26	75	4.1245
26	76	4.977
26	77	4.4061
26	78	2.6861
26	79	1.8036
26	80	3.4214
27	28	133.54
27	29	36.122
27	30	5.7283
27	31	10.723
27	32	23.396
27	33	16.961
27	34	20.026
27	35	15.285
27	36	11.872
27	37	10.216
27	38	10.099
27	39	14.261
27	40	6.6139
27	41	16.775
27	42	14.043
27	43	9.0426
27	44	8.5666
27	45	10.686
27	46	9.7972
27	47	3.703
27	48	4.6121
27	49	6.9488
27	50	9.8226
27	51	6.9816
27	52	7.7284
27	53	4.8183
27	54	9.0066
27	55	10.342
27	56	13.032
27	57	7.3813
27	58	2.0254
27	59	2.1637
27	60	3.1353
27	61	6.8256
27	62	2.9083
27	63	5.7979
27	64	6.6364
27	65	3.8774
27	66	3.9668
27	67	7.112
27	68	6.9874
27	69	6.0374
27	70	7.2005
27	71	12.816
27	72	6.5462
27	73	9.3302
27	74	9.3714
27	75	3.8482
27	76	5.1026
27	77	5.9089
27	78	3.8269
27	79	2.3146
27	80	1.7575
28	29	175.84
28	30	23.299
28	31	23.813
28	32	24.591
28	33	12.51
28	34	5.5716
28	35	7.0724
28	36	4.2686
28	37	12.495
28	38	11.122
28	39	15.647
28	40	10.873
28	41	6.7456
28	42	3.439
28	43	7.8572
28	44	4.8435
28	45	7.3243
28	46	7.8567
28	47	13.067
28	48	9.6028
28	49	3.9404
28	50	3.1063
28	51	3.5331
28	52	4.5503
28	53	2.3347
28	54	3.4745
28	55	3.1736
28	56	5.3476
28	57	8.6981
28	58	5.1548
28	59	8.1693
28	60	8.8393
28	61	10.004
28	62	12.694
28	63	8.9543
28	64	5.9395
28	65	6.5696
28	66	6.1454
28	67	5.2084
28	68	4.3387
28	69	5.5373
28	70	5.6113
28	71	7.0446
28	72	7.0615
28	73	8.3642
28	74	7.0871
28	75	9.3201
28	76	7.5586
28	77	7.142
28	78	7.8732
28	79	2.9339
28	80	6.7123
29	30	205.48
29	31	107.45
29	32	28.896
29	33	28.896
29	34	12.523
29	35	5.3029
29	36	5.3029
29	37	7.0143
29	38	6.7852
29	39	3.0978
29	40	4.2417
29	41	2.4581
29	42	0.64728
29	43	4.4249
29	44	1.3659
29	45	3.1032
29	46	3.2261
29	47	13.989
29	48	10.804
29	49	0.88623
29	50	0.99843
29	51	1.1338
29	52	2.2681
29	53	1.3071
29	54	1.3071
29	55	1.7846
29	56	2.0142
29	57	14.479
29	58	9.2672
29	59	12.844
29	60	11.919
29	61	12.948
29	62	11.432
29	63	5.5741
29	64	4.7263
29	65	5.7404
29	66	3.2587
29	67	3.2587
29	68	3.2641
29	69	2.2754
29	70	3.62
29	71	6.4883
29	72	5.3122
29	73	4.323
29	74	5.5203
29	75	5.5083
29	76	6.7985
29	77	5.9793
29	78	9.8108
29	79	7.8609
29	80	10.993
30	31	332.85
30	32	18.657
30	33	14
30	34	14
30	35	2.2802
30	36	2.2802
30	37	10.539
30	38	3.0607
30	39	2.8018
30	40	2.8456
30	41	0.74101
30	42	1.9408
30	43	1.9408
30	44	2.0528
30	45	3.1179
30	46	3.242
30	47	11.61
30	48	8.1401
30	49	1.3298
30	50	1.3298
30	51	1.6923
30	52	1.6923
30	53	1.6923
30	54	1.4558
30	55	4.0064
30	56	1.5193
30	57	12.348
30	58	19.246
30	59	12.475
30	60	9.989
30	61	3.0832
30	62	1.2303
30	63	3.1463
30	64	3.5466
30	65	7.4163
30	66	2.4377
30	67	2.4377
30	68	1.9659
30	69	1.9659
30	70	0.90719
30	71	1.0869
30	72	2.405
30	73	2.4378
30	74	3.7048
30	75	5.8242
30	76	4.3971
30	77	4.1667
30	78	5.9128
30	79	8.5233
30	80	9.042
31	32	247.34
31	33	14.917
31	34	6.7207
31	35	6.7166
31	36	6.7166
31	37	18.503
31	38	9.2912
31	39	6.4994
31	40	8.7775
31	41	4.3716
31	42	0.5197
31	43	7.8108
31	44	6.5922
31	45	1.6696
31	46	1.7389
31	47	22.032
31	48	11.131
31	49	4.2651
31	50	1.5942
31	51	2.7132
31	52	4.5154
31	53	4.5154
31	54	1.5555
31	55	2.1402
31	56	2.0337
31	57	24.447
31	58	17.372
31	59	11.091
31	60	18.132
31	61	8.8032
31	62	6.5748
31	63	2.8053
31	64	1.8968
31	65	11.244
31	66	1.957
31	67	2.1623
31	68	2.1018
31	69	3.2131
31	70	3.2131
31	71	7.5479
31	72	4.7244
31	73	2.6112
31	74	3.4682
31	75	4.4672
31	76	5.5112
31	77	2.9806
31	78	9.5446
31	79	8.8528
31	80	15.375
32	33	195.88
32	34	38.635
32	35	12.229
32	36	15.054
32	37	22.464
32	38	13.065
32	39	12.358
32	40	14.744
32	41	16.936
32	42	12.537
32	43	10.965
32	44	11.593
32	45	11.507
32	46	11.931
32	47	12.855
32	48	9.3777
32	49	15.117
32	50	6.2468
32	51	1.7747
32	52	7.1224
32	53	8.1839
32	54	8.3952
32	55	9.0433
32	56	9.6432
32	57	15.867
32	58	4.4101
32	59	5.6341
32	60	8.1449
32	61	7.8326
32	62	8.7991
32	63	7.5102
32	64	6.7112
32	65	6.2945
32	66	6.3419
32	67	10.513
32	68	4.5266
32	69	3.9276
32	70	6.5157
32	71	7.2087
32	72	5.688
32	73	2.9141
32	74	7.5139
32	75	7.9637
32	76	3.3294
32	77	5.2608
32	78	2.99
32	79	4.6632
32	80	4.5749
33	34	37.686
33	35	20.143
33	36	20.143
33	37	18.019
33	38	24.374
33	39	5.48
33	40	24.553
33	41	8.6704
33	42	11.891
33	43	8.0378
33	44	18.479
33	45	13.763
33	46	14.189
33	47	14.189
33	48	4.2782
33	49	40.365
33	50	9.4159
33	51	21.37
33	52	21.54
33	53	12.188
33	54	36.72
33	55	49.747
33	56	13.32
33	57	16.315
33	58	4.9709
33	59	4.9709
33	60	4.9709
33	61	4.9709
33	62	4.9709
33	63	4.9709
33	64	7.1879
33	65	7.1997
33	66	15.154
33	67	15.154
33	68	5.8459
33	69	10.074
33	70	10.074
33	71	10.074
33	72	10.074
33	73	10.074
33	74	5.3465
33	75	5.3465
33	76	4.1841
33	77	3.9837
33	78	3.9837
33	79	7.538
33	80	7.538
34	35	74.363
34	36	118.87
34	37	23.943
34	38	8.0501
34	39	14.575
34	40	18.197
34	41	9.5835
34	42	36.358
34	43	14.186
34	44	10.853
34	45	6.0891
34	46	12.558
34	47	12.558
34	48	7.5852
34	49	14.217
34	50	8.1765
34	51	4.6494
34	52	18.722
34	53	32.189
34	54	19.991
34	55	32.657
34	56	13.783
34	57	13.783
34	58	2.2196
34	59	3.5959
34	60	3.5959
34	61	5.3101
34	62	5.3101
34	63	5.5114
34	64	9.4724
34	65	3.2078
34	66	9.903
34	67	7.2941
34	68	2.5871
34	69	8.9355
34	70	7.1913
34	71	8.527
34	72	8.2659
34	73	4.2835
34	74	7.1655
34	75	6.3184
34	76	3.7254
34	77	5.3192
34	78	7.5059
34	79	1.6643
34	80	1.6643
35	36	470.19
35	37	13.594
35	38	18.816
35	39	17.944
35	40	8.5834
35	41	11.083
35	42	26.015
35	43	20.919
35	44	10.221
35	45	13.157
35	46	9.8394
35	47	3.9376
35	48	5.8575
35	49	15.897
35	50	21.066
35	51	28.896
35	52	29.859
35	53	31.375
35	54	25.56
35	55	23.25
35	56	18.815
35	57	3.9701
35	58	0.80827
35	59	1.2947
35	60	2.8116
35	61	2.3999
35	62	6.3735
35	63	2.9697
35	64	5.6471
35	65	1.1582
35	66	4.1206
35	67	4.5491
35	68	8.8185
35	69	9.6475
35	70	8.5997
35	71	4.5981
35	72	4.1088
35	73	6.9215
35	74	7.3364
35	75	1.5358
35	76	2.0353
35	77	3.5403
35	78	5.0265
35	79	0.30555
35	80	1.3973
36	37	38.253
36	38	6.4101
36	39	11.418
36	40	4.1994
36	41	13.47
36	42	13.47
36	43	8.5845
36	44	13.025
36	45	13.025
36	46	9.7816
36	47	9.7816
36	48	4.3948
36	49	17.271
36	50	41.298
36	51	11.742
36	52	11.929
36	53	53.601
36	54	10.085
36	55	9.0151
36	56	27.661
36	57	5.5839
36	58	10.138
36	59	10.138
36	60	10.138
36	61	10.138
36	62	10.138
36	63	10.138
36	64	10.138
36	65	10.138
36	66	10.138
36	67	10.138
36	68	10.138
36	69	10.138
36	70	10.138
36	71	10.138
36	72	9.6152
36	73	5.1336
36	74	5.1336
36	75	4.7952
36	76	12.81
36	77	12.81
36	78	12.81
36	79	12.81
36	80	12.81
37	38	370.31
37	39	112.63
37	40	64.36
37	41	33.696
37	42	22.561
37	43	38.319
37	44	30.031
37	45	16.59
37	46	24.696
37	47	29.386
37	48	22.87
37	49	25.643
37	50	22.705
37	51	19.065
37	52	12.413
37	53	18.002
37	54	12.531
37	55	19.216
37	56	20.34
37	57	26.266
37	58	12.281
37	59	14.598
37	60	12.465
37	61	12.111
37	62	11.595
37	63	12.581
37	64	9.8774
37	65	15.396
37	66	15.931
37	67	9.6418
37	68	9.936
37	69	8.5789
37	70	11.534
37	71	13.619
37	72	10.926
37	73	9.2854
37	74	12.024
37	75	13.68
37	76	8.5272
37	77	6.8245
37	78	6.6471
37	79	6.874
37	80	5.5272
38	39	184.16
38	40	53.713
38	41	43.123
38	42	26.038
38	43	32.084
38	44	20.181
38	45	18.691
38	46	24.063
38	47	14.562
38	48	12.647
38	49	21.868
38	50	11.921
38	51	15.066
38	52	21.242
38	53	13.01
38	54	12.309
38	55	16.437
38	56	19.084
38	57	13.034
38	58	5.4146
38	59	12.207
38	60	11.794
38	61	12.918
38	62	7.8171
38	63	9.796
38	64	9.6974
38	65	14.563
38	66	11.221
38	67	10.615
38	68	10.859
38	69	12.616
38	70	13.168
38	71	12.86
38	72	12.372
38	73	10.38
38	74	9.281
38	75	6.8552
38	76	6.062
38	77	7.4773
38	78	8.1723
38	79	2.7384
38	80	3.7536
39	40	139.54
39	41	65.723
39	42	38.905
39	43	44.367
39	44	32.486
39	45	27.366
39	46	31.448
39	47	12.053
39	48	16.044
39	49	31.596
39	50	15.962
39	51	17.481
39	52	18.918
39	53	17.047
39	54	19.664
39	55	23.128
39	56	21.669
39	57	16.237
39	58	6.9395
39	59	8.4496
39	60	5.3502
39	61	19.593
39	62	16.992
39	63	12.891
39	64	13.324
39	65	7.5629
39	66	9.5782
39	67	13.229
39	68	12.082
39	69	12.752
39	70	14.69
39	71	14.568
39	72	8.8262
39	73	15.006
39	74	15.488
39	75	9.423
39	76	8.3195
39	77	9.9801
39	78	5.988
39	79	3.5155
39	80	3.439
40	41	160.52
40	42	35.777
40	43	43.234
40	44	33.296
40	45	23.591
40	46	30.121
40	47	28.348
40	48	25.207
40	49	24.378
40	50	13.963
40	51	14.389
40	52	18.888
40	53	11.473
40	54	11.526
40	55	17.548
40	56	14.434
40	57	23.879
40	58	7.0585
40	59	9.6115
40	60	9.8247
40	61	10.395
40	62	12.814
40	63	14.857
40	64	12.703
40	65	14.306
40	66	12.438
40	67	12.205
40	68	16.763
40	69	10.875
40	70	11.813
40	71	14.141
40	72	16.157
40	73	10.331
40	74	13.892
40	75	8.3931
40	76	9.7174
40	77	8.9941
40	78	8.5469
40	79	4.3848
40	80	3.4943
41	42	138.47
41	43	74.591
41	44	56.024
41	45	43.771
41	46	33.426
41	47	21.98
41	48	17.833
41	49	27.408
41	50	20.006
41	51	25.938
41	52	19.142
41	53	26.295
41	54	19.584
41	55	19.063
41	56	25.615
41	57	16.027
41	58	5.5059
41	59	5.0298
41	60	4.8471
41	61	13.976
41	62	12.332
41	63	12.423
41	64	13.419
41	65	15.357
41	66	10.185
41	67	11.692
41	68	18.215
41	69	12.939
41	70	13.262
41	71	15.165
41	72	7.4724
41	73	11.357
41	74	10.607
41	75	5.2341
41	76	7.2553
41	77	6.0369
41	78	4.4494
41	79	3.7771
41	80	2.2751
42	43	190.73
42	44	56.988
42	45	63.759
42	46	38.025
42	47	8.0291
42	48	11.491
42	49	39.809
42	50	47.077
42	51	40.172
42	52	36.851
42	53	31.63
42	54	36.458
42	55	31.715
42	56	26.883
42	57	6.7786
42	58	0.68619
42	59	2.7896
42	60	1.6214
42	61	8.6653
42	62	4.5259
42	63	9.0376
42	64	11.438
42	65	4.9946
42	66	11.011
42	67	10.395
42	68	10.907
42	69	17.348
42	70	17.648
42	71	11.511
42	72	7.047
42	73	13.403
42	74	8.1482
42	75	4.5562
42	76	3.1724
42	77	5.211
42	78	2.7198
42	79	1.041
42	80	1.7834
43	44	165.13
43	45	87.549
43	46	59.624
43	47	29.431
43	48	19.385
43	49	36.546
43	50	31.851
43	51	28.157
43	52	25.36
43	53	27.658
43	54	16.424
43	55	28.889
43	56	23.388
43	57	15.976
43	58	1.4114
43	59	3.7974
43	60	5.5182
43	61	9.5801
43	62	13.012
43	63	14.667
43	64	16.899
43	65	12.946
43	66	12.095
43	67	14.083
43	68	12.657
43	69	14.213
43	70	15.86
43	71	11.456
43	72	8.7652
43	73	10.973
43	74	12.644
43	75	7.5887
43	76	3.5609
43	77	7.1426
43	78	4.2664
43	79	3.5775
43	80	3.2558
44	45	222.7
44	46	94.681
44	47	33.342
44	48	33.565
44	49	40.746
44	50	25.538
44	51	23.693
44	52	19.258
44	53	36.918
44	54	20.374
44	55	19.632
44	56	22.458
44	57	14.71
44	58	7.2632
44	59	8.1971
44	60	3.3977
44	61	8.2434
44	62	15.78
44	63	9.8945
44	64	15.494
44	65	13.632
44	66	14.625
44	67	19.11
44	68	19.404
44	69	14.187
44	70	10.963
44	71	15.292
44	72	12.135
44	73	14.34
44	74	13.246
44	75	9.6546
44	76	5.7967
44	77	7.5302
44	78	4.113
44	79	2.481
44	80	5.6623
45	46	115.99
45	47	23.48
45	48	21.371
45	49	29.886
45	50	38.111
45	51	36.597
45	52	28.31
45	53	31.811
45	54	24.219
45	55	32.551
45	56	26.275
45	57	9.6365
45	58	3.3076
45	59	4.4111
45	60	4.4694
45	61	6.8702
45	62	10.646
45	63	10.765
45	64	11.138
45	65	7.8951
45	66	9.6139
45	67	13.283
45	68	12.613
45	69	18.829
45	70	13.731
45	71	7.6487
45	72	9.3947
45	73	12.789
45	74	11.166
45	75	3.93
45	76	5.7824
45	77	3.0667
45	78	3.4347
45	79	3.1436
45	80	3.3499
46	47	97.874
46	48	47.047
46	49	45.094
46	50	29.913
46	51	26.534
46	52	22.009
46	53	19.331
46	54	15.881
46	55	19.884
46	56	25.005
46	57	17.531
46	58	5.4507
46	59	6.4148
46	60	7.2847
46	61	12.564
46	62	15.925
46	63	14.269
46	64	17.814
46	65	10.235
46	66	13.165
46	67	10.021
46	68	15.984
46	69	17.257
46	70	12.675
46	71	12.249
46	72	12.916
46	73	13.754
46	74	10.682
46	75	7.3648
46	76	6.4945
46	77	9.7925
46	78	3.8939
46	79	1.9565
46	80	1.9908
47	48	224.57
47	49	49.765
47	50	9.1806
47	51	6.7049
47	52	8.9575
47	53	6.0059
47	54	5.7661
47	55	2.923
47	56	9.4605
47	57	37.085
47	58	27.696
47	59	20.813
47	60	27.501
47	61	15.46
47	62	19.627
47	63	13.585
47	64	8.7363
47	65	27.669
47	66	12.268
47	67	10.018
47	68	8.9103
47	69	4.7937
47	70	3.9261
47	71	17.785
47	72	23.729
47	73	8.4345
47	74	14.3
47	75	19.213
47	76	14.13
47	77	6.8391
47	78	11.005
47	79	10.77
47	80	11.649
48	49	159.39
48	50	20.996
48	51	24.389
48	52	15.08
48	53	16.81
48	54	10.716
48	55	13.056
48	56	18.972
48	57	40.884
48	58	13.915
48	59	15.067
48	60	19.328
48	61	13.325
48	62	20.092
48	63	16.168
48	64	7.541
48	65	25.009
48	66	9.2921
48	67	9.885
48	68	16.346
48	69	10.597
48	70	10.982
48	71	15.111
48	72	15.909
48	73	9.8222
48	74	15.063
48	75	14.979
48	76	10.779
48	77	8.1289
48	78	11.552
48	79	7.1115
48	80	6.3548
49	50	164.62
49	51	98.078
49	52	84.676
49	53	68.367
49	54	51.274
49	55	47.111
49	56	45.715
49	57	25.287
49	58	8.4789
49	59	8.3847
49	60	9.9701
49	61	14.692
49	62	14.443
49	63	15.324
49	64	19.706
49	65	18.451
49	66	21.463
49	67	15.73
49	68	21.016
49	69	9.996
49	70	14.911
49	71	16.955
49	72	12.313
49	73	11.947
49	74	14.205
49	75	7.1486
49	76	6.3378
49	77	6.7824
49	78	5.3334
49	79	2.8555
49	80	3.2542
50	51	208.91
50	52	109.64
50	53	102.94
50	54	64.979
50	55	57.345
50	56	43.955
50	57	6.9692
50	58	3.6938
50	59	3.4696
50	60	5.0612
50	61	7.6922
50	62	5.5215
50	63	14.231
50	64	15.021
50	65	3.1107
50	66	10.095
50	67	19.365
50	68	9.5524
50	69	16.321
50	70	20.785
50	71	8.3214
50	72	3.9906
50	73	13.25
50	74	9.2039
50	75	2.9978
50	76	3.9997
50	77	7.2136
50	78	4.7787
50	79	1.5964
50	80	5.4628
51	52	188.22
51	53	93.505
51	54	90.256
51	55	53.609
51	56	35.868
51	57	7.9167
51	58	1.7991
51	59	2.9541
51	60	1.4372
51	61	4.3694
51	62	11.653
51	63	12.33
51	64	9.8881
51	65	9.7167
51	66	20.087
51	67	10.479
51	68	13.033
51	69	22.277
51	70	10.807
51	71	14.183
51	72	6.8073
51	73	10.252
51	74	4.5749
51	75	3.4064
51	76	1.0103
51	77	3.86
51	78	2.0361
51	79	0.45321
51	80	0.45321
52	53	216.01
52	54	104.57
52	55	85.116
52	56	44.227
52	57	8.5795
52	58	4.7962
52	59	6.9091
52	60	6.9091
52	61	8.7624
52	62	14.414
52	63	17.839
52	64	13.612
52	65	7.0887
52	66	10.655
52	67	24.357
52	68	21.143
52	69	19.907
52	70	16.339
52	71	10.291
52	72	6.8303
52	73	13.984
52	74	11.79
52	75	3.4033
52	76	6.0635
52	77	6.7649
52	78	4.0711
52	79	2.7173
52	80	2.7173
53	54	194.04
53	55	158.62
53	56	62.68
53	57	12.185
53	58	3.4685
53	59	4.5193
53	60	4.9486
53	61	11.746
53	62	12.352
53	63	12.41
53	64	20.628
53	65	5.0816
53	66	8.769
53	67	17.974
53	68	24.964
53	69	27.084
53	70	17.86
53	71	18.097
53	72	5.8929
53	73	14.584
53	74	9.7818
53	75	3.2842
53	76	2.3384
53	77	9.4846
53	78	4.7171
53	79	2.631
53	80	2.631
54	55	223.08
54	56	92.105
54	57	13.619
54	58	1.032
54	59	5.9263
54	60	7.413
54	61	12.528
54	62	7.7067
54	63	13.916
54	64	23.956
54	65	7.5964
54	66	16.44
54	67	16.207
54	68	19.303
54	69	21.292
54	70	22.069
54	71	10.162
54	72	4.8804
54	73	17.117
54	74	9.5555
54	75	3.9076
54	76	3.477
54	77	4.1515
54	78	4.0877
54	79	2.7299
54	80	1.7772
55	56	161.11
55	57	18.699
55	58	5.6743
55	59	5.3995
55	60	4.4953
55	61	10.283
55	62	13.292
55	63	17.421
55	64	22.321
55	65	6.9208
55	66	12.57
55	67	19.464
55	68	18.614
55	69	20.782
55	70	22.597
55	71	12.307
55	72	6.2247
55	73	12.203
55	74	12.815
55	75	4.4804
55	76	1.9904
55	77	6.4502
55	78	3.7494
55	79	1.7924
55	80	1.7924
56	57	59.824
56	58	10.208
56	59	10.718
56	60	8.0615
56	61	23.541
56	62	17.219
56	63	21.865
56	64	24.17
56	65	10.742
56	66	22.071
56	67	20.124
56	68	26.605
56	69	21.992
56	70	22.371
56	71	14.849
56	72	13.085
56	73	16.702
56	74	15.431
56	75	4.342
56	76	4.958
56	77	8.3173
56	78	5.7822
56	79	1.8393
56	80	1.8661
57	58	215.26
57	59	69.013
57	60	56.355
57	61	38.512
57	62	41.867
57	63	25.967
57	64	18.801
57	65	31.056
57	66	11.375
57	67	11.014
57	68	18.251
57	69	11.596
57	70	11.591
57	71	22.684
57	72	18.253
57	73	7.8628
57	74	14.296
57	75	19.253
57	76	12.442
57	77	10.982
57	78	11.423
57	79	13.718
57	80	8.1512
58	59	276.11
58	60	101.26
58	61	32.074
58	62	26.578
58	63	10.389
58	64	7.5294
58	65	24.551
58	66	9.0569
58	67	4.7811
58	68	3.4763
58	69	2.7299
58	70	2.8873
58	71	8.0824
58	72	13.052
58	73	3.1591
58	74	10.174
58	75	9.4574
58	76	10.404
58	77	6.3987
58	78	12.617
58	79	11.462
58	80	13.42
59	60	338.07
59	61	67.275
59	62	48.067
59	63	17.871
59	64	10.837
59	65	32.836
59	66	10.573
59	67	7.7662
59	68	9.4838
59	69	7.7524
59	70	6.7217
59	71	13.516
59	72	17.17
59	73	6.9454
59	74	13.026
59	75	16.814
59	76	12.791
59	77	13.28
59	78	11.695
59	79	10.472
59	80	14.442
60	61	269.15
60	62	76.722
60	63	28.494
60	64	29.525
60	65	41.44
60	66	13.34
60	67	10.176
60	68	5.6629
60	69	5.6109
60	70	2.9998
60	71	13.35
60	72	17.629
60	73	8.0563
60	74	18.074
60	75	25.567
60	76	16.057
60	77	5.6349
60	78	9.6267
60	79	11.845
60	80	13.467
61	62	211.69
61	63	74.678
61	64	50.691
61	65	39.433
61	66	25.019
61	67	18.426
61	68	18.635
61	69	16.188
61	70	10.731
61	71	14.157
61	72	20.115
61	73	20.578
61	74	17.038
61	75	18.712
61	76	12.842
61	77	15.064
61	78	9.891
61	79	4.9632
61	80	8.1912
62	63	217.39
62	64	128.22
62	65	76.812
62	66	38.919
62	67	26.723
62	68	26.534
62	69	20.357
62	70	19.502
62	71	19.82
62	72	25.363
62	73	16.613
62	74	18.593
62	75	17.796
62	76	12.077
62	77	12.49
62	78	8.8853
62	79	8.9444
62	80	6.0328
63	64	269.27
63	65	53.888
63	66	33.924
63	67	44.062
63	68	30.818
63	69	21.813
63	70	21.438
63	71	20.713
63	72	21.625
63	73	21.287
63	74	18.252
63	75	10.572
63	76	9.3483
63	77	10.637
63	78	7.1461
63	79	4.2311
63	80	4.502
64	65	87.414
64	66	54.618
64	67	41.934
64	68	42.683
64	69	30.385
64	70	25.993
64	71	20.967
64	72	17.941
64	73	17.922
64	74	23.423
64	75	7.9362
64	76	8.7921
64	77	10.029
64	78	7.108
64	79	4.7643
64	80	4.3441
65	66	188.2
65	67	69.696
65	68	43.004
65	69	20.395
65	70	12.966
65	71	31.398
65	72	32.324
65	73	15.334
65	74	22.391
65	75	14.999
65	76	14.718
65	77	10.464
65	78	12.891
65	79	6.9668
65	80	10.604
66	67	274.87
66	68	78.12
66	69	32.142
66	70	35.401
66	71	30.876
66	72	17.826
66	73	18.363
66	74	20.58
66	75	11.853
66	76	6.532
66	77	12.102
66	78	6.836
66	79	3.9204
66	80	5.2194
67	68	164.87
67	69	56.905
67	70	47.998
67	71	34.032
67	72	28.241
67	73	26.866
67	74	18.6
67	75	11.329
67	76	8.0472
67	77	9.5792
67	78	7.0409
67	79	4.3524
67	80	1.6505
68	69	133.38
68	70	86.02
68	71	70.148
68	72	28.306
68	73	35.272
68	74	28.25
68	75	12.217
68	76	10.513
68	77	16.058
68	78	8.2765
68	79	4.7641
68	80	6.0279
69	70	187.15
69	71	91.277
69	72	37.13
69	73	47.338
69	74	22.93
69	75	11.244
69	76	12.474
69	77	11.807
69	78	4.8138
69	79	4.3914
69	80	3.1607
70	71	155.05
70	72	43.444
70	73	43.531
70	74	35.09
70	75	9.4413
70	76	11.05
70	77	12.532
70	78	9.4502
70	79	2.1949
70	80	2.781
71	72	215.63
71	73	67.34
71	74	58.235
71	75	29.983
71	76	14.546
71	77	19.911
71	78	13.521
71	79	8.1991
71	80	11.993
72	73	125.31
72	74	75.628
72	75	40.474
72	76	24.745
72	77	20.263
72	78	18.305
72	79	8.3995
72	80	10.337
73	74	141.01
73	75	34.093
73	76	25.806
73	77	24.249
73	78	15.944
73	79	6.5497
73	80	5.4837
74	75	166.94
74	76	58.372
74	77	46.391
74	78	27.861
74	79	10.958
74	80	9.0894
75	76	176.7
75	77	59.002
75	78	45.331
75	79	18.456
75	80	20.93
76	77	169.09
76	78	77.168
76	79	29.75
76	80	20.234
77	78	156.57
77	79	32.194
77	80	21.747
78	79	145.72
78	80	61.011
79	80	301.52
