1	2	245.59
1	3	48.178
1	4	27.226
1	5	25.914
1	6	24.759
1	7	18.844
1	8	23
1	9	22.566
1	10	20.235
1	11	21.618
1	12	18.687
1	13	19.385
1	14	14.841
1	15	18.101
1	16	12.466
1	17	13.546
1	18	12.761
1	19	9.2955
1	20	11.14
1	21	5.392
1	22	4.2217
1	23	9.1
1	24	5.2065
1	25	3.1295
1	26	2.655
1	27	3.1639
1	28	3.549
1	29	4.2338
1	30	3.2512
1	31	0.57394
1	32	3.0307
1	33	8.3683
1	34	9.3996
1	35	9.918
1	36	18.983
1	37	5.4759
1	38	5.9231
1	39	8.3148
1	40	6.531
1	41	8.4943
1	42	7.5374
1	43	7.6489
1	44	10.683
1	45	5.4401
1	46	14.148
1	47	12.008
1	48	12.583
1	49	10.83
1	50	7.7055
1	51	13.482
1	52	14.541
1	53	10.705
1	54	16.332
1	55	8.4235
1	56	11.275
1	57	15.19
2	3	238.17
2	4	59.011
2	5	35.107
2	6	21.283
2	7	24.298
2	8	21.162
2	9	9.5817
2	10	10.208
2	11	18.36
2	12	17.147
2	13	15.889
2	14	13.317
2	15	11.408
2	16	3.1373
2	17	10.64
2	18	14.052
2	19	11.84
2	20	6.8665
2	21	4.2452
2	22	4.9851
2	23	0.66311
2	24	2.052
2	25	6.1666
2	26	1.7447
2	27	1.7447
2	28	2.0642
2	29	1.6628
2	30	0.79838
2	31	2.6335
2	32	1.1328
2	33	2.3502
2	34	6.7341
2	35	5.9622
2	36	5.9054
2	37	6.4518
2	38	5.4313
2	39	10.112
2	40	7.8382
2	41	8.1553
2	42	5.4818
2	43	3.343
2	44	13.168
2	45	7.4792
2	46	6.6218
2	47	9.2546
2	48	15.568
2	49	9.6997
2	50	5.9893
2	51	4.4282
2	52	4.0904
2	53	5.1414
2	54	6.8442
2	55	2.549
2	56	4.0007
2	57	6.9632
3	4	236.84
3	5	67.413
3	6	25.659
3	7	22.193
3	8	14.666
3	9	13.405
3	10	10.984
3	11	16.554
3	12	24.648
3	13	22.212
3	14	6.4713
3	15	14.761
3	16	7.9087
3	17	9.3657
3	18	18.69
3	19	10.411
3	20	4.1225
3	21	4.2314
3	22	1.325
3	23	1.5892
3	24	7.3594
3	25	7.3594
3	26	2.0911
3	27	1.2415
3	28	0.61855
3	29	0.66418
3	30	0.31868
3	31	0.90083
3	32	1.3624
3	33	5.1619
3	34	7.7457
3	35	7.1395
3	36	3.9255
3	37	5.164
3	38	5.1153
3	39	6.537
3	40	4.6965
3	41	8.9056
3	42	3.94
3	43	2.0066
3	44	8.4021
3	45	5.9864
3	46	9.5257
3	47	6.6532
3	48	11.537
3	49	7.625
3	50	3.0249
3	51	3.7761
3	52	1.6292
3	53	4.4828
3	54	6.1641
3	55	1.0168
3	56	4.4184
3	57	5.9633
4	5	216.06
4	6	51.735
4	7	37.096
4	8	18.855
4	9	14.842
4	10	15.281
4	11	15.302
4	12	15.128
4	13	12.998
4	14	13.714
4	15	11.601
4	16	10.519
4	17	13.842
4	18	14.492
4	19	9.5993
4	20	7.4086
4	21	4.4905
4	22	4.0163
4	23	3.6102
4	24	2.486
4	25	3.7337
4	26	3.1757
4	27	1.5641
4	28	1.6347
4	29	1.2546
4	30	0.96333
4	31	1.7048
4	32	3.5966
4	33	2.1309
4	34	4.2485
4	35	4.9266
4	36	1.7894
4	37	5.8557
4	38	7.3909
4	39	7.0627
4	40	6.134
4	41	6.7307
4	42	5.4608
4	43	3.4118
4	44	9.7258
4	45	7.111
4	46	12.034
4	47	5.4603
4	48	14.154
4	49	6.4401
4	50	3.9997
4	51	5.1707
4	52	4.333
4	53	5.9365
4	54	6.2185
4	55	3.467
4	56	1.9498
4	57	6.3161
5	6	215.69
5	7	66.965
5	8	38.008
5	9	25.387
5	10	23.636
5	11	25.73
5	12	18.889
5	13	25.822
5	14	15.527
5	15	19.141
5	16	13.193
5	17	14.116
5	18	15.564
5	19	19.03
5	20	7.3242
5	21	4.7892
5	22	1.8748
5	23	1.4997
5	24	6.1677
5	25	2.3179
5	26	2.3179
5	27	3.1266
5	28	2.9269
5	29	1.5707
5	30	1.8066
5	31	1.7006
5	32	2.9048
5	33	3.9909
5	34	7.6733
5	35	8.595
5	36	5.1846
5	37	4.8938
5	38	5.7213
5	39	9.7304
5	40	5.6571
5	41	7.5945
5	42	6.2137
5	43	6.6294
5	44	9.3755
5	45	15.391
5	46	11.529
5	47	9.9752
5	48	17.185
5	49	7.6557
5	50	3.2213
5	51	3.5617
5	52	0.76922
5	53	4.2423
5	54	6.3307
5	55	1.9209
5	56	3.13
5	57	5.0798
6	7	220.85
6	8	66.293
6	9	32.378
6	10	29.489
6	11	15.933
6	12	13.558
6	13	15.137
6	14	15.228
6	15	15.386
6	16	12.445
6	17	16.25
6	18	11.185
6	19	10.004
6	20	5.5771
6	21	4.2671
6	22	5.2468
6	23	2.2898
6	24	4.139
6	25	3.5529
6	26	4.5401
6	27	2.0804
6	28	3.5502
6	29	2.146
6	30	1.1434
6	31	2.5919
6	32	4.6518
6	33	4.3904
6	34	6.3261
6	35	4.223
6	36	3.4073
6	37	4.959
6	38	6.3635
6	39	7.0678
6	40	7.6739
6	41	8.0188
6	42	5.6605
6	43	5.776
6	44	8.5652
6	45	8.9304
6	46	10.319
6	47	5.9974
6	48	9.1299
6	49	10.348
6	50	5.4358
6	51	6.554
6	52	5.2976
6	53	6.4566
6	54	2.9651
6	55	2.1971
6	56	4.4947
6	57	3.0055
7	8	250.45
7	9	54.44
7	10	32.514
7	11	42.335
7	12	19.953
7	13	22.795
7	14	17.018
7	15	13.069
7	16	12.446
7	17	12.511
7	18	17.584
7	19	14.214
7	20	11.856
7	21	3.1194
7	22	4.271
7	23	2.2002
7	24	3.0222
7	25	3.0222
7	26	3.0222
7	27	2.6631
7	28	2.8318
7	29	3.044
7	30	1.7535
7	31	3.7305
7	32	4.6984
7	33	6.9051
7	34	8.4199
7	35	7.7665
7	36	4.3557
7	37	6.72
7	38	8.5414
7	39	9.0221
7	40	4.6964
7	41	7.7808
7	42	5.4116
7	43	7.4235
7	44	10.909
7	45	8.6517
7	46	13.134
7	47	9.6703
7	48	12.12
7	49	7.8418
7	50	6.9395
7	51	4.8726
7	52	1.4996
7	53	7.2049
7	54	3.3066
7	55	4.6737
7	56	4.3881
7	57	6.5698
8	9	181.51
8	10	46.811
8	11	51.129
8	12	35.405
8	13	25.948
8	14	20.558
8	15	15.954
8	16	10.616
8	17	14.502
8	18	18.656
8	19	16.186
8	20	14.56
8	21	5.7476
8	22	7.0687
8	23	2.3155
8	24	4.7664
8	25	9.5626
8	26	9.5626
8	27	4.4163
8	28	3.3019
8	29	2.2564
8	30	2.7812
8	31	4.808
8	32	4.3108
8	33	6.3809
8	34	10.625
8	35	8.8426
8	36	3.817
8	37	8.3785
8	38	7.6862
8	39	8.6383
8	40	7.8794
8	41	9.1055
8	42	7.0118
8	43	6.8266
8	44	13.494
8	45	5.8272
8	46	9.7903
8	47	12.943
8	48	8.5668
8	49	8.7449
8	50	5.5121
8	51	11.732
8	52	2.3735
8	53	6.5378
8	54	12.013
8	55	8.8842
8	56	5.7114
8	57	10.436
9	10	264.62
9	11	62.247
9	12	38.5
9	13	27.81
9	14	25.789
9	15	19.23
9	16	13.923
9	17	14.557
9	18	13.877
9	19	12.505
9	20	20.118
9	21	19.285
9	22	20.116
9	23	20.404
9	24	23.374
9	25	21.128
9	26	12.011
9	27	10.192
9	28	10.816
9	29	11.31
9	30	11.75
9	31	13.242
9	32	11.326
9	33	10.687
9	34	12.042
9	35	18.538
9	36	17.224
9	37	15.536
9	38	8.8274
9	39	8.8839
9	40	8.4905
9	41	8.4692
9	42	6.8313
9	43	13.852
9	44	11.771
9	45	7.3164
9	46	8.5602
9	47	4.7389
9	48	11.509
9	49	13.668
9	50	16.127
9	51	17.962
9	52	12.391
9	53	15.956
9	54	16.626
9	55	17.363
9	56	13.575
9	57	18.674
10	11	208.55
10	12	66.115
10	13	55.573
10	14	33.383
10	15	23.225
10	16	21.024
10	17	19.076
10	18	12.662
10	19	14.058
10	20	36.282
10	21	36.319
10	22	31.66
10	23	29.288
10	24	31.158
10	25	15.265
10	26	7.8094
10	27	13.143
10	28	12.722
10	29	12.48
10	30	8.1364
10	31	17.624
10	32	7.8667
10	33	17.736
10	34	14.134
10	35	28.393
10	36	32.82
10	37	9.3825
10	38	10.152
10	39	6.8075
10	40	6.2006
10	41	8.6493
10	42	13.495
10	43	22.291
10	44	8.97
10	45	4.6755
10	46	4.4853
10	47	9.3916
10	48	9.9619
10	49	7.6173
10	50	17.422
10	51	34.168
10	52	32.759
10	53	23.106
10	54	24.889
10	55	27.253
10	56	19.678
10	57	22.408
11	12	291.34
11	13	67.998
11	14	39.117
11	15	24.025
11	16	14.824
11	17	26.138
11	18	23.84
11	19	24.092
11	20	21.736
11	21	6.1786
11	22	7.8594
11	23	6.5315
11	24	5.2253
11	25	5.2253
11	26	3.818
11	27	6.8035
11	28	2.8288
11	29	2.1257
11	30	2.6196
11	31	5.7575
11	32	3.1222
11	33	5.5764
11	34	15.169
11	35	16.041
11	36	7.1722
11	37	14.99
11	38	9.7908
11	39	8.1312
11	40	6.2502
11	41	12.654
11	42	9.6096
11	43	5.5012
11	44	18.145
11	45	10.188
11	46	8.7301
11	47	7.6167
11	48	16.124
11	49	11.525
11	50	13.152
11	51	8.2731
11	52	7.4421
11	53	9.2317
11	54	12.251
11	55	4.6451
11	56	5.7151
11	57	13.647
12	13	468.19
12	14	53.284
12	15	36.349
12	16	25.061
12	17	23.346
12	18	30.299
12	19	23.485
12	20	30.704
12	21	11.866
12	22	10.835
12	23	4.6509
12	24	12.43
12	25	5.7767
12	26	7.3755
12	27	1.9337
12	28	3.2429
12	29	4.6454
12	30	2.6012
12	31	4.7348
12	32	2.3902
12	33	7.1232
12	34	11.533
12	35	18.169
12	36	13.778
12	37	11.552
12	38	8.6778
12	39	13.093
12	40	7.4625
12	41	8.8443
12	42	10.704
12	43	14.13
12	44	13.27
12	45	10.99
12	46	11.725
12	47	10.983
12	48	10.892
12	49	12.059
12	50	9.7045
12	51	7.0476
12	52	7.597
12	53	9.8044
12	54	10.794
12	55	6.5239
12	56	7.7223
12	57	15.997
13	14	243.35
13	15	77.407
13	16	26.708
13	17	33.349
13	18	35.622
13	19	31.259
13	20	26.721
13	21	31.24
13	22	17.705
13	23	11.142
13	24	9.3693
13	25	9.4613
13	26	8.0513
13	27	1.5784
13	28	1.955
13	29	2.9417
13	30	4.0405
13	31	3.4358
13	32	4.318
13	33	5.9544
13	34	11.612
13	35	16.412
13	36	20.992
13	37	10.333
13	38	7.0563
13	39	13.594
13	40	8.6315
13	41	7.8892
13	42	6.6345
13	43	10.267
13	44	11.849
13	45	9.7459
13	46	11.353
13	47	9.0953
13	48	15.236
13	49	11.345
13	50	6.2194
13	51	14.372
13	52	7.2212
13	53	9.2114
13	54	8.4336
13	55	3.2227
13	56	10.26
13	57	16.587
14	15	313.75
14	16	88.578
14	17	60.9
14	18	39.874
14	19	20.898
14	20	22.113
14	21	13.028
14	22	9.0613
14	23	7.4893
14	24	13.32
14	25	6.3379
14	26	5.4012
14	27	7.7772
14	28	6.3323
14	29	5.6694
14	30	4.0771
14	31	3.4653
14	32	8.1761
14	33	8.8304
14	34	10.261
14	35	8.9031
14	36	5.391
14	37	9.9553
14	38	9.1522
14	39	10.812
14	40	13.129
14	41	7.2547
14	42	1.681
14	43	9.0398
14	44	8.911
14	45	9.8958
14	46	7.7126
14	47	9.0167
14	48	8.4852
14	49	8.0872
14	50	10.022
14	51	7.7572
14	52	8.3656
14	53	7.193
14	54	6.6117
14	55	3.477
14	56	4.0813
14	57	7.6529
15	16	239.63
15	17	105.96
15	18	49.482
15	19	31.532
15	20	17.39
15	21	11.096
15	22	10.853
15	23	8.6961
15	24	7.1585
15	25	5.4139
15	26	4.6104
15	27	5.4165
15	28	5.0348
15	29	3.608
15	30	3.4666
15	31	3.9322
15	32	5.9373
15	33	8.1826
15	34	8.8251
15	35	7.0641
15	36	9.455
15	37	8.8875
15	38	13.145
15	39	12.202
15	40	12.515
15	41	10.178
15	42	3.5617
15	43	11.563
15	44	12.892
15	45	9.7775
15	46	6.9007
15	47	13.244
15	48	11.338
15	49	9.7645
15	50	9.8644
15	51	2.4718
15	52	1.7744
15	53	6.0919
15	54	5.0272
15	55	4.9833
15	56	4.8032
15	57	9.074
16	17	222.33
16	18	55.578
16	19	21.092
16	20	13.518
16	21	3.177
16	22	8.4483
16	23	4.181
16	24	10.493
16	25	9.3073
16	26	1.5894
16	27	4.0188
16	28	3.2175
16	29	5.4389
16	30	4.2715
16	31	5.0591
16	32	6.3593
16	33	7.0238
16	34	6.8369
16	35	8.2893
16	36	8.3023
16	37	6.4306
16	38	6.9515
16	39	9.7905
16	40	11.77
16	41	5.9965
16	42	7.816
16	43	5.2836
16	44	6.6652
16	45	6.0779
16	46	5.9488
16	47	5.3898
16	48	10.705
16	49	7.3885
16	50	5.9206
16	51	4.5507
16	52	3.6733
16	53	7.1198
16	54	4.2318
16	55	4.187
16	56	4.1149
16	57	4.8997
17	18	251
17	19	47.789
17	20	24.895
17	21	7.8665
17	22	8.3942
17	23	6.7238
17	24	6.9278
17	25	4.1722
17	26	1.7772
17	27	4.5393
17	28	3.6489
17	29	2.8002
17	30	3.4907
17	31	4.564
17	32	4.0349
17	33	5.5509
17	34	10.725
17	35	8.2479
17	36	4.6598
17	37	9.1037
17	38	9.8276
17	39	8.3044
17	40	9.7284
17	41	8.6717
17	42	6.0896
17	43	5.0985
17	44	12.154
17	45	10.858
17	46	5.3791
17	47	12.193
17	48	11.175
17	49	7.9849
17	50	8.9404
17	51	7.03
17	52	3.4459
17	53	5.6836
17	54	6.53
17	55	3.0063
17	56	3.102
17	57	6.5519
18	19	186.16
18	20	45.84
18	21	10.655
18	22	8.3414
18	23	10.02
18	24	3.6777
18	25	3.6777
18	26	3.7589
18	27	1.8644
18	28	4.1946
18	29	3.6011
18	30	2.0111
18	31	2.4337
18	32	3.3998
18	33	10.165
18	34	10.54
18	35	15.855
18	36	10.606
18	37	8.2007
18	38	7.5763
18	39	8.4692
18	40	8.1115
18	41	10.909
18	42	5.9371
18	43	6.3293
18	44	13.035
18	45	11.242
18	46	13.919
18	47	11.05
18	48	13.477
18	49	10.194
18	50	4.107
18	51	5.4361
18	52	0.73428
18	53	8.6227
18	54	10.266
18	55	2.2923
18	56	3.6498
18	57	9.1777
19	20	198.32
19	21	25.278
19	22	13.697
19	23	6.6964
19	24	8.7842
19	25	7.5359
19	26	7.5359
19	27	2.5339
19	28	2.6079
19	29	4.0734
19	30	1.2198
19	31	3.1042
19	32	6.8
19	33	8.6363
19	34	14.055
19	35	10.988
19	36	8.4381
19	37	12.575
19	38	13.576
19	39	11.849
19	40	10.815
19	41	10.271
19	42	12.594
19	43	5.7598
19	44	16.38
19	45	7.2297
19	46	12.226
19	47	6.8238
19	48	15.668
19	49	13.121
19	50	10.157
19	51	4.0595
19	52	3.1291
19	53	9.4708
19	54	9.4932
19	55	2.7297
19	56	4.2296
19	57	8.7045
20	21	254.54
20	22	119.67
20	23	40.828
20	24	53.787
20	25	30.405
20	26	12.939
20	27	14.432
20	28	13.618
20	29	11.907
20	30	11.426
20	31	10.629
20	32	9.0942
20	33	19.74
20	34	20.974
20	35	23.986
20	36	17.762
20	37	16.339
20	38	12.4
20	39	9.11
20	40	13.123
20	41	6.4008
20	42	14.12
20	43	12.389
20	44	10.659
20	45	10.976
20	46	6.5167
20	47	7.3907
20	48	9.5852
20	49	11.52
20	50	18.22
20	51	23.255
20	52	8.3573
20	53	18.963
20	54	12.659
20	55	14.079
20	56	15.082
20	57	15.899
21	22	350.41
21	23	162.49
21	24	123.77
21	25	100.03
21	26	26.026
21	27	32.629
21	28	24.951
21	29	21.3
21	30	23.832
21	31	21.684
21	32	11.495
21	33	15.221
21	34	14.279
21	35	22.024
21	36	35.476
21	37	12.286
21	38	4.7099
21	39	7.0978
21	40	4.3088
21	41	6.0043
21	42	9.926
21	43	11.37
21	44	4.1372
21	45	2.1666
21	46	0.88992
21	47	4.6589
21	48	3.6794
21	49	2.2613
21	50	9.5609
21	51	26.056
21	52	26.49
21	53	10.404
21	54	14.659
21	55	26.913
21	56	18.14
21	57	23.125
22	23	230.42
22	24	150.22
22	25	105.41
22	26	29.075
22	27	27.723
22	28	27.64
22	29	21.477
22	30	19.901
22	31	18.772
22	32	9.8918
22	33	20.048
22	34	10.703
22	35	15.514
22	36	29.891
22	37	9.0479
22	38	6.1415
22	39	3.0855
22	40	2.8087
22	41	2.9363
22	42	11.213
22	43	18.46
22	44	3.8865
22	45	1.6952
22	46	1.6952
22	47	2.9166
22	48	5.0416
22	49	3.5396
22	50	5.4842
22	51	25.479
22	52	23.995
22	53	11.84
22	54	10.799
22	55	21.726
22	56	14.672
22	57	29.102
23	24	260.83
23	25	167.53
23	26	69.829
23	27	44.677
23	28	32.759
23	29	22.667
23	30	37.186
23	31	30.576
23	32	9.7205
23	33	10.544
23	34	9.5035
23	35	13.466
23	36	28.222
23	37	8.154
23	38	3.6909
23	39	2.224
23	40	5.4037
23	41	4.2325
23	42	10.376
23	43	9.8555
23	44	3.1115
23	45	1.3579
23	46	0.83694
23	47	3.5063
23	48	1.7298
23	49	3.5418
23	50	5.9936
23	51	22.063
23	52	28.857
23	53	8.0026
23	54	8.1071
23	55	21.228
23	56	20.003
23	57	16.071
24	25	469.11
24	26	32.431
24	27	35.9
24	28	43.98
24	29	29.967
24	30	27.942
24	31	27.095
24	32	12.834
24	33	17.888
24	34	12.712
24	35	25.538
24	36	26.416
24	37	6.3011
24	38	4.5651
24	39	6.8748
24	40	2.7881
24	41	5.0898
24	42	19.283
24	43	11.912
24	44	6.3948
24	45	2.8006
24	46	2.58
24	47	2.7053
24	48	1.7761
24	49	4.3767
24	50	12.377
24	51	20.168
24	52	18.885
24	53	17.414
24	54	16.677
24	55	28.638
24	56	25.55
24	57	19.491
25	26	89.118
25	27	27.282
25	28	25.904
25	29	23.039
25	30	35.153
25	31	25.22
25	32	13.441
25	33	23.611
25	34	8.7049
25	35	22.584
25	36	48.574
25	37	12.646
25	38	2.2982
25	39	2.3048
25	40	8.4107
25	41	8.7634
25	42	12.923
25	43	10.402
25	44	4.8061
25	45	2.1124
25	46	2.5944
25	47	2.7204
25	48	2.6723
25	49	2.1942
25	50	13.069
25	51	19.288
25	52	20.55
25	53	11.07
25	54	15.059
25	55	15.36
25	56	16.602
25	57	11.767
26	27	319.65
26	28	125.05
26	29	73.134
26	30	68.357
26	31	66.616
26	32	25.798
26	33	24.19
26	34	13.37
26	35	32.935
26	36	48.287
26	37	10.774
26	38	3.9187
26	39	7.8534
26	40	8.9744
26	41	9.3337
26	42	11.039
26	43	15.565
26	44	2.0429
26	45	7.2021
26	46	7.2021
26	47	6.9516
26	48	4.5418
26	49	5.6025
26	50	12.749
26	51	23.018
26	52	35.034
26	53	14.158
26	54	21.355
26	55	48.086
26	56	18.931
26	57	20.071
27	28	158.76
27	29	75.206
27	30	67.239
27	31	54.795
27	32	18.47
27	33	23.349
27	34	13.028
27	35	16.14
27	36	23.854
27	37	7.7633
27	38	5.3585
27	39	3.4633
27	40	4.1986
27	41	7.324
27	42	9.1304
27	43	10.984
27	44	2.8373
27	45	2.8168
27	46	2.1773
27	47	2.2768
27	48	1.8035
27	49	2.9472
27	50	12.103
27	51	13.941
27	52	21.053
27	53	12.912
27	54	11.812
27	55	27.003
27	56	20.34
27	57	15.685
28	29	159.77
28	30	71.399
28	31	82.223
28	32	34.804
28	33	31.331
28	34	14.431
28	35	21.186
28	36	23.322
28	37	11.594
28	38	3.9855
28	39	5.7318
28	40	4.166
28	41	6.826
28	42	14.388
28	43	11.123
28	44	6.0757
28	45	4.9798
28	46	2.6013
28	47	2.0381
28	48	3.0401
28	49	3.5807
28	50	14.31
28	51	20.028
28	52	18.048
28	53	13.036
28	54	14.512
28	55	23.988
28	56	20.634
28	57	14.593
29	30	139.61
29	31	139.47
29	32	46.609
29	33	35.902
29	34	15.521
29	35	14.606
29	36	27.223
29	37	7.9266
29	38	4.591
29	39	4.9284
29	40	5.5997
29	41	12.324
29	42	10.746
29	43	13.668
29	44	5.2164
29	45	2.8177
29	46	3.8409
29	47	2.1896
29	48	2.1747
29	49	5.9163
29	50	13.404
29	51	16.553
29	52	11.33
29	53	15.858
29	54	12.195
29	55	21.803
29	56	13.527
29	57	10.197
30	31	182.46
30	32	32.254
30	33	34.869
30	34	10.451
30	35	14.871
30	36	23.799
30	37	9.2277
30	38	3.233
30	39	2.6615
30	40	6.4479
30	41	5.6307
30	42	10.309
30	43	15.8
30	44	3.1228
30	45	3.2462
30	46	4.0197
30	47	1.7504
30	48	2.7785
30	49	4.5369
30	50	9.0538
30	51	14.052
30	52	20.804
30	53	12.04
30	54	14.613
30	55	20.031
30	56	14.178
30	57	14.307
31	32	123.92
31	33	57.74
31	34	24.636
31	35	27.514
31	36	28.162
31	37	14.992
31	38	6.2562
31	39	9.2223
31	40	10.682
31	41	10.773
31	42	15.816
31	43	17.548
31	44	8.8173
31	45	4.9887
31	46	3.7901
31	47	2.9748
31	48	6.3726
31	49	6.8188
31	50	20.645
31	51	13.808
31	52	16.275
31	53	11.054
31	54	17.448
31	55	25.311
31	56	17.567
31	57	13.354
32	33	195.54
32	34	37.859
32	35	23.404
32	36	20.369
32	37	16.025
32	38	8.8177
32	39	10.133
32	40	18.169
32	41	10.56
32	42	18.605
32	43	12.616
32	44	8.7229
32	45	6.9531
32	46	6.1087
32	47	6.0125
32	48	6.3424
32	49	6.9958
32	50	16.862
32	51	7.721
32	52	9.9772
32	53	14.039
32	54	12.547
32	55	12.753
32	56	9.4459
32	57	10.898
33	34	129.59
33	35	58.433
33	36	47.78
33	37	25.652
33	38	16.065
33	39	15.715
33	40	15.896
33	41	22.449
33	42	23.192
33	43	25.29
33	44	11.504
33	45	10.789
33	46	7.4057
33	47	6.716
33	48	8.6954
33	49	14.641
33	50	18.681
33	51	22.867
33	52	26.084
33	53	23.54
33	54	16.757
33	55	27.222
33	56	16.526
33	57	21.138
34	35	274.04
34	36	70.485
34	37	46.977
34	38	29.631
34	39	23.898
34	40	16.993
34	41	24.017
34	42	19.689
34	43	21.176
34	44	25.313
34	45	11.98
34	46	14.86
34	47	13.596
34	48	13.113
34	49	17.92
34	50	22.713
34	51	21.846
34	52	19.501
34	53	19.225
34	54	21.974
34	55	10.341
34	56	13.884
34	57	29.212
35	36	384.3
35	37	105.63
35	38	39.066
35	39	29.609
35	40	24.263
35	41	18.435
35	42	29.67
35	43	47.269
35	44	20.398
35	45	17.161
35	46	14.333
35	47	16.447
35	48	15.569
35	49	20.298
35	50	24.455
35	51	42.103
35	52	39.006
35	53	24.623
35	54	22.549
35	55	31.623
35	56	32.415
35	57	31.594
36	37	178.96
36	38	54.086
36	39	24.945
36	40	17.418
36	41	13.969
36	42	31.924
36	43	52.998
36	44	19.972
36	45	12.779
36	46	7.4374
36	47	7.7997
36	48	10.241
36	49	9.8117
36	50	24.974
36	51	67.732
36	52	28.488
36	53	23.771
36	54	23.238
36	55	33.963
36	56	32.135
36	57	36.519
37	38	255.96
37	39	61.57
37	40	37.158
37	41	34.689
37	42	24.068
37	43	25.756
37	44	27.971
37	45	14.636
37	46	16.317
37	47	15.647
37	48	11.303
37	49	13.456
37	50	24.212
37	51	20.671
37	52	12.54
37	53	17.242
37	54	12.324
37	55	9.9849
37	56	14.111
37	57	13.249
38	39	252.33
38	40	79.88
38	41	59.302
38	42	31.432
38	43	21.019
38	44	26.506
38	45	22.937
38	46	16.144
38	47	12.284
38	48	28.436
38	49	18.26
38	50	18.839
38	51	12.614
38	52	10.564
38	53	12.421
38	54	15.199
38	55	7.9941
38	56	9.1661
38	57	15.965
39	40	210.69
39	41	82.816
39	42	26.777
39	43	29.526
39	44	32.172
39	45	23.064
39	46	22.635
39	47	25.233
39	48	18.898
39	49	16.69
39	50	22.816
39	51	16.194
39	52	9.861
39	53	12.494
39	54	14.329
39	55	8.5111
39	56	6.1493
39	57	8.8616
40	41	214
40	42	45.915
40	43	32.035
40	44	29.364
40	45	29.715
40	46	21.097
40	47	19.71
40	48	19.58
40	49	26.643
40	50	19.162
40	51	15.413
40	52	9.6827
40	53	16.595
40	54	12.638
40	55	11.193
40	56	7.1398
40	57	9.5823
41	42	110.19
41	43	47.248
41	44	63.586
41	45	34.109
41	46	22.058
41	47	20.624
41	48	23.393
41	49	25.465
41	50	23.078
41	51	12.742
41	52	13.732
41	53	15.382
41	54	17.767
41	55	8.5566
41	56	6.831
41	57	11.614
42	43	247.31
42	44	70.94
42	45	32.847
42	46	18.63
42	47	17.306
42	48	12.902
42	49	21.06
42	50	21.089
42	51	21.715
42	52	15.943
42	53	14.568
42	54	20.765
42	55	18.514
42	56	16.677
42	57	17.82
43	44	187.71
43	45	36.477
43	46	18.004
43	47	22.182
43	48	21.875
43	49	27.735
43	50	39.777
43	51	42.092
43	52	34.984
43	53	30.942
43	54	24.077
43	55	28.471
43	56	30.932
43	57	34.682
44	45	143.5
44	46	68.746
44	47	44.161
44	48	43.313
44	49	38.486
44	50	24.902
44	51	19.936
44	52	10.369
44	53	19.276
44	54	20.249
44	55	7.4724
44	56	8.295
44	57	15.241
45	46	247.38
45	47	77.314
45	48	34.147
45	49	37.431
45	50	28.261
45	51	14.843
45	52	7.6446
45	53	13.343
45	54	13.557
45	55	7.3596
45	56	7.8146
45	57	7.0969
46	47	218.61
46	48	74.598
46	49	40.213
46	50	19.499
46	51	11.895
46	52	7.6993
46	53	10.022
46	54	11.365
46	55	4.275
46	56	5.0273
46	57	9.4103
47	48	259.79
47	49	63.867
47	50	27.46
47	51	7.481
47	52	10.755
47	53	8.6353
47	54	12.462
47	55	5.0333
47	56	6.8723
47	57	11.812
48	49	201.53
48	50	45.449
48	51	18.859
48	52	7.9721
48	53	17.13
48	54	24.744
48	55	6.643
48	56	7.6175
48	57	14.328
49	50	221.2
49	51	30.983
49	52	21.799
49	53	37.004
49	54	27.564
49	55	9.0624
49	56	10.811
49	57	14.368
50	51	178.48
50	52	76.737
50	53	55.066
50	54	42.089
50	55	29.027
50	56	25.333
50	57	23.697
51	52	429.48
51	53	118.2
51	54	60.037
51	55	73.478
51	56	62.047
51	57	58.367
52	53	204.58
52	54	73.099
52	55	107.94
52	56	71.414
52	57	48.352
53	54	266.72
53	55	92.926
53	56	52.764
53	57	42.455
54	55	183
54	56	71.263
54	57	63.954
55	56	217.15
55	57	146.42
56	57	376.62
