1	2	450.81
1	3	141.9
1	4	55.936
1	5	48.265
1	6	49.132
1	7	11.672
1	8	38.861
1	9	61.843
1	10	28.072
1	11	28.072
1	12	4.6438
1	13	4.6438
1	14	4.6438
1	15	4.6438
1	16	27.265
1	17	8.0702
1	18	14.878
1	19	17.317
1	20	11.711
1	21	11.711
1	22	11.711
1	23	11.711
1	24	11.711
1	25	8.1222
1	26	12.137
1	27	29.236
1	28	24.715
1	29	12.792
1	30	12.792
1	31	10.901
1	32	12.583
1	33	7.8343
1	34	14.239
1	35	14.52
1	36	14.52
1	37	9.5694
1	38	6.0425
1	39	6.0425
1	40	6.0425
1	41	6.0425
1	42	6.0425
1	43	5.9208
1	44	5.9208
1	45	5.9208
1	46	5.9208
1	47	5.9208
1	48	5.9208
1	49	5.9208
1	50	3.8809
1	51	3.8809
1	52	11.765
1	53	11.765
1	54	4.5542
1	55	4.5542
1	56	4.5542
1	57	4.5542
1	58	4.5542
1	59	5.0127
1	60	7.639
1	61	7.639
1	62	7.639
1	63	7.639
1	64	5.9393
1	65	16.732
1	66	16.732
1	67	16.732
1	68	6.8153
1	69	7.8963
1	70	4.2587
1	71	4.2587
1	72	4.2587
1	73	4.2587
1	74	6.1234
1	75	13.416
1	76	7.0633
1	77	7.0633
1	78	7.0633
1	79	5.258
1	80	5.258
1	81	10.383
1	82	4.2604
1	83	4.2604
2	3	211.48
2	4	94.446
2	5	47.992
2	6	89.685
2	7	103.57
2	8	82.891
2	9	85.963
2	10	52.22
2	11	10.923
2	12	4.2955
2	13	29.152
2	14	9.8476
2	15	8.705
2	16	26.006
2	17	11.592
2	18	24.957
2	19	10.899
2	20	2.7605
2	21	2.0539
2	22	5.7848
2	23	5.7848
2	24	5.7848
2	25	5.7848
2	26	8.4816
2	27	24.413
2	28	26.466
2	29	24.194
2	30	14.607
2	31	5.1052
2	32	14.656
2	33	7.2884
2	34	26.991
2	35	10.404
2	36	9.1935
2	37	4.5312
2	38	8.4883
2	39	6.2142
2	40	6.3656
2	41	11.479
2	42	2.507
2	43	8.262
2	44	8.262
2	45	8.262
2	46	8.262
2	47	1.7952
2	48	1.7952
2	49	5.9361
2	50	5.4015
2	51	5.7099
2	52	2.7482
2	53	5.8238
2	54	2.1134
2	55	5.8418
2	56	2.5591
2	57	3.6057
2	58	4.201
2	59	4.626
2	60	4.626
2	61	9.5367
2	62	7.2778
2	63	7.2778
2	64	5.527
2	65	3.9081
2	66	3.9081
2	67	2.5401
2	68	25.86
2	69	3.6646
2	70	3.9202
2	71	2.3362
2	72	2.5166
2	73	7.5875
2	74	5.6771
2	75	12.689
2	76	6.6783
2	77	9.0521
2	78	6.7924
2	79	7.3561
2	80	10.61
2	81	9.6461
2	82	3.9326
2	83	19.177
3	4	80.801
3	5	50.209
3	6	79.063
3	7	49.551
3	8	47.313
3	9	59.596
3	10	32.332
3	11	51.159
3	12	15.48
3	13	20.131
3	14	24.227
3	15	15.088
3	16	33.925
3	17	12.964
3	18	20.02
3	19	14.146
3	20	15.901
3	21	16.119
3	22	8.6882
3	23	5.6453
3	24	4.2242
3	25	13.237
3	26	25.042
3	27	17.651
3	28	26.732
3	29	19.012
3	30	27.153
3	31	17.51
3	32	13.743
3	33	21.34
3	34	15.372
3	35	9.7666
3	36	13.267
3	37	12.839
3	38	11.533
3	39	9.0147
3	40	3.7089
3	41	11.634
3	42	2.9157
3	43	6.4803
3	44	7.5713
3	45	4.9961
3	46	3.662
3	47	1.0862
3	48	1.7161
3	49	2.3872
3	50	6.4493
3	51	5.751
3	52	3.2147
3	53	6.8145
3	54	3.7871
3	55	1.1927
3	56	1.5528
3	57	2.0863
3	58	3.8191
3	59	2.7899
3	60	3.1745
3	61	2.2766
3	62	4.2654
3	63	5.2129
3	64	9.7762
3	65	4.5777
3	66	6.6518
3	67	5.9278
3	68	9.2011
3	69	7.643
3	70	10.668
3	71	10.668
3	72	4.478
3	73	6.7506
3	74	8.4034
3	75	7.2453
3	76	13.332
3	77	8.6247
3	78	9.6234
3	79	7.1951
3	80	14.184
3	81	7.1595
3	82	4.7402
3	83	11.166
4	5	128.54
4	6	116.27
4	7	116.41
4	8	79.061
4	9	53.47
4	10	34.684
4	11	11.596
4	12	10.863
4	13	15.459
4	14	15.586
4	15	3.4724
4	16	8.0292
4	17	11.204
4	18	25.322
4	19	10.068
4	20	9.4898
4	21	3.288
4	22	4.6408
4	23	4.6408
4	24	1.9016
4	25	5.06
4	26	8.2559
4	27	24.847
4	28	22.459
4	29	3.1967
4	30	7.7383
4	31	7.7383
4	32	2.3362
4	33	1.9419
4	34	8.018
4	35	16.462
4	36	7.3443
4	37	6.007
4	38	2.2507
4	39	0.82343
4	40	2.533
4	41	4.5624
4	42	3.3134
4	43	4.3926
4	44	2.7246
4	45	1.4872
4	46	0.8214
4	47	2.8703
4	48	1.5455
4	49	1.5801
4	50	1.9099
4	51	1.0143
4	52	0.72889
4	53	0.77217
4	54	1.6854
4	55	0.52129
4	56	1.3697
4	57	1.915
4	58	2.8081
4	59	1.2336
4	60	1.409
4	61	3.0343
4	62	1.2824
4	63	4.7518
4	64	2.2017
4	65	4.1472
4	66	1.4916
4	67	5.3772
4	68	7.6787
4	69	7.7735
4	70	1.5675
4	71	1.8714
4	72	1.3385
4	73	5.021
4	74	6.8023
4	75	4.1937
4	76	7.0699
4	77	5.5823
4	78	8.9522
4	79	7.8048
4	80	6.3659
4	81	5.7666
4	82	3.6736
4	83	15.296
5	6	196.53
5	7	98.522
5	8	65.658
5	9	29.083
5	10	30.788
5	11	19.741
5	12	7.8669
5	13	9.2869
5	14	10.26
5	15	10.463
5	16	6.7964
5	17	9.796
5	18	19.444
5	19	10.797
5	20	6.5744
5	21	2.9366
5	22	0.59137
5	23	3.2381
5	24	5.0569
5	25	3.8061
5	26	7.9772
5	27	21.842
5	28	15.578
5	29	10.76
5	30	5.7921
5	31	3.0676
5	32	2.9499
5	33	2.9434
5	34	5.3218
5	35	8.1418
5	36	8.305
5	37	1.7915
5	38	3.3976
5	39	6.8268
5	40	3.829
5	41	4.5856
5	42	0.99965
5	43	2.7777
5	44	1.0356
5	45	1.7039
5	46	1.2526
5	47	2.2031
5	48	1.7631
5	49	1.6142
5	50	2.1855
5	51	2.724
5	52	5.5136
5	53	2.3341
5	54	2.9981
5	55	0.80318
5	56	3.6818
5	57	1.4398
5	58	2.1511
5	59	1.8897
5	60	2.509
5	61	3.086
5	62	4.3644
5	63	1.7926
5	64	3.9009
5	65	0.78424
5	66	0.56869
5	67	3.5519
5	68	7.6425
5	69	4.0746
5	70	3.6088
5	71	1.4309
5	72	1.4309
5	73	2.292
5	74	4.0272
5	75	5.0183
5	76	5.2851
5	77	4.1753
5	78	5.9955
5	79	5.4216
5	80	4.8522
5	81	2.4381
5	82	2.4101
5	83	3.8543
6	7	169.68
6	8	92.159
6	9	66.647
6	10	33.199
6	11	19.468
6	12	10.996
6	13	14.593
6	14	7.235
6	15	11.592
6	16	12.552
6	17	16.718
6	18	12.339
6	19	12.79
6	20	10.134
6	21	1.8621
6	22	1.3114
6	23	3.3484
6	24	1.6026
6	25	2.8147
6	26	17.286
6	27	27.264
6	28	15.807
6	29	5.3065
6	30	8.0284
6	31	9.0486
6	32	6.9795
6	33	5.9789
6	34	6.3978
6	35	10.541
6	36	5.4496
6	37	5.9558
6	38	3.7692
6	39	5.0489
6	40	4.2469
6	41	3.3912
6	42	2.2199
6	43	2.4644
6	44	1.9148
6	45	1.6797
6	46	0.92584
6	47	1.6301
6	48	1.7379
6	49	1.4931
6	50	3.2366
6	51	2.0154
6	52	3.2628
6	53	1.727
6	54	2.8529
6	55	1.4852
6	56	2.3331
6	57	2.6606
6	58	0.9547
6	59	1.398
6	60	3.4502
6	61	1.4281
6	62	2.8728
6	63	1.3258
6	64	2.0609
6	65	2.3212
6	66	2.943
6	67	5.6335
6	68	8.0108
6	69	7.1307
6	70	2.3734
6	71	1.0581
6	72	2.636
6	73	3.1119
6	74	5.9545
6	75	5.1033
6	76	4.3962
6	77	5.2946
6	78	9.8597
6	79	9.4796
6	80	4.3839
6	81	3.9691
6	82	4.4565
6	83	2.8477
7	8	225.78
7	9	75.396
7	10	51.212
7	11	23.213
7	12	11.34
7	13	12.3
7	14	12.735
7	15	14.239
7	16	9.029
7	17	15.331
7	18	18.191
7	19	13.037
7	20	11.103
7	21	1.6125
7	22	3.9726
7	23	0.62069
7	24	4.8593
7	25	3.6668
7	26	9.3199
7	27	38.323
7	28	25.698
7	29	8.6565
7	30	4.1899
7	31	2.9416
7	32	7.9363
7	33	4.9424
7	34	9.64
7	35	11.174
7	36	6.1962
7	37	3.4556
7	38	4.9064
7	39	3.5859
7	40	4.295
7	41	2.206
7	42	3.3723
7	43	2.6684
7	44	0.49741
7	45	0.5447
7	46	0.60062
7	47	1.4089
7	48	2.8206
7	49	1.5503
7	50	1.7516
7	51	1.1199
7	52	3.7136
7	53	3.9355
7	54	1.236
7	55	1.1556
7	56	1.0086
7	57	4.1626
7	58	0.82717
7	59	2.7216
7	60	1.7234
7	61	1.1131
7	62	3.2733
7	63	3.2733
7	64	5.3565
7	65	3.7745
7	66	2.7265
7	67	6.3593
7	68	5.5392
7	69	8.193
7	70	3.0772
7	71	1.3736
7	72	0.97876
7	73	4.4122
7	74	4.9683
7	75	5.4489
7	76	9.5599
7	77	3.4558
7	78	4.5146
7	79	9.9543
7	80	4.1359
7	81	5.6266
7	82	5.7859
7	83	3.7009
8	9	162.41
8	10	81.865
8	11	34.169
8	12	14.419
8	13	22.342
8	14	13.46
8	15	6.3795
8	16	26.495
8	17	15.239
8	18	30.687
8	19	13.389
8	20	9.0511
8	21	2.3067
8	22	4.33
8	23	1.7753
8	24	3.3079
8	25	1.3956
8	26	10.968
8	27	25.093
8	28	24.409
8	29	7.6815
8	30	7.9664
8	31	4.6662
8	32	5.4008
8	33	3.3637
8	34	10.384
8	35	13.726
8	36	4.2144
8	37	8.21
8	38	5.1897
8	39	3.9817
8	40	1.7528
8	41	2.6251
8	42	5.0439
8	43	6.6108
8	44	0.47408
8	45	1.039
8	46	1.039
8	47	1.0084
8	48	2.1509
8	49	1.109
8	50	1.3359
8	51	3.9185
8	52	1.5157
8	53	1.6056
8	54	1.5708
8	55	0.73545
8	56	0.96251
8	57	1.3199
8	58	2.3663
8	59	0.86539
8	60	2.6288
8	61	2.8297
8	62	4.0067
8	63	8.2158
8	64	3.0623
8	65	2.1569
8	66	1.56
8	67	6.9844
8	68	10.527
8	69	9.1681
8	70	3.3035
8	71	3.057
8	72	2.332
8	73	4.2047
8	74	5.7894
8	75	6.9065
8	76	10.906
8	77	7.1177
8	78	6.125
8	79	10.836
8	80	7.8892
8	81	6.2566
8	82	1.1038
8	83	7.0497
9	10	130.51
9	11	67.092
9	12	33.58
9	13	82.568
9	14	27.42
9	15	44.212
9	16	21.467
9	17	22.915
9	18	28.242
9	19	27.528
9	20	25.099
9	21	15.051
9	22	3.0226
9	23	3.2927
9	24	3.6853
9	25	3.6853
9	26	23.287
9	27	6.926
9	28	26.436
9	29	15.194
9	30	29.399
9	31	10.318
9	32	15.022
9	33	11.217
9	34	16.905
9	35	20.673
9	36	18.682
9	37	22.673
9	38	5.7678
9	39	3.1591
9	40	3.2476
9	41	17.49
9	42	5.0989
9	43	19.813
9	44	7.925
9	45	2.8994
9	46	9.5822
9	47	3.7632
9	48	3.7632
9	49	4.1365
9	50	4.1365
9	51	4.1365
9	52	5.6203
9	53	8.93
9	54	2.1931
9	55	2.1931
9	56	5.3859
9	57	5.3859
9	58	4.4132
9	59	2.42
9	60	1.8363
9	61	3.9526
9	62	3.9526
9	63	3.9526
9	64	5.6864
9	65	12
9	66	11.599
9	67	7.7691
9	68	3.2373
9	69	3.7932
9	70	6.1629
9	71	4.8794
9	72	2.6006
9	73	1.9559
9	74	2.9329
9	75	6.3723
9	76	3.3529
9	77	3.3529
9	78	6.7743
9	79	5.0264
9	80	13.747
9	81	2.4931
9	82	10.283
9	83	10.283
10	11	203.39
10	12	41.357
10	13	46.549
10	14	33.607
10	15	14.106
10	16	26.762
10	17	28.991
10	18	29.974
10	19	19.605
10	20	15.648
10	21	4.8832
10	22	4.1236
10	23	9.5015
10	24	5.5881
10	25	6.4622
10	26	15.877
10	27	21.022
10	28	21.814
10	29	17.515
10	30	11.16
10	31	14.137
10	32	9.5712
10	33	10.22
10	34	18.462
10	35	10.455
10	36	9.2333
10	37	6.2022
10	38	5.2485
10	39	5.7494
10	40	4.9267
10	41	8.8454
10	42	7.7264
10	43	6.4402
10	44	3.204
10	45	2.1981
10	46	1.9379
10	47	2.8492
10	48	3.1802
10	49	3.7579
10	50	2.5421
10	51	3.3208
10	52	4.687
10	53	3.1585
10	54	1.9925
10	55	1.8726
10	56	2.8561
10	57	1.1111
10	58	2.0046
10	59	2.1989
10	60	4.4473
10	61	5.0848
10	62	5.6304
10	63	5.5383
10	64	4.3099
10	65	3.0318
10	66	4.3983
10	67	11.379
10	68	6.8748
10	69	9.188
10	70	6.8445
10	71	2.5876
10	72	1.9705
10	73	5.9206
10	74	6.6727
10	75	9.6706
10	76	9.1622
10	77	7.3595
10	78	7.191
10	79	8.3828
10	80	4.1698
10	81	6.4204
10	82	7.1652
10	83	7.1652
11	12	302.69
11	13	112.01
11	14	37.804
11	15	46.963
11	16	39.487
11	17	35.133
11	18	21.622
11	19	25.082
11	20	14.831
11	21	16.139
11	22	11.358
11	23	12.423
11	24	8.3396
11	25	5.8766
11	26	21.957
11	27	15.899
11	28	24.643
11	29	20.818
11	30	8.3944
11	31	27.478
11	32	11.351
11	33	2.8265
11	34	2.5765
11	35	7.9072
11	36	10.63
11	37	24.232
11	38	8.7355
11	39	7.1828
11	40	7.3722
11	41	8.8365
11	42	9.652
11	43	12.821
11	44	11.951
11	45	4.3604
11	46	12.022
11	47	2.8197
11	48	11.293
11	49	4.6544
11	50	4.6544
11	51	10.459
11	52	4.2499
11	53	2.2524
11	54	6.5996
11	55	10.791
11	56	2.018
11	57	2.018
11	58	6.6226
11	59	9.079
11	60	2.7606
11	61	8.9151
11	62	7.4947
11	63	6.9145
11	64	8.5801
11	65	6.0483
11	66	2.1827
11	67	11.76
11	68	9.8688
11	69	5.706
11	70	6.1584
11	71	10.997
11	72	5.8789
11	73	8.8366
11	74	2.2101
11	75	4.8528
11	76	5.1086
11	77	9.2343
11	78	5.1724
11	79	1.8984
11	80	10.349
11	81	7.5111
11	82	6.1763
11	83	6.1763
12	13	204.45
12	14	55.305
12	15	53.188
12	16	28.234
12	17	30.198
12	18	15.264
12	19	21.034
12	20	19.652
12	21	18.839
12	22	12.334
12	23	14.415
12	24	11.109
12	25	19.765
12	26	19.282
12	27	8.2737
12	28	13.166
12	29	19.113
12	30	18.732
12	31	17.848
12	32	14.927
12	33	18.596
12	34	11.13
12	35	9.2591
12	36	9.8431
12	37	10.869
12	38	9.5349
12	39	9.4901
12	40	7.326
12	41	8.3217
12	42	8.0371
12	43	8.5282
12	44	8.3602
12	45	3.0651
12	46	5.787
12	47	6.5433
12	48	4.5165
12	49	6.8731
12	50	5.6251
12	51	5.1233
12	52	6.3396
12	53	6.7115
12	54	4.9595
12	55	4.9967
12	56	5.7068
12	57	4.9471
12	58	4.6695
12	59	5.8505
12	60	7.1965
12	61	7.743
12	62	6.7028
12	63	9.603
12	64	9.4204
12	65	9.6243
12	66	9.1921
12	67	3.5004
12	68	3.3904
12	69	7.4311
12	70	6.2121
12	71	8.1089
12	72	9.7985
12	73	7.3595
12	74	4.424
12	75	2.8636
12	76	4.5209
12	77	6.8107
12	78	4.5546
12	79	4.1601
12	80	8.7149
12	81	5.6349
12	82	7.4581
12	83	11.786
13	14	237.6
13	15	71.312
13	16	53.053
13	17	36.243
13	18	29.075
13	19	25.627
13	20	28.238
13	21	13.573
13	22	9.5556
13	23	3.9342
13	24	8.8135
13	25	25.008
13	26	18.581
13	27	12.809
13	28	12.002
13	29	17.302
13	30	11.952
13	31	12.539
13	32	21.641
13	33	10.473
13	34	13.78
13	35	14.155
13	36	24.473
13	37	9.2612
13	38	16.234
13	39	3.8181
13	40	6.5203
13	41	16.44
13	42	5.1301
13	43	13.567
13	44	7.3671
13	45	3.4448
13	46	1.2669
13	47	4.4414
13	48	5.9657
13	49	8.1567
13	50	4.4397
13	51	5.4924
13	52	7.8866
13	53	9.5593
13	54	3.4804
13	55	8.0664
13	56	4.2329
13	57	4.4366
13	58	7.8241
13	59	4.7715
13	60	6.5514
13	61	3.9192
13	62	7.9533
13	63	18.358
13	64	4.5385
13	65	4.8088
13	66	10.358
13	67	8.3264
13	68	2.6399
13	69	6.775
13	70	5.6581
13	71	4.8199
13	72	5.1747
13	73	3.1137
13	74	6.9991
13	75	5.1859
13	76	5.1859
13	77	4.9338
13	78	1.3867
13	79	4.0224
13	80	16.365
13	81	4.9568
13	82	5.682
13	83	7.8608
14	15	187.65
14	16	57.413
14	17	43.065
14	18	31.74
14	19	30.463
14	20	22.831
14	21	11.47
14	22	7.0782
14	23	9.9994
14	24	5.5847
14	25	13.849
14	26	15.677
14	27	14.37
14	28	13.616
14	29	17.17
14	30	15.117
14	31	14.17
14	32	10.153
14	33	8.2276
14	34	17.98
14	35	12.501
14	36	11.153
14	37	12.507
14	38	11.248
14	39	6.4396
14	40	10.455
14	41	7.9255
14	42	12.528
14	43	8.1173
14	44	4.4445
14	45	3.3986
14	46	2.1448
14	47	2.8144
14	48	3.0247
14	49	4.1324
14	50	7.4853
14	51	5.9672
14	52	6.1785
14	53	4.0303
14	54	7.3423
14	55	2.048
14	56	2.6877
14	57	8.7369
14	58	4.7795
14	59	3.2263
14	60	3.3747
14	61	8.5886
14	62	5.4387
14	63	4.6465
14	64	4.3095
14	65	6.0854
14	66	8.7597
14	67	10.083
14	68	7.2205
14	69	6.98
14	70	7.5152
14	71	6.1151
14	72	4.3691
14	73	8.1952
14	74	3.9449
14	75	6.0069
14	76	5.7517
14	77	5.7119
14	78	4.6627
14	79	4.2416
14	80	7.3848
14	81	10.041
14	82	5.1466
14	83	3.3212
15	16	176.44
15	17	49.318
15	18	45.548
15	19	55.858
15	20	38.004
15	21	32.508
15	22	7.1717
15	23	15.709
15	24	19.817
15	25	22.208
15	26	30.475
15	27	12.734
15	28	17.932
15	29	20.308
15	30	20.081
15	31	17.136
15	32	18.905
15	33	19.027
15	34	14.406
15	35	6.3358
15	36	12.65
15	37	9.6668
15	38	13.017
15	39	9.5205
15	40	8.7825
15	41	15.806
15	42	4.6092
15	43	9.3152
15	44	7.8887
15	45	4.3067
15	46	6.6489
15	47	7.2332
15	48	7.152
15	49	4.9049
15	50	5.0016
15	51	8.2555
15	52	6.7493
15	53	8.0555
15	54	2.6135
15	55	7.2834
15	56	2.3851
15	57	13.269
15	58	7.8423
15	59	6.453
15	60	8.2013
15	61	10.007
15	62	5.2166
15	63	8.2433
15	64	8.5025
15	65	6.0036
15	66	6.0397
15	67	5.4565
15	68	6.9004
15	69	9.0423
15	70	9.1131
15	71	7.2364
15	72	6.985
15	73	5.8426
15	74	5.2451
15	75	7.7453
15	76	3.0565
15	77	4.6066
15	78	1.0353
15	79	5.273
15	80	11.45
15	81	3.719
15	82	7.3165
15	83	11.756
16	17	310.42
16	18	186.31
16	19	85.987
16	20	53.629
16	21	19.005
16	22	11.235
16	23	14.351
16	24	5.3638
16	25	20.806
16	26	32.278
16	27	23.544
16	28	26.062
16	29	29.458
16	30	17.787
16	31	10.845
16	32	17.642
16	33	16.449
16	34	15.43
16	35	12.772
16	36	19.454
16	37	11.07
16	38	7.6899
16	39	11.274
16	40	7.6797
16	41	6.071
16	42	6.8162
16	43	5.794
16	44	3.0754
16	45	5.0033
16	46	8.2907
16	47	3.2062
16	48	4.356
16	49	4.1308
16	50	5.9246
16	51	5.1001
16	52	4.1409
16	53	6.1512
16	54	3.1648
16	55	2.3129
16	56	0.76167
16	57	4.3732
16	58	6.2691
16	59	3.4495
16	60	4.7673
16	61	2.8532
16	62	4.3876
16	63	13.533
16	64	4.9805
16	65	11.777
16	66	1.6755
16	67	8.4361
16	68	8.8746
16	69	10.419
16	70	6.4187
16	71	6.9773
16	72	5.2845
16	73	5.6873
16	74	2.552
16	75	8.6941
16	76	9.1557
16	77	5.5129
16	78	5.1959
16	79	7.3777
16	80	9.5271
16	81	7.2298
16	82	8.2175
16	83	5.7827
17	18	293.62
17	19	88.196
17	20	61.14
17	21	14.155
17	22	9.2238
17	23	5.1164
17	24	6.6801
17	25	19.557
17	26	23.407
17	27	28.611
17	28	23.183
17	29	24.59
17	30	15.848
17	31	12.467
17	32	16.486
17	33	16.614
17	34	21.984
17	35	15.166
17	36	22.327
17	37	7.4094
17	38	6.8423
17	39	7.5257
17	40	5.982
17	41	10.04
17	42	11.446
17	43	7.3652
17	44	7.3652
17	45	3.7082
17	46	3.2799
17	47	3.3207
17	48	6.9773
17	49	4.714
17	50	2.8682
17	51	2.5161
17	52	6.6303
17	53	4.6878
17	54	7.3066
17	55	2.0533
17	56	2.0308
17	57	2.9206
17	58	2.7836
17	59	1.8383
17	60	4.2305
17	61	5.5714
17	62	5.8448
17	63	12.043
17	64	6.6441
17	65	3.1426
17	66	8.9459
17	67	10.907
17	68	9.6563
17	69	6.8149
17	70	2.5911
17	71	5.5825
17	72	6.7105
17	73	10.096
17	74	6.0564
17	75	6.0228
17	76	5.4387
17	77	9.8155
17	78	8.3231
17	79	9.1857
17	80	9.8932
17	81	10.28
17	82	4.6928
17	83	15.457
18	19	113.06
18	20	57.732
18	21	14.088
18	22	7.8192
18	23	4.732
18	24	9.6971
18	25	8.5464
18	26	19.514
18	27	40.392
18	28	30.164
18	29	26.438
18	30	14.613
18	31	12.805
18	32	13.049
18	33	11.742
18	34	18.567
18	35	13.086
18	36	10.316
18	37	5.695
18	38	5.6124
18	39	11.572
18	40	7.8874
18	41	7.1257
18	42	8.6903
18	43	6.1226
18	44	7.5796
18	45	2.0568
18	46	1.5162
18	47	2.6311
18	48	4.2977
18	49	3.8709
18	50	2.6473
18	51	3.2559
18	52	3.3996
18	53	1.4416
18	54	2.0756
18	55	2.3743
18	56	2.5053
18	57	2.6951
18	58	1.5437
18	59	2.8317
18	60	2.6031
18	61	5.6093
18	62	4.1906
18	63	15.555
18	64	5.4531
18	65	6.7666
18	66	4.1345
18	67	13.2
18	68	8.8937
18	69	11.233
18	70	3.8321
18	71	4.0144
18	72	3.7186
18	73	5.1228
18	74	9.7951
18	75	10.309
18	76	7.5205
18	77	8.2916
18	78	5.1079
18	79	10.902
18	80	5.8798
18	81	5.3388
18	82	7.2298
18	83	7.2298
19	20	254.86
19	21	52.589
19	22	20.637
19	23	12.883
19	24	21.938
19	25	21.16
19	26	35.19
19	27	19.252
19	28	24.595
19	29	27.089
19	30	22.321
19	31	22.543
19	32	16.276
19	33	20.286
19	34	9.6398
19	35	15.838
19	36	18.509
19	37	12.989
19	38	5.9507
19	39	6.532
19	40	7.3043
19	41	14.251
19	42	7.6492
19	43	9.499
19	44	7.3665
19	45	5.8965
19	46	5.9198
19	47	5.1753
19	48	5.5701
19	49	4.9404
19	50	4.1341
19	51	5.4864
19	52	4.73
19	53	5.0138
19	54	4.8648
19	55	2.6328
19	56	1.9756
19	57	8.2856
19	58	5.6745
19	59	4.0043
19	60	4.4057
19	61	7.6632
19	62	6.0165
19	63	6.8521
19	64	7.9388
19	65	2.2428
19	66	10.212
19	67	6.3043
19	68	4.9233
19	69	8.4127
19	70	6.4066
19	71	5.8477
19	72	7.2399
19	73	7.2465
19	74	8.7156
19	75	5.444
19	76	3.8226
19	77	5.1766
19	78	3.8764
19	79	4.6899
19	80	8.6646
19	81	7.8565
19	82	6.056
19	83	3.6739
20	21	151.86
20	22	27.112
20	23	18.634
20	24	20.146
20	25	27.368
20	26	41.168
20	27	18.856
20	28	21.56
20	29	33.319
20	30	19.799
20	31	21.818
20	32	15.927
20	33	18.419
20	34	13.688
20	35	10.715
20	36	17.847
20	37	16.673
20	38	15.905
20	39	9.0296
20	40	13.572
20	41	8.8906
20	42	11.638
20	43	4.8133
20	44	7.9635
20	45	6.5167
20	46	4.1966
20	47	4.5457
20	48	7.9016
20	49	7.7048
20	50	6.2901
20	51	8.5261
20	52	5.8612
20	53	4.5187
20	54	5.7543
20	55	3.8095
20	56	4.0012
20	57	4.8986
20	58	6.9813
20	59	3.1562
20	60	5.4996
20	61	8.1429
20	62	7.5126
20	63	5.2107
20	64	5.3641
20	65	6.0641
20	66	9.801
20	67	7.3786
20	68	4.9949
20	69	7.8213
20	70	8.02
20	71	6.8352
20	72	9.2951
20	73	7.3514
20	74	9.3822
20	75	9.2012
20	76	3.8757
20	77	6.4168
20	78	4.5891
20	79	2.8528
20	80	10.841
20	81	4.217
20	82	6.5207
20	83	6.5207
21	22	240.87
21	23	80.165
21	24	49.059
21	25	51.822
21	26	25.246
21	27	7.9097
21	28	3.3609
21	29	15.691
21	30	12.66
21	31	14.863
21	32	16.067
21	33	13.517
21	34	6.7817
21	35	8.36
21	36	5.3926
21	37	11.047
21	38	12.888
21	39	11.831
21	40	9.8423
21	41	11.344
21	42	5.8759
21	43	5.7314
21	44	9.5594
21	45	13.046
21	46	13.898
21	47	6.5693
21	48	4.7717
21	49	5.7081
21	50	4.5971
21	51	6.0886
21	52	5.2734
21	53	4.7216
21	54	4.1295
21	55	9.9105
21	56	10.579
21	57	7.8989
21	58	5.1253
21	59	13.006
21	60	5.8557
21	61	5.4403
21	62	3.5745
21	63	5.2636
21	64	4.5232
21	65	5.7733
21	66	17.667
21	67	4.4778
21	68	4.4778
21	69	3.0226
21	70	10.458
21	71	10.624
21	72	9.034
21	73	4.2444
21	74	2.1249
21	75	2.7424
21	76	2.4051
21	77	1.7394
21	78	1.4525
21	79	1.4525
21	80	5.9809
21	81	2.8871
21	82	5.9727
21	83	25.444
22	23	348.43
22	24	89.997
22	25	49.429
22	26	15.399
22	27	6.2786
22	28	5.9311
22	29	15.363
22	30	7.4327
22	31	15.66
22	32	15.883
22	33	12.158
22	34	6.1488
22	35	4.8597
22	36	9.4739
22	37	12.814
22	38	11.123
22	39	6.4083
22	40	11.214
22	41	10.055
22	42	2.0703
22	43	7.4861
22	44	11.295
22	45	13.602
22	46	13.665
22	47	8.0794
22	48	7.3196
22	49	6.3376
22	50	6.4721
22	51	6.9276
22	52	3.9974
22	53	7.8588
22	54	6.7051
22	55	11.385
22	56	9.352
22	57	6.6735
22	58	4.9509
22	59	11.857
22	60	6.7446
22	61	6.8533
22	62	4.535
22	63	5.5586
22	64	6.3646
22	65	2.4383
22	66	8.2753
22	67	3.6804
22	68	1.9626
22	69	3.4814
22	70	11.338
22	71	12.936
22	72	6.354
22	73	3.1887
22	74	3.5842
22	75	2.5772
22	76	2.7116
22	77	2.4526
22	78	2.4526
22	79	1.5334
22	80	4.4817
22	81	4.0624
22	82	3.7772
22	83	3.7772
23	24	303.58
23	25	80.942
23	26	23.934
23	27	8.4978
23	28	5.8997
23	29	12.184
23	30	7.3648
23	31	21.738
23	32	18.017
23	33	14.932
23	34	8.2871
23	35	3.0761
23	36	8.2917
23	37	13.121
23	38	8.337
23	39	10.539
23	40	10.826
23	41	10.369
23	42	4.5396
23	43	10.686
23	44	11.144
23	45	18.648
23	46	18.407
23	47	9.6004
23	48	10.638
23	49	10.561
23	50	7.0507
23	51	6.6329
23	52	4.3728
23	53	10.595
23	54	7.7967
23	55	11.422
23	56	14.917
23	57	13.029
23	58	12.729
23	59	7.5165
23	60	9.3873
23	61	4.8317
23	62	2.7599
23	63	4.0599
23	64	3.7894
23	65	3.5567
23	66	12.219
23	67	5.7638
23	68	2.8866
23	69	2.5292
23	70	6.3786
23	71	10.821
23	72	6.3535
23	73	3.0446
23	74	3.2532
23	75	4.9682
23	76	2.2398
23	77	1.3511
23	78	0.75594
23	79	1.6758
23	80	2.4379
23	81	2.215
23	82	5.4756
23	83	8.6937
24	25	285.35
24	26	41.221
24	27	4.3231
24	28	7.3256
24	29	19.692
24	30	19.24
24	31	18.004
24	32	21.663
24	33	10.228
24	34	5.0571
24	35	5.1616
24	36	9.3053
24	37	13.577
24	38	12.198
24	39	9.4345
24	40	9.6943
24	41	11.608
24	42	12.05
24	43	8.4424
24	44	14.437
24	45	10.075
24	46	20.617
24	47	7.9292
24	48	5.2095
24	49	7.1808
24	50	6.0205
24	51	5.9306
24	52	5.5908
24	53	10.365
24	54	5.9882
24	55	9.1904
24	56	10.012
24	57	7.2932
24	58	7.1135
24	59	9.6021
24	60	6.3798
24	61	5.8855
24	62	6.1636
24	63	2.2717
24	64	8.4772
24	65	2.9838
24	66	10.08
24	67	1.9325
24	68	1.6146
24	69	3.2954
24	70	6.6202
24	71	10.894
24	72	7.105
24	73	3.3993
24	74	3.3993
24	75	3.1774
24	76	3.3442
24	77	0.7558
24	78	1.6902
24	79	1.8743
24	80	2.7301
24	81	0.61904
24	82	6.1223
24	83	9.7413
25	26	171.44
25	27	20.463
25	28	14.914
25	29	25.076
25	30	27.387
25	31	36.986
25	32	39.44
25	33	21.598
25	34	5.4099
25	35	7.4009
25	36	18.519
25	37	20.603
25	38	15.204
25	39	10.844
25	40	20.525
25	41	10.777
25	42	10.759
25	43	7.4188
25	44	12.435
25	45	21.121
25	46	17.473
25	47	5.8387
25	48	12.532
25	49	8.0392
25	50	6.3162
25	51	8.2515
25	52	8.1281
25	53	8.6172
25	54	12.567
25	55	8.4859
25	56	13.215
25	57	10.658
25	58	8.5655
25	59	9.4047
25	60	3.3459
25	61	4.1172
25	62	11.733
25	63	7.2206
25	64	11.912
25	65	4.205
25	66	12.851
25	67	6.1401
25	68	3.4547
25	69	4.448
25	70	10.626
25	71	15.197
25	72	8.1511
25	73	3.5761
25	74	6.8931
25	75	1.6972
25	76	4.467
25	77	2.4218
25	78	1.8133
25	79	4.6175
25	80	3.5828
25	81	5.2057
25	82	9.0648
25	83	5.1561
26	27	114.89
26	28	98.982
26	29	99.974
26	30	52.895
26	31	49.908
26	32	32.457
26	33	30.139
26	34	18.658
26	35	16.328
26	36	21.167
26	37	22.388
26	38	18.707
26	39	14.91
26	40	17.233
26	41	14.905
26	42	5.5089
26	43	9.4478
26	44	9.8463
26	45	5.1139
26	46	5.6376
26	47	3.6793
26	48	4.7024
26	49	7.2833
26	50	8.7667
26	51	7.0179
26	52	7.1757
26	53	5.263
26	54	8.5918
26	55	6.4448
26	56	8.9567
26	57	5.0453
26	58	7.7728
26	59	5.6825
26	60	4.3132
26	61	7.3501
26	62	4.8642
26	63	8.9736
26	64	4.4629
26	65	10.996
26	66	12.509
26	67	6.1036
26	68	5.1048
26	69	8.5409
26	70	10.446
26	71	7.1668
26	72	8.6693
26	73	3.8307
26	74	9.7812
26	75	5.6519
26	76	5.2888
26	77	10.156
26	78	6.6803
26	79	6.9075
26	80	11.321
26	81	8.3067
26	82	10.065
26	83	11.551
27	28	219.8
27	29	88.015
27	30	45.584
27	31	12.503
27	32	16.344
27	33	10.614
27	34	34.699
27	35	32.439
27	36	10.087
27	37	6.6793
27	38	9.6262
27	39	5.2911
27	40	4.6373
27	41	6.282
27	42	9.131
27	43	8.0036
27	44	2.4783
27	45	1.3454
27	46	2.2303
27	47	1.7237
27	48	2.1072
27	49	5.2307
27	50	4.7686
27	51	6.3986
27	52	5.9998
27	53	2.1208
27	54	6.6257
27	55	1.8673
27	56	2.4604
27	57	2.6392
27	58	2.0227
27	59	4.4509
27	60	2.9845
27	61	4.1338
27	62	7.0518
27	63	7.0518
27	64	5.3487
27	65	8.5323
27	66	3.3791
27	67	11.715
27	68	19
27	69	8.8282
27	70	5.648
27	71	2.8152
27	72	5.4741
27	73	5.0326
27	74	7.5468
27	75	11.645
27	76	10.63
27	77	10.334
27	78	12.504
27	79	10.691
27	80	5.1251
27	81	9.3175
27	82	7.1021
27	83	9.3217
28	29	197.93
28	30	63.25
28	31	42.267
28	32	27.655
28	33	19.479
28	34	31.263
28	35	26.501
28	36	17.06
28	37	15.931
28	38	9.8733
28	39	7.0192
28	40	7.1843
28	41	5.3029
28	42	8.7299
28	43	6.7759
28	44	3.1486
28	45	1.1421
28	46	1.2622
28	47	2.5638
28	48	2.3806
28	49	2.0191
28	50	5.1416
28	51	5.0489
28	52	8.452
28	53	2.3893
28	54	3.8888
28	55	3.1829
28	56	1.5712
28	57	5.9423
28	58	3.4412
28	59	2.3638
28	60	5.0564
28	61	6.6133
28	62	2.9766
28	63	7.3576
28	64	6.2256
28	65	4.8078
28	66	5.1598
28	67	9.8889
28	68	21.963
28	69	14.954
28	70	6.801
28	71	1.4352
28	72	3.092
28	73	3.8697
28	74	11.633
28	75	9.8001
28	76	13.768
28	77	12.423
28	78	6.2987
28	79	13.059
28	80	10.872
28	81	6.9062
28	82	5.6324
28	83	7.8832
29	30	314.42
29	31	161.65
29	32	54.002
29	33	47.146
29	34	30.724
29	35	26.479
29	36	37.051
29	37	23.089
29	38	15.579
29	39	11.844
29	40	11.454
29	41	13.968
29	42	13.25
29	43	6.9998
29	44	7.5964
29	45	10.049
29	46	3.9172
29	47	6.4618
29	48	2.4608
29	49	8.3802
29	50	7.9929
29	51	6.448
29	52	6.9814
29	53	8.0197
29	54	4.4771
29	55	2.8949
29	56	6.5212
29	57	5.3571
29	58	7.1447
29	59	3.4327
29	60	6.364
29	61	6.4511
29	62	9.2305
29	63	9.4901
29	64	8.1901
29	65	5.7933
29	66	8.3016
29	67	7.5243
29	68	9.5832
29	69	12.78
29	70	9.9636
29	71	10.412
29	72	7.998
29	73	7.6136
29	74	7.8174
29	75	6.7203
29	76	7.7859
29	77	8.9483
29	78	4.3166
29	79	5.7074
29	80	6.7472
29	81	5.6169
29	82	8.3448
29	83	8.1269
30	31	404.72
30	32	103.63
30	33	41.116
30	34	25.055
30	35	30.224
30	36	23.566
30	37	30.214
30	38	13.773
30	39	16.714
30	40	8.1517
30	41	13.959
30	42	9.6237
30	43	9.1746
30	44	12.475
30	45	7.1536
30	46	3.1584
30	47	6.9043
30	48	6.6988
30	49	9.6422
30	50	4.1495
30	51	6.832
30	52	9.8551
30	53	13.435
30	54	5.4205
30	55	3.0034
30	56	5.9176
30	57	12.953
30	58	6.4837
30	59	8.3108
30	60	9.07
30	61	6.8373
30	62	9.9357
30	63	11.478
30	64	6.3719
30	65	3.0039
30	66	7.1755
30	67	7.806
30	68	12.417
30	69	8.4445
30	70	8.0431
30	71	10.197
30	72	4.5168
30	73	8.2525
30	74	8.0029
30	75	5.6884
30	76	5.1339
30	77	6.9564
30	78	4.3498
30	79	8.1639
30	80	8.1615
30	81	5.5628
30	82	9.5931
30	83	19.652
31	32	206.31
31	33	67.951
31	34	48.41
31	35	28.635
31	36	31.203
31	37	32.423
31	38	21.349
31	39	24.549
31	40	23.988
31	41	19.547
31	42	18.927
31	43	12.866
31	44	20.278
31	45	13.056
31	46	12.177
31	47	7.1329
31	48	6.2637
31	49	9.3005
31	50	8.4485
31	51	12.371
31	52	7.9015
31	53	10.486
31	54	6.8721
31	55	11.998
31	56	13.872
31	57	5.1834
31	58	5.3294
31	59	9.1942
31	60	8.9505
31	61	5.5081
31	62	5.2462
31	63	16.097
31	64	19.883
31	65	11.244
31	66	13.081
31	67	7.3136
31	68	8.1186
31	69	9.2528
31	70	12.743
31	71	10.118
31	72	9.9744
31	73	3.4206
31	74	7.141
31	75	6.8258
31	76	7.1803
31	77	7.5806
31	78	7.3195
31	79	7.3195
31	80	10.489
31	81	10.432
31	82	8.5276
31	83	13.742
32	33	178.37
32	34	76.033
32	35	25.454
32	36	38.032
32	37	32.492
32	38	30.497
32	39	17.358
32	40	21.118
32	41	26.095
32	42	20.22
32	43	18.371
32	44	10.704
32	45	11.135
32	46	10.985
32	47	11.001
32	48	6.0682
32	49	9.6021
32	50	7.5463
32	51	17.687
32	52	10.845
32	53	7.2613
32	54	9.3194
32	55	7.0559
32	56	5.4294
32	57	8.9562
32	58	6.2392
32	59	8.7934
32	60	10.395
32	61	11.588
32	62	13.091
32	63	20.426
32	64	12.104
32	65	12.185
32	66	11.731
32	67	4.2122
32	68	3.3103
32	69	6.9045
32	70	9.1123
32	71	13.801
32	72	8.955
32	73	8.3144
32	74	6.5315
32	75	4.5574
32	76	4.7973
32	77	1.239
32	78	4.1636
32	79	5.0999
32	80	11.679
32	81	6.0572
32	82	6.2307
32	83	3.9783
33	34	200.56
33	35	59.875
33	36	92.168
33	37	32.323
33	38	40.164
33	39	33.619
33	40	28.753
33	41	24.363
33	42	13.568
33	43	9.2898
33	44	19.326
33	45	16.779
33	46	10.45
33	47	9.9242
33	48	11.33
33	49	7.8035
33	50	5.1746
33	51	9.5142
33	52	9.951
33	53	10.551
33	54	9.9532
33	55	7.2334
33	56	7.4317
33	57	14.859
33	58	7.2111
33	59	6.6919
33	60	11.109
33	61	5.4807
33	62	7.5339
33	63	13.872
33	64	14.355
33	65	11.129
33	66	16.06
33	67	3.9363
33	68	3.2981
33	69	6.6945
33	70	10.319
33	71	12.269
33	72	9.8389
33	73	8.8874
33	74	5.9123
33	75	12.158
33	76	5.9701
33	77	8.485
33	78	4.3221
33	79	4.4464
33	80	12.456
33	81	8.1746
33	82	9.8256
33	83	14.846
34	35	162.65
34	36	156.52
34	37	52.621
34	38	32.044
34	39	21.998
34	40	15.012
34	41	19.629
34	42	25.393
34	43	16.235
34	44	11.473
34	45	5.9172
34	46	6.5363
34	47	6.3351
34	48	5.4775
34	49	11.177
34	50	8.0431
34	51	8.9569
34	52	12.959
34	53	5.4967
34	54	9.9584
34	55	4.1325
34	56	4.8301
34	57	9.3834
34	58	3.9692
34	59	4.3604
34	60	11.658
34	61	8.0718
34	62	6.8527
34	63	6.3443
34	64	11.722
34	65	5.5298
34	66	8.576
34	67	16.764
34	68	14.514
34	69	12.924
34	70	6.9195
34	71	3.8583
34	72	5.9329
34	73	10.702
34	74	9.3686
34	75	12.747
34	76	7.8973
34	77	9.2703
34	78	10.441
34	79	9.2441
34	80	6.2548
34	81	9.0902
34	82	8.8112
34	83	9.054
35	36	402.85
35	37	38.756
35	38	32.829
35	39	19.551
35	40	16.15
35	41	10.418
35	42	12.109
35	43	13.274
35	44	10.481
35	45	6.6955
35	46	4.4398
35	47	6.4319
35	48	5.592
35	49	6.6236
35	50	6.0372
35	51	7.7316
35	52	5.9686
35	53	5.625
35	54	8.6184
35	55	5.1098
35	56	4.2851
35	57	6.9997
35	58	3.5208
35	59	4.9819
35	60	1.6964
35	61	7.3099
35	62	6.4288
35	63	4.3324
35	64	5.3223
35	65	7.5432
35	66	8.7453
35	67	9.8113
35	68	7.0831
35	69	10.1
35	70	7.9621
35	71	3.3612
35	72	4.2356
35	73	7.7362
35	74	10.242
35	75	5.4038
35	76	8.1315
35	77	11.744
35	78	10.77
35	79	8.864
35	80	3.188
35	81	11.007
35	82	8.9491
35	83	8.9491
36	37	193.86
36	38	64.181
36	39	25.145
36	40	23.703
36	41	21.329
36	42	24.355
36	43	14.313
36	44	10.835
36	45	14.561
36	46	10.033
36	47	10.001
36	48	11.332
36	49	8.4299
36	50	13.518
36	51	6.2346
36	52	15.154
36	53	11.352
36	54	9.6737
36	55	7.0607
36	56	2.5211
36	57	8.1773
36	58	8.9864
36	59	9.0971
36	60	11.564
36	61	11.206
36	62	11.821
36	63	11.613
36	64	8.9835
36	65	12.687
36	66	12.758
36	67	14.008
36	68	7.2904
36	69	14.94
36	70	5.7809
36	71	15.295
36	72	4.9214
36	73	6.1783
36	74	13.85
36	75	13.294
36	76	9.6839
36	77	5.8395
36	78	7.6578
36	79	6.3675
36	80	9.5014
36	81	8.6483
36	82	5.8015
36	83	12.408
37	38	264.76
37	39	76.908
37	40	47.409
37	41	36.4
37	42	23.852
37	43	37.498
37	44	21.895
37	45	9.701
37	46	12.655
37	47	12.469
37	48	13.785
37	49	17.51
37	50	15.371
37	51	5.409
37	52	16.549
37	53	15.707
37	54	8.0282
37	55	8.6116
37	56	3.2348
37	57	8.024
37	58	11.971
37	59	9.5058
37	60	5.5993
37	61	14.474
37	62	8.4599
37	63	2.8425
37	64	10.498
37	65	12.389
37	66	12.39
37	67	6.4464
37	68	6.1748
37	69	5.7935
37	70	9.9033
37	71	6.6503
37	72	11.951
37	73	7.8018
37	74	8.9785
37	75	7.0654
37	76	5.3127
37	77	12.482
37	78	7.5801
37	79	5.4363
37	80	12.58
37	81	11.449
37	82	8.0858
37	83	30.381
38	39	232.84
38	40	90.211
38	41	53.713
38	42	31.448
38	43	30.351
38	44	19.022
38	45	17.429
38	46	12.404
38	47	14.16
38	48	16.323
38	49	17.19
38	50	12.301
38	51	12.314
38	52	17.022
38	53	18.045
38	54	14.894
38	55	5.9482
38	56	8.8324
38	57	6.4727
38	58	13.219
38	59	9.8239
38	60	10.679
38	61	7.2808
38	62	11.136
38	63	16.09
38	64	9.4152
38	65	8.595
38	66	8.4468
38	67	8.1066
38	68	7.6732
38	69	5.1514
38	70	8.3266
38	71	9.4467
38	72	7.5855
38	73	9.1213
38	74	4.5625
38	75	6.9149
38	76	4.6326
38	77	3.5881
38	78	6.7063
38	79	3.9232
38	80	6.4066
38	81	10.659
38	82	7.9562
38	83	7.6624
39	40	273.07
39	41	92.139
39	42	49.825
39	43	38.707
39	44	27.601
39	45	17.237
39	46	12.225
39	47	16.289
39	48	17.245
39	49	17.502
39	50	15.057
39	51	9.685
39	52	12.041
39	53	17.872
39	54	16.312
39	55	8.6719
39	56	9.6619
39	57	11.049
39	58	11.199
39	59	7.1677
39	60	8.576
39	61	12.171
39	62	13.271
39	63	25.493
39	64	13.352
39	65	10.28
39	66	12.334
39	67	7.2235
39	68	5.6192
39	69	5.6419
39	70	6.5082
39	71	8.272
39	72	6.6478
39	73	4.5802
39	74	6.8723
39	75	4.142
39	76	3.6342
39	77	3.2837
39	78	8.8433
39	79	3.7631
39	80	15.787
39	81	1.5923
39	82	3.4835
39	83	4.2009
40	41	228.76
40	42	76.378
40	43	59.002
40	44	37.038
40	45	19.625
40	46	24.439
40	47	18.413
40	48	19.028
40	49	21.627
40	50	11.411
40	51	19.08
40	52	12.358
40	53	15.726
40	54	11.508
40	55	12.972
40	56	14.64
40	57	7.2832
40	58	12.985
40	59	17.926
40	60	7.2176
40	61	11.223
40	62	10.9
40	63	10.059
40	64	12.468
40	65	12.311
40	66	7.6062
40	67	7.9825
40	68	2.8761
40	69	6.2158
40	70	12.958
40	71	10.111
40	72	7.9721
40	73	5.1356
40	74	7.0609
40	75	5.6547
40	76	0.74413
40	77	4.0351
40	78	3.7707
40	79	3.3113
40	80	9.015
40	81	4.3649
40	82	6.277
40	83	4.3086
41	42	243.51
41	43	94.3
41	44	47.812
41	45	25.553
41	46	25.686
41	47	19.429
41	48	20.032
41	49	16.152
41	50	16.455
41	51	18.262
41	52	18.888
41	53	14.73
41	54	17.639
41	55	10.008
41	56	9.9669
41	57	12.385
41	58	11.205
41	59	10.869
41	60	11.511
41	61	12.393
41	62	11.76
41	63	27.142
41	64	10.639
41	65	17.39
41	66	7.9625
41	67	8.7185
41	68	7.7805
41	69	7.0652
41	70	9.6083
41	71	9.0664
41	72	9.2025
41	73	8.837
41	74	5.1862
41	75	5.0972
41	76	3.3539
41	77	4.8494
41	78	3.4028
41	79	6.9432
41	80	7.011
41	81	4.898
41	82	7.6372
41	83	7.7473
42	43	168.29
42	44	50.88
42	45	22.851
42	46	18.094
42	47	12.179
42	48	20.095
42	49	17.997
42	50	18.2
42	51	17.665
42	52	20.384
42	53	17.492
42	54	15.408
42	55	8.0548
42	56	5.509
42	57	13.366
42	58	10.173
42	59	6.6105
42	60	10.68
42	61	13.526
42	62	11.542
42	63	11.065
42	64	14.68
42	65	8.2864
42	66	6.9667
42	67	8.505
42	68	6.2218
42	69	6.4944
42	70	4.9006
42	71	7.0957
42	72	8.4892
42	73	7.3777
42	74	7.5609
42	75	5.5616
42	76	3.5145
42	77	5.8187
42	78	5.9327
42	79	3.4664
42	80	5.1911
42	81	3.4233
42	82	8.0832
42	83	10.166
43	44	220.31
43	45	35.354
43	46	22.53
43	47	26.476
43	48	26.867
43	49	28.736
43	50	28.447
43	51	19.336
43	52	31.7
43	53	19.362
43	54	21.744
43	55	9.7911
43	56	10.755
43	57	15.44
43	58	23.112
43	59	10.134
43	60	13.645
43	61	11.298
43	62	14.692
43	63	20.968
43	64	11.399
43	65	12.235
43	66	9.3968
43	67	8.4231
43	68	8.7081
43	69	9.3979
43	70	8.5951
43	71	7.8993
43	72	9.9243
43	73	7.0868
43	74	7.2725
43	75	6.1184
43	76	5.7956
43	77	4.075
43	78	2.6063
43	79	5.2816
43	80	9.4332
43	81	5.7067
43	82	6.2662
43	83	3.7441
44	45	327
44	46	69.343
44	47	42.788
44	48	34.129
44	49	22.426
44	50	15.594
44	51	17.71
44	52	18.025
44	53	17.51
44	54	14.827
44	55	17.214
44	56	16.276
44	57	16.338
44	58	15.702
44	59	13.338
44	60	8.4883
44	61	10.892
44	62	8.8305
44	63	6.5108
44	64	15.692
44	65	12.114
44	66	8.2545
44	67	5.5381
44	68	7.518
44	69	5.3959
44	70	8.395
44	71	8.245
44	72	8.3322
44	73	4.8699
44	74	5.2199
44	75	2.2765
44	76	1.7969
44	77	1.6245
44	78	3.6332
44	79	2.238
44	80	2.9348
44	81	2.6617
44	82	4.7552
44	83	31.407
45	46	323.28
45	47	54.508
45	48	42.111
45	49	21.453
45	50	18.232
45	51	12.875
45	52	13.153
45	53	13.355
45	54	8.5745
45	55	20.21
45	56	20.569
45	57	9.2747
45	58	9.9409
45	59	14.681
45	60	4.3065
45	61	6.5647
45	62	5.3186
45	63	10.678
45	64	15.538
45	65	6.2413
45	66	9.6303
45	67	4.0391
45	68	1.2592
45	69	3.3348
45	70	8.042
45	71	10.977
45	72	7.1113
45	73	2.2911
45	74	2.291
45	75	1.8599
45	76	1.3046
45	77	2.9497
45	78	1.317
45	79	1.4709
45	80	5.9073
45	81	2.4347
45	82	5.2324
45	83	5.2324
46	47	267.2
46	48	81.853
46	49	40.561
46	50	26.126
46	51	21.046
46	52	16.319
46	53	22.414
46	54	16.532
46	55	20.888
46	56	20.304
46	57	18.887
46	58	13.788
46	59	17.725
46	60	12.263
46	61	6.8109
46	62	5.3357
46	63	3.926
46	64	8.5644
46	65	6.0221
46	66	4.3676
46	67	2.2284
46	68	1.391
46	69	5.7187
46	70	9.7371
46	71	13.132
46	72	10.635
46	73	2.1057
46	74	3.1549
46	75	1.3692
46	76	1.4405
46	77	2.6062
46	78	4.3668
46	79	3.785
46	80	1.7742
46	81	2.6831
46	82	3.9872
46	83	16.834
47	48	208.96
47	49	70.537
47	50	28.382
47	51	28.951
47	52	22.676
47	53	21.382
47	54	15.575
47	55	22.424
47	56	16.159
47	57	17.025
47	58	17.162
47	59	18.178
47	60	13.269
47	61	11.018
47	62	10.303
47	63	3.4479
47	64	8.985
47	65	9.0794
47	66	9.9327
47	67	3.2593
47	68	2.0219
47	69	4.0848
47	70	9.1622
47	71	11.174
47	72	4.9396
47	73	3.9562
47	74	5.2024
47	75	3.1889
47	76	0.41955
47	77	0.7586
47	78	2.1109
47	79	1.586
47	80	3.1392
47	81	2.2097
47	82	5.7596
47	83	2.4687
48	49	210.65
48	50	53.079
48	51	39.781
48	52	38.041
48	53	28.285
48	54	24.348
48	55	20.361
48	56	15.745
48	57	22.968
48	58	20.041
48	59	11.226
48	60	14.076
48	61	9.1692
48	62	9.0162
48	63	5.5371
48	64	7.4626
48	65	4.8491
48	66	14.039
48	67	4.1876
48	68	1.9671
48	69	3.4435
48	70	9.5242
48	71	12.796
48	72	9.9752
48	73	3.9468
48	74	7.6944
48	75	8.388
48	76	2.037
48	77	2.4559
48	78	2.4559
48	79	4.5685
48	80	3.8823
48	81	2.0129
48	82	4.9791
48	83	3.9553
49	50	142.4
49	51	67.469
49	52	44.453
49	53	35.087
49	54	29.64
49	55	20.826
49	56	9.432
49	57	17.232
49	58	13.273
49	59	13.53
49	60	13.811
49	61	14.033
49	62	12.023
49	63	10.123
49	64	9.488
49	65	10.545
49	66	9.303
49	67	5.022
49	68	4.4589
49	69	5.8088
49	70	8.0463
49	71	10.225
49	72	6.8783
49	73	5.7083
49	74	5.7212
49	75	3.0764
49	76	3.7008
49	77	2.5087
49	78	6.5183
49	79	3.1413
49	80	3.8346
49	81	2.776
49	82	6.8979
49	83	13.594
50	51	309.47
50	52	72.28
50	53	55.267
50	54	39.925
50	55	23.893
50	56	11.196
50	57	16.548
50	58	15.281
50	59	14.607
50	60	15.658
50	61	15.114
50	62	11.175
50	63	12.6
50	64	12.849
50	65	11.541
50	66	11.304
50	67	7.7889
50	68	5.2689
50	69	5.47
50	70	9.5563
50	71	7.061
50	72	6.8597
50	73	6.1252
50	74	7.0053
50	75	6.389
50	76	3.3632
50	77	3.7985
50	78	2.5427
50	79	3.7842
50	80	5.1868
50	81	2.8165
50	82	4.6571
50	83	12.302
51	52	143.06
51	53	76.333
51	54	40.367
51	55	31.289
51	56	15.657
51	57	18.045
51	58	15.495
51	59	14.033
51	60	11.345
51	61	14.328
51	62	11.251
51	63	18.272
51	64	12.949
51	65	10.691
51	66	9.7428
51	67	8.2906
51	68	6.0026
51	69	9.9283
51	70	8.5956
51	71	8.8768
51	72	8.025
51	73	6.2887
51	74	4.7245
51	75	2.9586
51	76	3.1133
51	77	2.8151
51	78	0.89544
51	79	3.3615
51	80	5.1729
51	81	4.3483
51	82	5.5463
51	83	5.2319
52	53	243.51
52	54	68.845
52	55	26.732
52	56	14.71
52	57	19.575
52	58	17.481
52	59	15.06
52	60	21.161
52	61	20.911
52	62	9.8913
52	63	20.864
52	64	20.492
52	65	15.205
52	66	15.364
52	67	6.4062
52	68	6.2056
52	69	8.963
52	70	8.8989
52	71	5.5285
52	72	8.3749
52	73	10.363
52	74	11.666
52	75	6.1032
52	76	6.4248
52	77	9.2899
52	78	4.5539
52	79	4.7726
52	80	8.3239
52	81	4.2477
52	82	7.762
52	83	11.181
53	54	162.02
53	55	63.098
53	56	37.04
53	57	35.563
53	58	27.292
53	59	22.706
53	60	18.738
53	61	22.148
53	62	13.973
53	63	20.274
53	64	19.43
53	65	16.114
53	66	11.631
53	67	5.7442
53	68	3.2903
53	69	6.8358
53	70	13.109
53	71	9.755
53	72	6.7839
53	73	7.4497
53	74	7.0658
53	75	5.178
53	76	3.4072
53	77	1.2312
53	78	1.3794
53	79	3.0352
53	80	6.0646
53	81	7.9988
53	82	8.2159
53	83	7.9049
54	55	133.25
54	56	35.855
54	57	38.353
54	58	34.891
54	59	27.18
54	60	21.407
54	61	15.162
54	62	16.805
54	63	16.165
54	64	16.792
54	65	10.033
54	66	14.579
54	67	9.5446
54	68	4.7678
54	69	6.1574
54	70	8.8059
54	71	9.376
54	72	8.0646
54	73	9.5175
54	74	7.3699
54	75	7.514
54	76	5.9328
54	77	2.6806
54	78	1.9937
54	79	2.968
54	80	3.252
54	81	6.2561
54	82	6.9909
54	83	8.68
55	56	240.95
55	57	47.099
55	58	39.473
55	59	33.834
55	60	15.085
55	61	13.473
55	62	17.758
55	63	21.334
55	64	10.627
55	65	6.0665
55	66	13.721
55	67	4.9847
55	68	3.5169
55	69	5.5395
55	70	8.638
55	71	14.298
55	72	7.2149
55	73	5.6972
55	74	3.6658
55	75	4.7694
55	76	3.1936
55	77	2.063
55	78	1.3745
55	79	2.7774
55	80	2.2949
55	81	3.114
55	82	6.0336
55	83	8.0926
56	57	148.55
56	58	56.318
56	59	43.242
56	60	20.372
56	61	16.165
56	62	10.291
56	63	18.086
56	64	15.44
56	65	7.9429
56	66	13.17
56	67	3.7331
56	68	1.7343
56	69	1.3785
56	70	9.7571
56	71	15.101
56	72	7.5436
56	73	4.9665
56	74	3.7241
56	75	2.8488
56	76	2.9972
56	77	2.169
56	78	1.2065
56	79	2.2715
56	80	5.492
56	81	2.2611
56	82	5.9966
56	83	3.5302
57	58	231.96
57	59	68.76
57	60	37.989
57	61	24.345
57	62	22.204
57	63	25.049
57	64	16.903
57	65	19.891
57	66	17.164
57	67	7.1009
57	68	10.624
57	69	5.6116
57	70	10.048
57	71	9.5763
57	72	8.9938
57	73	7.7346
57	74	2.8982
57	75	10.437
57	76	8.4529
57	77	5.3462
57	78	1.7152
57	79	3.121
57	80	9.4891
57	81	6.1549
57	82	4.5358
57	83	4.5358
58	59	153.77
58	60	49.23
58	61	37.656
58	62	22.011
58	63	24.288
58	64	15.196
58	65	15.399
58	66	16.416
58	67	7.6549
58	68	5.7001
58	69	9.3166
58	70	10.44
58	71	10.903
58	72	8.4995
58	73	6.9768
58	74	5.6721
58	75	6.0865
58	76	3.4489
58	77	6.2364
58	78	3.9649
58	79	3.7273
58	80	4.5031
58	81	3.7047
58	82	6.1308
58	83	11.602
59	60	162.05
59	61	46.079
59	62	27.755
59	63	25.17
59	64	19.433
59	65	18.189
59	66	25.082
59	67	7.1386
59	68	4.1747
59	69	7.1116
59	70	11.435
59	71	14.354
59	72	13.557
59	73	6.0494
59	74	4.3033
59	75	4.6283
59	76	1.6236
59	77	2.4466
59	78	1.6349
59	79	2.0427
59	80	5.8321
59	81	5.2801
59	82	6.0529
59	83	6.3605
60	61	179.94
60	62	67.184
60	63	45.077
60	64	35.118
60	65	25.674
60	66	16.506
60	67	11.493
60	68	7.1751
60	69	9.595
60	70	15.507
60	71	14.806
60	72	11.249
60	73	11.812
60	74	7.6189
60	75	9.426
60	76	5.3756
60	77	7.0984
60	78	6.6684
60	79	7.4463
60	80	8.5071
60	81	6.4667
60	82	9.6766
60	83	12.103
61	62	201.18
61	63	95.847
61	64	50.273
61	65	37.203
61	66	22.395
61	67	14.778
61	68	11.592
61	69	16.368
61	70	20.784
61	71	13.328
61	72	15.911
61	73	11.935
61	74	13.275
61	75	10.151
61	76	7.1249
61	77	9.2543
61	78	7.6315
61	79	7.6809
61	80	9.1546
61	81	6.9597
61	82	10.411
61	83	26.056
62	63	303.59
62	64	79.391
62	65	46.911
62	66	28.566
62	67	25.175
62	68	22.423
62	69	18.624
62	70	16.027
62	71	11.376
62	72	13.028
62	73	14.008
62	74	14.706
62	75	16.143
62	76	7.9347
62	77	8.7001
62	78	8.5944
62	79	9.2556
62	80	17.908
62	81	14.973
62	82	11.291
62	83	13.159
63	64	129.77
63	65	74.211
63	66	39.216
63	67	24.064
63	68	24.301
63	69	22.133
63	70	26.356
63	71	19.434
63	72	16.009
63	73	19.255
63	74	18.054
63	75	23.891
63	76	10.479
63	77	5.6823
63	78	8.4971
63	79	13.974
63	80	10.14
63	81	12.27
63	82	13.85
63	83	12.132
64	65	223.33
64	66	67.737
64	67	37.281
64	68	12.474
64	69	24.309
64	70	34.143
64	71	27.54
64	72	17.935
64	73	16.095
64	74	13.485
64	75	15.342
64	76	8.3979
64	77	11.677
64	78	6.5313
64	79	7.2295
64	80	18.952
64	81	15.755
64	82	14.162
64	83	15.037
65	66	268.71
65	67	44.168
65	68	28.245
65	69	34.19
65	70	39.104
65	71	20.985
65	72	18.229
65	73	20.017
65	74	11.862
65	75	19.969
65	76	13.709
65	77	10.737
65	78	12.028
65	79	10.868
65	80	18.514
65	81	15.449
65	82	15.468
65	83	37.132
66	67	160.82
66	68	36.645
66	69	47.427
66	70	85.548
66	71	39.113
66	72	32.011
66	73	25.211
66	74	21.764
66	75	21.766
66	76	14.397
66	77	14.204
66	78	9.9191
66	79	10.305
66	80	24.159
66	81	11.69
66	82	22.527
66	83	11.462
67	68	202.98
67	69	165.02
67	70	53.392
67	71	19.084
67	72	23.147
67	73	30.671
67	74	30.729
67	75	35.526
67	76	32.66
67	77	23.062
67	78	18.034
67	79	32.125
67	80	29.733
67	81	32.172
67	82	23.571
67	83	24.081
68	69	185.2
68	70	31.357
68	71	6.861
68	72	18.749
68	73	32.446
68	74	47.423
68	75	47.412
68	76	27.995
68	77	31.423
68	78	35.397
68	79	38.734
68	80	19.769
68	81	20.128
68	82	10.656
68	83	21.684
69	70	117.29
69	71	24.021
69	72	31.539
69	73	34.119
69	74	39.718
69	75	34.944
69	76	33.797
69	77	28.601
69	78	24.158
69	79	31.737
69	80	27.762
69	81	22.903
69	82	17.614
69	83	12.506
70	71	157.2
70	72	68.677
70	73	44.29
70	74	30.835
70	75	27.43
70	76	12.828
70	77	14.085
70	78	10.145
70	79	12.124
70	80	20.179
70	81	17.924
70	82	23.15
70	83	21.564
71	72	253.8
71	73	38.886
71	74	34.226
71	75	18.195
71	76	12.582
71	77	6.4313
71	78	6.0656
71	79	7.8343
71	80	23.511
71	81	8.6033
71	82	17.616
71	83	25.667
72	73	198.57
72	74	61.676
72	75	40.825
72	76	20.603
72	77	20.751
72	78	17.241
72	79	18.94
72	80	34.204
72	81	13.536
72	82	22.688
72	83	24.037
73	74	163.85
73	75	63.913
73	76	35.86
73	77	25.194
73	78	25.464
73	79	28.122
73	80	35.143
73	81	24.269
73	82	24.369
73	83	20.668
74	75	277.49
74	76	78.309
74	77	50.414
74	78	53.677
74	79	60.106
74	80	42.352
74	81	35.472
74	82	26.013
74	83	34.821
75	76	175.26
75	77	88.537
75	78	83.82
75	79	75.118
75	80	64.261
75	81	41.244
75	82	24.939
75	83	21.309
76	77	306.57
76	78	182.19
76	79	114.61
76	80	42.807
76	81	42.846
76	82	25.78
76	83	22.43
77	78	221.84
77	79	113.92
77	80	48.26
77	81	32.103
77	82	20.814
77	83	24.334
78	79	189.02
78	80	47.648
78	81	42.69
78	82	18.085
78	83	18.198
79	80	147.97
79	81	58.662
79	82	27.444
79	83	26.629
80	81	194.88
80	82	68.253
80	83	76.071
81	82	152.27
81	83	108.61
82	83	408.3
