1	2	173.16
1	3	91.624
1	4	53.048
1	5	32.978
1	6	25.113
1	7	13.399
1	8	16.762
1	9	12.499
1	10	11.655
1	11	9.8713
1	12	5.2647
1	13	5.5271
1	14	10.516
1	15	14.516
1	16	9.3825
1	17	6.6483
1	18	11.505
1	19	10.542
1	20	11.65
1	21	9.2222
1	22	5.4259
1	23	6.1741
1	24	10.608
1	25	9.5535
1	26	10.132
1	27	41.845
1	28	18.845
1	29	9.0448
1	30	10.869
1	31	8.2717
1	32	10.672
1	33	11.184
1	34	9.742
1	35	6.8849
1	36	10.233
1	37	6.989
1	38	6.3498
1	39	4.1028
1	40	4.2394
1	41	6.3122
1	42	10.631
1	43	11.636
1	44	8.1939
1	45	10.75
1	46	7.1578
1	47	14.228
1	48	10.089
1	49	9.207
1	50	4.2854
1	51	5.6402
1	52	6.7427
1	53	0.56666
1	54	4.9818
1	55	6.6984
1	56	6.1799
1	57	8.9553
1	58	2.5081
1	59	2.182
1	60	8.4373
1	61	15.759
1	62	23.303
2	3	229.4
2	4	61.027
2	5	37.099
2	6	26.959
2	7	18.183
2	8	12.342
2	9	10.19
2	10	7.7915
2	11	9.8777
2	12	6.2362
2	13	5.9964
2	14	9.4647
2	15	9.0288
2	16	13.098
2	17	5.7041
2	18	8.7832
2	19	9.7766
2	20	10.173
2	21	8.0403
2	22	7.1226
2	23	3.6916
2	24	7.0334
2	25	6.9233
2	26	6.6506
2	27	11.409
2	28	11.409
2	29	9.1718
2	30	10.575
2	31	11.791
2	32	13.247
2	33	8.3779
2	34	8.211
2	35	13.027
2	36	7.4074
2	37	5.9594
2	38	5.6967
2	39	6.9626
2	40	1.9653
2	41	5.3875
2	42	10.086
2	43	9.1471
2	44	8.1164
2	45	8.3848
2	46	6.224
2	47	12.594
2	48	7.3817
2	49	8.3631
2	50	5.2275
2	51	3.3357
2	52	5.072
2	53	1.3858
2	54	3.5024
2	55	4.9908
2	56	6.6001
2	57	7.0068
2	58	4.0687
2	59	1.5699
2	60	8.7194
2	61	11.827
2	62	12.586
3	4	220.89
3	5	61.105
3	6	35.441
3	7	16.888
3	8	19.38
3	9	10.89
3	10	9.9367
3	11	8.2964
3	12	7.618
3	13	6.4119
3	14	7.7023
3	15	13.763
3	16	5.3346
3	17	8.438
3	18	12.733
3	19	11.945
3	20	11.546
3	21	10.163
3	22	9.5294
3	23	7.4123
3	24	4.7742
3	25	7.7127
3	26	10.505
3	27	10.505
3	28	9.3475
3	29	7.8354
3	30	11.461
3	31	15.701
3	32	15.027
3	33	13.2
3	34	11.941
3	35	12.866
3	36	9.0394
3	37	4.8553
3	38	3.9782
3	39	4.4387
3	40	2.102
3	41	6.2498
3	42	10.513
3	43	14.052
3	44	12.009
3	45	6.14
3	46	6.291
3	47	13.228
3	48	12.548
3	49	6.9225
3	50	4.6831
3	51	8.1368
3	52	3.0962
3	53	2.255
3	54	3.6205
3	55	7.152
3	56	6.9467
3	57	7.0313
3	58	2.4848
3	59	2.1564
3	60	5.7453
3	61	10.663
3	62	11.507
4	5	193.18
4	6	59.217
4	7	25.004
4	8	11.829
4	9	15.824
4	10	12.672
4	11	11.572
4	12	8.7357
4	13	5.0487
4	14	11.454
4	15	13.431
4	16	9.7884
4	17	10.806
4	18	15.292
4	19	17.011
4	20	10.587
4	21	12.089
4	22	6.6151
4	23	6.3472
4	24	7.8556
4	25	8.2966
4	26	7.6525
4	27	16.884
4	28	11.474
4	29	8.9682
4	30	17.678
4	31	10.105
4	32	13.687
4	33	16.265
4	34	11.894
4	35	14.474
4	36	14.729
4	37	9.8104
4	38	8.1605
4	39	6.3727
4	40	5.1794
4	41	4.8701
4	42	9.2813
4	43	18.197
4	44	10.75
4	45	7.574
4	46	6.1587
4	47	12.635
4	48	11.923
4	49	11.698
4	50	6.7896
4	51	11.255
4	52	2.5223
4	53	3.4453
4	54	5.6785
4	55	6.2208
4	56	6.521
4	57	6.7902
4	58	1.1492
4	59	1.7768
4	60	7.0736
4	61	13.116
4	62	11.349
5	6	202.44
5	7	51.494
5	8	33.259
5	9	35.487
5	10	18.867
5	11	13.597
5	12	14.019
5	13	9.1308
5	14	14.629
5	15	15.051
5	16	16.887
5	17	12.531
5	18	15.246
5	19	19.463
5	20	12.904
5	21	14.134
5	22	14.151
5	23	6.4165
5	24	11.162
5	25	11.08
5	26	14.945
5	27	14.945
5	28	14.945
5	29	10.084
5	30	12.23
5	31	11.471
5	32	13.735
5	33	8.482
5	34	8.7645
5	35	8.9699
5	36	9.5966
5	37	8.8792
5	38	8.8009
5	39	11.225
5	40	3.1303
5	41	8.7288
5	42	11.1
5	43	10.248
5	44	10.813
5	45	3.8804
5	46	7.2017
5	47	11.731
5	48	10.979
5	49	8.9784
5	50	6.4645
5	51	10.614
5	52	4.9039
5	53	4.2858
5	54	4.0558
5	55	7.0286
5	56	8.4267
5	57	6.9538
5	58	3.5324
5	59	2.0439
5	60	8.7356
5	61	7.1232
5	62	8.0127
6	7	158.56
6	8	80.644
6	9	53.784
6	10	27.135
6	11	33.277
6	12	29.02
6	13	12.63
6	14	29.669
6	15	29.295
6	16	17.9
6	17	14.3
6	18	20.989
6	19	20.885
6	20	19.258
6	21	21.298
6	22	12.333
6	23	12.157
6	24	17.414
6	25	14.45
6	26	14.69
6	27	16.005
6	28	21.394
6	29	12.113
6	30	9.7676
6	31	6.3196
6	32	6.9739
6	33	5.3334
6	34	5.687
6	35	8.6084
6	36	13.157
6	37	7.1423
6	38	8.7169
6	39	9.726
6	40	1.7151
6	41	12.737
6	42	8.5361
6	43	9.4537
6	44	10.927
6	45	7.4549
6	46	5.6616
6	47	8.7316
6	48	13.166
6	49	10.762
6	50	12.691
6	51	17.988
6	52	4.1551
6	53	5.1844
6	54	5.6333
6	55	10.234
6	56	8.8501
6	57	5.922
6	58	6.7273
6	59	5.9928
6	60	6.5474
6	61	5.5843
6	62	5.2368
7	8	375.82
7	9	90.905
7	10	53.566
7	11	31.734
7	12	34.749
7	13	29.252
7	14	24.681
7	15	22.635
7	16	23.535
7	17	21.809
7	18	18.493
7	19	16.775
7	20	16.492
7	21	19.431
7	22	18.352
7	23	15.716
7	24	15.273
7	25	14.549
7	26	11.992
7	27	11.992
7	28	11.424
7	29	15.424
7	30	5.9273
7	31	6.1875
7	32	7.3831
7	33	2.5471
7	34	1.8187
7	35	5.4045
7	36	8.1749
7	37	11.489
7	38	11.336
7	39	15.329
7	40	8.7766
7	41	8.6802
7	42	5.3379
7	43	7.4045
7	44	6.7838
7	45	5.8823
7	46	2.7929
7	47	4.0703
7	48	7.9916
7	49	5.6288
7	50	10.033
7	51	11.77
7	52	13.651
7	53	9.9329
7	54	9.5586
7	55	5.6358
7	56	7.2678
7	57	8.058
7	58	7.1147
7	59	5.3707
7	60	7.0888
7	61	2.7126
7	62	1.8025
8	9	168.59
8	10	66.53
8	11	47.677
8	12	39.399
8	13	30.038
8	14	45.014
8	15	26.467
8	16	22.531
8	17	22.661
8	18	19.973
8	19	14.313
8	20	23.075
8	21	20.089
8	22	22.923
8	23	22.437
8	24	20.84
8	25	16.918
8	26	17.294
8	27	42.783
8	28	41.583
8	29	12.995
8	30	7.6755
8	31	4.2119
8	32	2.4358
8	33	6.7828
8	34	4.3974
8	35	2.7248
8	36	10.415
8	37	9.8283
8	38	11.316
8	39	10.406
8	40	10.221
8	41	9.5659
8	42	6.4626
8	43	4.2265
8	44	4.3228
8	45	2.9685
8	46	5.2608
8	47	2.4623
8	48	6.9064
8	49	8.9043
8	50	8.9918
8	51	7.5088
8	52	7.9118
8	53	9.4954
8	54	11.117
8	55	6.441
8	56	6.0009
8	57	9.3269
8	58	5.9054
8	59	7.8688
8	60	3.6707
8	61	3.6851
8	62	6.5311
9	10	168.58
9	11	72.205
9	12	61.893
9	13	54.541
9	14	47.401
9	15	24.494
9	16	19.087
9	17	30.894
9	18	21.116
9	19	13.259
9	20	19.714
9	21	19.84
9	22	23.88
9	23	23.918
9	24	20.966
9	25	16.988
9	26	19.321
9	27	19.321
9	28	13.356
9	29	9.388
9	30	6.8987
9	31	3.6053
9	32	0.78207
9	33	1.7816
9	34	1.5879
9	35	3.6741
9	36	5.5166
9	37	9.9691
9	38	12.799
9	39	11.609
9	40	10.704
9	41	5.5284
9	42	3.7343
9	43	7.6343
9	44	4.996
9	45	1.1437
9	46	2.1713
9	47	2.3715
9	48	3.1037
9	49	4.0355
9	50	11.761
9	51	10.127
9	52	9.915
9	53	7.4885
9	54	13.503
9	55	9.1218
9	56	6.55
9	57	5.5615
9	58	9.1894
9	59	6.9187
9	60	5.499
9	61	1.5774
9	62	2.0965
10	11	207.25
10	12	123.41
10	13	96.886
10	14	56.036
10	15	21.814
10	16	17.153
10	17	20.68
10	18	20.223
10	19	22.356
10	20	16.012
10	21	16.533
10	22	21.796
10	23	17.174
10	24	22.048
10	25	16.045
10	26	12.239
10	27	16.356
10	28	42.518
10	29	9.9968
10	30	5.1349
10	31	3.6069
10	32	2.5016
10	33	1.899
10	34	1.6969
10	35	4.1987
10	36	3.2086
10	37	6.7244
10	38	9.4128
10	39	7.9678
10	40	11.563
10	41	7.3501
10	42	6.6359
10	43	4.4598
10	44	2.9957
10	45	1.827
10	46	5.2081
10	47	1.8971
10	48	2.4844
10	49	5.6522
10	50	6.8674
10	51	7.4945
10	52	9.6516
10	53	12.512
10	54	9.6371
10	55	8.7601
10	56	6.4665
10	57	6.8235
10	58	9.7617
10	59	6.0643
10	60	4.7275
10	61	2.5327
10	62	2.5327
11	12	297.02
11	13	86.174
11	14	92.889
11	15	45.615
11	16	29.393
11	17	27.801
11	18	26.263
11	19	21.437
11	20	19.999
11	21	22.651
11	22	24.419
11	23	17.892
11	24	23.329
11	25	16.916
11	26	23.785
11	27	43.971
11	28	38.523
11	29	17.082
11	30	7.5912
11	31	6.6012
11	32	1.1369
11	33	6.4927
11	34	3.4949
11	35	3.8339
11	36	7.6905
11	37	10.021
11	38	6.4816
11	39	7.2252
11	40	8.6349
11	41	10.043
11	42	6.979
11	43	4.0532
11	44	3.6479
11	45	3.3292
11	46	2.6466
11	47	3.8936
11	48	3.2479
11	49	7.0041
11	50	9.2891
11	51	10.447
11	52	12.455
11	53	9.4581
11	54	7.409
11	55	8.0171
11	56	5.6264
11	57	7.7746
11	58	7.6091
11	59	5.5554
11	60	6.0801
11	61	3.198
11	62	3.8618
12	13	212.17
12	14	98.166
12	15	39.931
12	16	35.322
12	17	29.649
12	18	27.136
12	19	11.169
12	20	14.982
12	21	18.594
12	22	25.639
12	23	27.356
12	24	21.289
12	25	16.88
12	26	18.366
12	27	37.553
12	28	37.553
12	29	9.3408
12	30	3.1771
12	31	4.9783
12	32	2.1536
12	33	4.3661
12	34	2.4378
12	35	3.3786
12	36	5.0729
12	37	7.7435
12	38	8.2379
12	39	12.073
12	40	12.535
12	41	11.417
12	42	6.8714
12	43	3.2656
12	44	5.3594
12	45	0.52515
12	46	1.9976
12	47	1.09
12	48	2.4491
12	49	8.3507
12	50	6.7765
12	51	6.6242
12	52	7.6361
12	53	8.3326
12	54	8.96
12	55	5.0381
12	56	5.6681
12	57	7.0693
12	58	10.833
12	59	12.742
12	60	5.438
12	61	3.2759
12	62	4.836
13	14	175.67
13	15	35.617
13	16	38.412
13	17	42.409
13	18	26.512
13	19	16.321
13	20	19.919
13	21	17.849
13	22	26.694
13	23	28.68
13	24	17.706
13	25	12.554
13	26	11.777
13	27	54.067
13	28	11.744
13	29	11.06
13	30	3.9362
13	31	3.5947
13	32	3.456
13	33	2.1011
13	34	1.8789
13	35	2.3234
13	36	2.2195
13	37	7.4296
13	38	8.3225
13	39	7.4173
13	40	22.182
13	41	9.3512
13	42	1.4696
13	43	1.345
13	44	2.9473
13	45	1.5157
13	46	3.5242
13	47	3.5242
13	48	2.3581
13	49	3.5743
13	50	9.2064
13	51	3.1843
13	52	11.975
13	53	16.7
13	54	12.706
13	55	4.527
13	56	3.4087
13	57	9.8159
13	58	14.65
13	59	9.0543
13	60	3.1441
13	61	0.70173
13	62	1.8645
14	15	152.72
14	16	113.05
14	17	95.476
14	18	54.256
14	19	25.759
14	20	32.368
14	21	32.643
14	22	31.366
14	23	24.741
14	24	28.881
14	25	20.284
14	26	29.744
14	27	21.426
14	28	14.078
14	29	16.611
14	30	4.2076
14	31	4.81
14	32	8.2755
14	33	3.7851
14	34	2.8257
14	35	7.2618
14	36	6.405
14	37	12.058
14	38	13.487
14	39	10.02
14	40	6.322
14	41	12.218
14	42	7.9644
14	43	4.3071
14	44	6.205
14	45	4.2484
14	46	1.9302
14	47	2.5202
14	48	3.7861
14	49	6.9785
14	50	16.207
14	51	9.9099
14	52	14.293
14	53	7.7975
14	54	6.8933
14	55	6.621
14	56	5.7443
14	57	11.811
14	58	9.7287
14	59	6.6901
14	60	6.7426
14	61	4.229
14	62	1.1235
15	16	419.05
15	17	149.57
15	18	52.322
15	19	29.569
15	20	31.778
15	21	26.326
15	22	18.98
15	23	9.7751
15	24	13.061
15	25	15.242
15	26	29.226
15	27	27.029
15	28	27.029
15	29	14.539
15	30	14.396
15	31	2.9992
15	32	4.1294
15	33	9.4524
15	34	7.7367
15	35	7.6658
15	36	7.9931
15	37	5.9496
15	38	8.8085
15	39	10.511
15	40	5.1179
15	41	7.9555
15	42	6.6288
15	43	5.4027
15	44	4.9806
15	45	5.3102
15	46	2.8928
15	47	7.0714
15	48	6.491
15	49	8.697
15	50	11.464
15	51	7.6415
15	52	12.067
15	53	4.3845
15	54	5.5647
15	55	8.2574
15	56	6.6641
15	57	3.9851
15	58	1.1621
15	59	4.3925
15	60	6.2919
15	61	8.412
15	62	4.1897
16	17	272.09
16	18	65.146
16	19	34.918
16	20	32.276
16	21	30.183
16	22	24.466
16	23	15.72
16	24	16.43
16	25	15.452
16	26	18.286
16	27	18.286
16	28	22.848
16	29	14.087
16	30	8.0492
16	31	4.6446
16	32	6.7089
16	33	5.0956
16	34	5.9145
16	35	2.7034
16	36	6.0261
16	37	11.063
16	38	10.528
16	39	9.0193
16	40	5.4864
16	41	7.8941
16	42	5.698
16	43	5.6633
16	44	3.9298
16	45	3.9224
16	46	3.1058
16	47	3.5616
16	48	7.6171
16	49	6.9294
16	50	12.668
16	51	7.4288
16	52	4.5468
16	53	6.379
16	54	7.1705
16	55	7.2075
16	56	4.2975
16	57	9.5297
16	58	7.4914
16	59	6.5091
16	60	7.4398
16	61	1.6982
16	62	2.7074
17	18	146.33
17	19	52.138
17	20	38.315
17	21	30.853
17	22	31.685
17	23	21.914
17	24	18.903
17	25	14.235
17	26	20.296
17	27	20.296
17	28	18.746
17	29	9.4162
17	30	9.4922
17	31	5.1342
17	32	4.982
17	33	2.9477
17	34	4.9092
17	35	5.5939
17	36	7.4808
17	37	8.7062
17	38	12.944
17	39	9.9867
17	40	13.502
17	41	10.094
17	42	6.7846
17	43	6.0946
17	44	5.9128
17	45	4.8591
17	46	2.0582
17	47	5.0523
17	48	5.0519
17	49	6.4565
17	50	8.1813
17	51	10.176
17	52	9.4931
17	53	12.092
17	54	5.8972
17	55	6.4949
17	56	7.6587
17	57	10.885
17	58	9.8702
17	59	6.3375
17	60	4.7789
17	61	1.9764
17	62	0.7504
18	19	146.84
18	20	79.233
18	21	49.02
18	22	34.853
18	23	23.026
18	24	22.169
18	25	23.632
18	26	20.314
18	27	62.948
18	28	16.922
18	29	15.193
18	30	13.295
18	31	8.2881
18	32	5.0373
18	33	5.7807
18	34	5.2295
18	35	9.5885
18	36	6.8699
18	37	9.7217
18	38	9.5929
18	39	13.717
18	40	5.9726
18	41	10.413
18	42	9.5112
18	43	6.5183
18	44	6.2473
18	45	6.665
18	46	4.9799
18	47	7.3344
18	48	7.8624
18	49	8.5693
18	50	7.3159
18	51	11.04
18	52	9.3395
18	53	5.6114
18	54	7.7392
18	55	11.026
18	56	11.062
18	57	9.9559
18	58	7.5837
18	59	4.5543
18	60	5.9936
18	61	5.2298
18	62	2.7818
19	20	253.54
19	21	71.599
19	22	31.082
19	23	19.219
19	24	21.471
19	25	18.009
19	26	20.2
19	27	14.25
19	28	18.94
19	29	14.661
19	30	14.039
19	31	4.5971
19	32	12.376
19	33	5.5784
19	34	5.8018
19	35	7.6138
19	36	7.9994
19	37	8.7779
19	38	10.393
19	39	11.593
19	40	5.7627
19	41	8.2818
19	42	6.3329
19	43	7.6366
19	44	7.5454
19	45	7.4208
19	46	7.8915
19	47	6.013
19	48	7.4306
19	49	6.9603
19	50	10.38
19	51	6.1767
19	52	10.536
19	53	6.3302
19	54	6.3102
19	55	7.7096
19	56	7.2607
19	57	7.6934
19	58	6.5756
19	59	4.8078
19	60	8.6639
19	61	4.9295
19	62	7.7061
20	21	126.97
20	22	59.198
20	23	25.535
20	24	23.871
20	25	21.809
20	26	19.833
20	27	11.296
20	28	7.5065
20	29	15.208
20	30	10.291
20	31	7.0351
20	32	9.3798
20	33	6.8099
20	34	7.3707
20	35	7.8549
20	36	8.3673
20	37	9.7285
20	38	13.803
20	39	11.253
20	40	8.4051
20	41	12.606
20	42	7.6544
20	43	7.2055
20	44	5.7465
20	45	5.2326
20	46	4.7985
20	47	4.4317
20	48	4.6147
20	49	8.1423
20	50	7.8732
20	51	7.3482
20	52	6.6708
20	53	6.3776
20	54	7.1049
20	55	9.4924
20	56	6.2018
20	57	9.2687
20	58	5.9556
20	59	4.7677
20	60	7.336
20	61	5.0657
20	62	5.5077
21	22	189.15
21	23	34.642
21	24	38.098
21	25	26.999
21	26	32.72
21	27	12.996
21	28	17.216
21	29	20.979
21	30	14.677
21	31	9.5222
21	32	10.727
21	33	5.4502
21	34	4.556
21	35	8.9756
21	36	9.8922
21	37	12.136
21	38	11.277
21	39	13.937
21	40	10.201
21	41	11.725
21	42	9.294
21	43	6.9359
21	44	6.0212
21	45	6.3601
21	46	6.4372
21	47	6.2335
21	48	6.7337
21	49	11.295
21	50	8.6633
21	51	14.973
21	52	8.1652
21	53	6.8203
21	54	11.766
21	55	10.359
21	56	11.9
21	57	9.4941
21	58	8.5304
21	59	4.573
21	60	12.542
21	61	4.9851
21	62	5.5795
22	23	124.98
22	24	73.679
22	25	31.633
22	26	33.6
22	27	47.984
22	28	31.677
22	29	13.765
22	30	9.5462
22	31	5.8105
22	32	4.9955
22	33	4.757
22	34	4.2738
22	35	2.9512
22	36	6.8466
22	37	13.728
22	38	10.099
22	39	15.429
22	40	18.945
22	41	14.345
22	42	6.6755
22	43	5.2588
22	44	5.349
22	45	5.489
22	46	4.6586
22	47	3.8068
22	48	3.5729
22	49	7.3001
22	50	10.653
22	51	8.026
22	52	17.158
22	53	14.213
22	54	18.114
22	55	9.409
22	56	12.683
22	57	11.274
22	58	11.839
22	59	13.819
22	60	7.6396
22	61	3.1962
22	62	1.6994
23	24	164.52
23	25	50.258
23	26	39.415
23	27	86.574
23	28	49.118
23	29	22.878
23	30	5.2764
23	31	4.2456
23	32	2.9185
23	33	3.3337
23	34	5.0025
23	35	2.2992
23	36	4.3922
23	37	9.4125
23	38	8.4036
23	39	8.4017
23	40	18.871
23	41	15.156
23	42	5.9795
23	43	4.3976
23	44	4.9465
23	45	4.6275
23	46	2.9475
23	47	2.225
23	48	3.3417
23	49	5.3757
23	50	8.2367
23	51	8.4625
23	52	8.6767
23	53	18.962
23	54	12.336
23	55	8.9368
23	56	5.7799
23	57	10.886
23	58	18.93
23	59	18.635
23	60	6.4562
23	61	2.494
23	62	1.3264
24	25	108.57
24	26	74.635
24	27	120.08
24	28	24.1
24	29	24.53
24	30	8.6255
24	31	7.5826
24	32	7.2014
24	33	2.93
24	34	4.3052
24	35	4.8797
24	36	9.0127
24	37	14.885
24	38	13.372
24	39	15.872
24	40	15.971
24	41	11.582
24	42	9.7957
24	43	5.8809
24	44	6.9622
24	45	4.2229
24	46	3.5975
24	47	4.4067
24	48	4.4203
24	49	8.7767
24	50	7.6838
24	51	11.393
24	52	12.436
24	53	13.112
24	54	13.279
24	55	12.279
24	56	10.973
24	57	15.212
24	58	14.401
24	59	13.356
24	60	6.9009
24	61	2.9693
24	62	5.2705
25	26	203.55
25	27	74.741
25	28	31.345
25	29	26.698
25	30	13.023
25	31	6.814
25	32	6.7567
25	33	5.1549
25	34	2.5931
25	35	5.0902
25	36	9.2387
25	37	10.91
25	38	13.539
25	39	17.336
25	40	13.669
25	41	14.794
25	42	10.085
25	43	7.7357
25	44	6.052
25	45	7.4299
25	46	4.0464
25	47	4.3099
25	48	5.4055
25	49	8.8327
25	50	14.537
25	51	10.608
25	52	17.966
25	53	7.9355
25	54	13.9
25	55	14.237
25	56	12.315
25	57	15.987
25	58	13.542
25	59	12.061
25	60	12.727
25	61	4.6468
25	62	3.0946
26	27	232.21
26	28	84.21
26	29	34.639
26	30	15.715
26	31	9.7046
26	32	5.7503
26	33	2.197
26	34	4.4749
26	35	8.7883
26	36	10.265
26	37	9.8234
26	38	16.65
26	39	22.857
26	40	15.471
26	41	18.241
26	42	11.622
26	43	7.4301
26	44	6.1965
26	45	4.7541
26	46	4.3944
26	47	4.4085
26	48	7.884
26	49	7.5299
26	50	9.3154
26	51	13.784
26	52	17.917
26	53	13.059
26	54	16.965
26	55	13.325
26	56	14.334
26	57	11.817
26	58	14.016
26	59	14.823
26	60	16.988
26	61	7.4103
26	62	7.9032
27	28	2263.9
27	29	20.961
27	30	26.348
27	31	26.348
27	32	26.348
27	33	26.348
27	34	26.348
27	35	26.348
27	36	26.348
27	37	13.389
27	38	13.389
27	39	14.18
27	40	14.18
27	41	14.18
27	42	14.18
27	43	14.18
27	44	14.18
27	45	14.18
27	46	14.18
27	47	14.18
27	48	14.18
27	49	14.18
27	50	14.18
27	51	14.18
27	52	20.303
27	53	20.303
27	54	37.532
27	55	37.532
27	56	37.532
27	57	23.025
27	58	58.811
27	59	26.585
27	60	26.585
27	61	26.585
27	62	26.585
28	29	42.345
28	30	17.962
28	31	8.2103
28	32	14.065
28	33	14.065
28	34	14.065
28	35	9.5202
28	36	9.5202
28	37	26.495
28	38	8.4275
28	39	37.58
28	40	45.77
28	41	33.222
28	42	7.5516
28	43	9.1208
28	44	15.105
28	45	15.105
28	46	6.5851
28	47	6.5851
28	48	8.0779
28	49	8.0779
28	50	10.881
28	51	12.911
28	52	52.975
28	53	57.878
28	54	33.356
28	55	39.904
28	56	6.9911
28	57	7.7133
28	58	70.734
28	59	60.055
28	60	14.329
28	61	7.1868
28	62	19.148
29	30	213.36
29	31	43.027
29	32	36.172
29	33	21.239
29	34	18.057
29	35	35.468
29	36	34.984
29	37	28.282
29	38	27.039
29	39	34.64
29	40	23.133
29	41	30.325
29	42	26.339
29	43	19.054
29	44	15.885
29	45	10.518
29	46	9.1151
29	47	10.322
29	48	13.621
29	49	20.384
29	50	12.855
29	51	27.663
29	52	28.034
29	53	15.317
29	54	24.864
29	55	30.038
29	56	28.984
29	57	19.404
29	58	22.999
29	59	15.576
29	60	23.877
29	61	11.323
29	62	2.3194
30	31	204.08
30	32	87.023
30	33	45.74
30	34	39.686
30	35	37.425
30	36	43.839
30	37	22.006
30	38	15.32
30	39	20.304
30	40	10.71
30	41	23.561
30	42	21.302
30	43	22.956
30	44	17.476
30	45	15.853
30	46	11.973
30	47	18.2
30	48	20.629
30	49	19.45
30	50	10.602
30	51	15.672
30	52	7.3729
30	53	4.8353
30	54	10.485
30	55	14.418
30	56	14.83
30	57	10.062
30	58	5.1043
30	59	3.2611
30	60	19.789
30	61	15.646
30	62	14.159
31	32	281.45
31	33	61.387
31	34	55.749
31	35	46.25
31	36	36.826
31	37	22.507
31	38	16.884
31	39	15.922
31	40	6.8606
31	41	13.364
31	42	17.831
31	43	19.685
31	44	17.014
31	45	16.65
31	46	13.238
31	47	17.768
31	48	17.971
31	49	16.8
31	50	8.1932
31	51	7.1688
31	52	7.6445
31	53	3.934
31	54	4.9273
31	55	9.8649
31	56	14.267
31	57	8.0963
31	58	5.7519
31	59	3.1863
31	60	16.044
31	61	13.03
31	62	12.939
32	33	350.25
32	34	95.36
32	35	64.771
32	36	48.33
32	37	17.263
32	38	12.002
32	39	17.302
32	40	6.3431
32	41	9.898
32	42	13.565
32	43	26.028
32	44	15.346
32	45	15.98
32	46	13.032
32	47	20.456
32	48	20.81
32	49	13.65
32	50	8.3404
32	51	9.9011
32	52	4.6615
32	53	1.6952
32	54	5.9505
32	55	8.768
32	56	12.128
32	57	7.3745
32	58	1.4029
32	59	3.2501
32	60	15.611
32	61	17.377
32	62	10.391
33	34	248.72
33	35	76.184
33	36	38.274
33	37	9.9602
33	38	9.5245
33	39	11.478
33	40	4.1427
33	41	9.0816
33	42	16.946
33	43	13.254
33	44	14.511
33	45	15.536
33	46	10.868
33	47	21.103
33	48	19.259
33	49	10.899
33	50	3.9085
33	51	10.511
33	52	2.9562
33	53	3.2296
33	54	4.1627
33	55	7.3199
33	56	11.514
33	57	5.2764
33	58	2.5006
33	59	1.3797
33	60	8.2635
33	61	13.59
33	62	15.008
34	35	164.21
34	36	72.806
34	37	16.116
34	38	10.287
34	39	12.249
34	40	4.6637
34	41	10.954
34	42	18.204
34	43	22.434
34	44	20.05
34	45	13.638
34	46	15.891
34	47	30.254
34	48	11.435
34	49	13.693
34	50	7.0088
34	51	10.003
34	52	3.697
34	53	2.8864
34	54	4.0976
34	55	9.6944
34	56	7.83
34	57	6.0459
34	58	2.5814
34	59	3.2586
34	60	10.821
34	61	11.754
34	62	14.456
35	36	285.67
35	37	33.192
35	38	18.578
35	39	26.391
35	40	3.9797
35	41	13.447
35	42	20.613
35	43	25.006
35	44	21.202
35	45	18.831
35	46	17.723
35	47	15.714
35	48	18.129
35	49	14.172
35	50	8.6533
35	51	8.8122
35	52	5.2302
35	53	4.0005
35	54	8.3971
35	55	10.042
35	56	13.084
35	57	10.625
35	58	4.1234
35	59	2.4557
35	60	12.077
35	61	15.066
35	62	14.161
36	37	155.48
36	38	65.817
36	39	55.464
36	40	10.232
36	41	21.516
36	42	32.624
36	43	28.105
36	44	22.899
36	45	20.789
36	46	16.931
36	47	19.603
36	48	25.196
36	49	16.39
36	50	16.532
36	51	16.343
36	52	7.4969
36	53	3.8227
36	54	8.9831
36	55	13.485
36	56	13.859
36	57	14.031
36	58	5.1504
36	59	3.9895
36	60	18.321
36	61	16.398
36	62	9.7818
37	38	238.49
37	39	92.364
37	40	37.309
37	41	38.159
37	42	27.945
37	43	14.211
37	44	12.875
37	45	13.017
37	46	9.2612
37	47	13.946
37	48	15.264
37	49	29.551
37	50	15.371
37	51	20.625
37	52	17.795
37	53	12.415
37	54	12.673
37	55	16.499
37	56	15.538
37	57	17.149
37	58	11.647
37	59	10.906
37	60	11.221
37	61	7.7814
37	62	7.842
38	39	157.02
38	40	40.197
38	41	46.48
38	42	35.03
38	43	17.13
38	44	17.94
38	45	12.812
38	46	13.293
38	47	11.818
38	48	9.7391
38	49	16.252
38	50	22.359
38	51	22.444
38	52	20.229
38	53	17.986
38	54	13.284
38	55	16.969
38	56	17.341
38	57	16.665
38	58	11.963
38	59	11.716
38	60	12.274
38	61	6.4203
38	62	6.8253
39	40	108.04
39	41	110.97
39	42	56.409
39	43	22.717
39	44	18.53
39	45	15.937
39	46	14.578
39	47	13.621
39	48	16.303
39	49	23.231
39	50	20.624
39	51	29.138
39	52	26.719
39	53	25.189
39	54	19.431
39	55	24.728
39	56	16.865
39	57	22.253
39	58	13.971
39	59	15.45
39	60	20.787
39	61	11.724
39	62	6.8473
40	41	139.83
40	42	23.263
40	43	10.825
40	44	9.2199
40	45	9.2842
40	46	6.3396
40	47	3.4542
40	48	5.7127
40	49	18.262
40	50	16.379
40	51	12.851
40	52	22.958
40	53	26.936
40	54	25.113
40	55	14.74
40	56	12.119
40	57	16.822
40	58	30.722
40	59	35.921
40	60	10.681
40	61	4.1982
40	62	1.8588
41	42	205.62
41	43	42.863
41	44	23.195
41	45	22.538
41	46	13.496
41	47	12.509
41	48	16.577
41	49	22.006
41	50	26.458
41	51	19.877
41	52	24.76
41	53	24.548
41	54	24.245
41	55	24.935
41	56	18.998
41	57	27.135
41	58	24.534
41	59	24.899
41	60	16.371
41	61	8.7285
41	62	8.8751
42	43	153.96
42	44	46.843
42	45	26.917
42	46	27.269
42	47	27.766
42	48	32.716
42	49	21.053
42	50	19.859
42	51	25.529
42	52	10.763
42	53	6.7894
42	54	14.904
42	55	22.409
42	56	16.703
42	57	13.624
42	58	8.2978
42	59	6.626
42	60	20.816
42	61	12.44
42	62	8.1283
43	44	178.2
43	45	71.253
43	46	45.539
43	47	47.281
43	48	30.923
43	49	25.13
43	50	19.144
43	51	15.869
43	52	15.682
43	53	7.1837
43	54	7.3707
43	55	16.969
43	56	17.543
43	57	10.998
43	58	6.3476
43	59	5.1149
43	60	17.019
43	61	15.401
43	62	19.364
44	45	242.03
44	46	81.538
44	47	52.664
44	48	38.699
44	49	24.863
44	50	13.38
44	51	15.225
44	52	8.7141
44	53	8.6171
44	54	7.9892
44	55	13.777
44	56	12.632
44	57	11.892
44	58	4.527
44	59	5.8419
44	60	14.96
44	61	17.353
44	62	12.488
45	46	277.24
45	47	102.31
45	48	46.645
45	49	28.991
45	50	14.093
45	51	14.591
45	52	12.522
45	53	6.8385
45	54	8.7264
45	55	17.879
45	56	11.679
45	57	9.1266
45	58	5.8333
45	59	4.2448
45	60	11.486
45	61	10.881
45	62	11.912
46	47	174.82
46	48	48.656
46	49	23.039
46	50	14.635
46	51	17.254
46	52	7.9439
46	53	7.5033
46	54	4.1791
46	55	11.47
46	56	12.408
46	57	9.5075
46	58	4.1679
46	59	3.5703
46	60	9.1842
46	61	8.6038
46	62	13.097
47	48	209.36
47	49	47.028
47	50	22.947
47	51	27.418
47	52	9.4456
47	53	10.314
47	54	3.789
47	55	14.39
47	56	17.326
47	57	9.1712
47	58	2.8612
47	59	2.2185
47	60	14.015
47	61	17.397
47	62	12.451
48	49	169.71
48	50	43.607
48	51	46.288
48	52	19.466
48	53	9.6764
48	54	10.836
48	55	19.403
48	56	21.774
48	57	12.742
48	58	4.0423
48	59	3.9687
48	60	17.012
48	61	15.56
48	62	14.053
49	50	182.18
49	51	102.55
49	52	48.755
49	53	21.955
49	54	28.126
49	55	32.966
49	56	31.245
49	57	25.897
49	58	10.988
49	59	10.192
49	60	16.269
49	61	10.59
49	62	8.368
50	51	355.76
50	52	139.05
50	53	54.825
50	54	50.973
50	55	30.152
50	56	30.797
50	57	23.176
50	58	17.544
50	59	13.354
50	60	12.736
50	61	7.5412
50	62	6.9685
51	52	286.32
51	53	52.437
51	54	57.585
51	55	47.898
51	56	32.397
51	57	25.237
51	58	19.224
51	59	9.5321
51	60	21.362
51	61	14.677
51	62	6.3157
52	53	196.21
52	54	141.16
52	55	52.071
52	56	29.962
52	57	32.374
52	58	32.205
52	59	19.737
52	60	20.024
52	61	5.5166
52	62	9.4263
53	54	187.08
53	55	41.41
53	56	20.998
53	57	26.549
53	58	44.686
53	59	35.635
53	60	6.8856
53	61	1.7272
53	62	3.4406
54	55	125.08
54	56	49.526
54	57	45.316
54	58	44.714
54	59	36.287
54	60	20.646
54	61	7.1657
54	62	5.4428
55	56	210.93
55	57	86.528
55	58	28.387
55	59	21.673
55	60	31.153
55	61	13.041
55	62	9.9299
56	57	204.44
56	58	30.488
56	59	24.317
56	60	38.907
56	61	19.738
56	62	13.286
57	58	85.046
57	59	56.482
57	60	48.788
57	61	13.077
57	62	9.4961
58	59	191.98
58	60	38.605
58	61	9.6886
58	62	9.0119
59	60	45.71
59	61	6.7123
59	62	6.9685
60	61	119.53
60	62	57.759
61	62	366.27
