1	2	219.25
1	3	13.489
1	4	11.705
1	5	8.6856
1	6	5.2584
1	7	6.7614
1	8	9.6923
1	9	14.459
1	10	11.792
1	11	26.94
1	12	24.071
1	13	24.932
1	14	9.4
1	15	7.4685
1	16	17.193
1	17	15.65
1	18	29.125
1	19	18.113
1	20	10.854
1	21	7.9376
1	22	0.71999
1	23	2.612
1	24	3.2368
1	25	3.9052
1	26	4.2091
1	27	3.3144
1	28	7.4323
1	29	5.6569
1	30	11.141
1	31	18.819
1	32	24.376
1	33	13.974
1	34	12.791
1	35	12.791
2	3	94.828
2	4	45.774
2	5	39.536
2	6	21.637
2	7	19.74
2	8	20.454
2	9	31.471
2	10	28.084
2	11	30.209
2	12	24.105
2	13	35.869
2	14	25.736
2	15	16.481
2	16	17.083
2	17	23.048
2	18	13.549
2	19	8.723
2	20	30.004
2	21	13.503
2	22	8.0557
2	23	7.1854
2	24	7.4493
2	25	10.009
2	26	4.0669
2	27	10.873
2	28	10.828
2	29	7.5681
2	30	15.057
2	31	22.721
2	32	10.608
2	33	5.7596
2	34	15.201
2	35	15.698
3	4	208.44
3	5	73.76
3	6	31.051
3	7	21.084
3	8	28.947
3	9	38.437
3	10	24.829
3	11	21.897
3	12	16.131
3	13	22.251
3	14	20.972
3	15	17.141
3	16	19.383
3	17	12.908
3	18	13.64
3	19	9.9309
3	20	15.351
3	21	17.024
3	22	10.537
3	23	9.2142
3	24	3.2527
3	25	9.0982
3	26	8.9965
3	27	12.111
3	28	8.9844
3	29	13.913
3	30	13.592
3	31	18.26
3	32	4.7164
3	33	3.5201
3	34	14.654
3	35	17.113
4	5	154.07
4	6	43.384
4	7	25.864
4	8	34.276
4	9	22.557
4	10	17.974
4	11	15.558
4	12	15.812
4	13	17.659
4	14	19.595
4	15	18.468
4	16	21.385
4	17	11.061
4	18	8.5277
4	19	5.8252
4	20	11.87
4	21	13.955
4	22	13.531
4	23	10.477
4	24	7.5716
4	25	6.3157
4	26	11.113
4	27	5.2831
4	28	12.551
4	29	11.421
4	30	10.086
4	31	9.6409
4	32	3.988
4	33	3.0092
4	34	10.852
4	35	15.263
5	6	144.36
5	7	45.5
5	8	48.808
5	9	33.65
5	10	17.135
5	11	16.548
5	12	9.9646
5	13	19.645
5	14	24.844
5	15	24.252
5	16	16.667
5	17	13.372
5	18	6.1566
5	19	8.3467
5	20	15.322
5	21	18.699
5	22	16.504
5	23	8.4801
5	24	9.4303
5	25	10.694
5	26	10.243
5	27	13.721
5	28	11.936
5	29	15.852
5	30	11.979
5	31	9.8385
5	32	2.7334
5	33	3.922
5	34	13.816
5	35	11.324
6	7	174.06
6	8	77.707
6	9	41.858
6	10	25.33
6	11	15.808
6	12	6.2784
6	13	16.809
6	14	25.72
6	15	21.483
6	16	15.088
6	17	5.3838
6	18	7.4333
6	19	10.089
6	20	18.506
6	21	13.653
6	22	13.59
6	23	10.255
6	24	9.9797
6	25	13.661
6	26	14.825
6	27	10.737
6	28	10.939
6	29	6.6722
6	30	13.087
6	31	6.9799
6	32	5.5141
6	33	1.2672
6	34	7.9416
6	35	9.4799
7	8	135.78
7	9	45.037
7	10	16.816
7	11	13.955
7	12	11.057
7	13	14.013
7	14	13.523
7	15	12.624
7	16	12.996
7	17	5.8074
7	18	6.7221
7	19	4.0152
7	20	9.5032
7	21	10.976
7	22	8.3796
7	23	6.2587
7	24	8.4706
7	25	8.5627
7	26	6.9842
7	27	7.1067
7	28	8.8282
7	29	10.565
7	30	7.6787
7	31	6.9361
7	32	3.098
7	33	2.6702
7	34	5.2966
7	35	5.9483
8	9	143.97
8	10	29.76
8	11	27.257
8	12	10.99
8	13	25.015
8	14	23.075
8	15	17.515
8	16	14.755
8	17	11.286
8	18	8.834
8	19	5.9
8	20	11.783
8	21	12.999
8	22	9.9737
8	23	9.1826
8	24	6.74
8	25	10.31
8	26	9.57
8	27	12.662
8	28	10.26
8	29	13.126
8	30	12.973
8	31	8.3592
8	32	3.3959
8	33	2.1456
8	34	9.5386
8	35	8.4607
9	10	157.24
9	11	67.465
9	12	41.055
9	13	40.765
9	14	41.37
9	15	24.163
9	16	24.672
9	17	19.851
9	18	14.573
9	19	13.453
9	20	20.429
9	21	15.636
9	22	13.363
9	23	7.2547
9	24	10.459
9	25	8.9383
9	26	11.644
9	27	11.134
9	28	15.137
9	29	15.742
9	30	18.757
9	31	19.712
9	32	10.396
9	33	5.9845
9	34	17.443
9	35	18.276
10	11	179.38
10	12	77.287
10	13	60.042
10	14	30.346
10	15	27.891
10	16	20.661
10	17	33.128
10	18	21.607
10	19	21.996
10	20	18.291
10	21	9.0421
10	22	8.3376
10	23	4.2726
10	24	6.2398
10	25	7.2832
10	26	5.5234
10	27	7.2696
10	28	14.595
10	29	11.909
10	30	12.569
10	31	15.911
10	32	12.263
10	33	8.4981
10	34	17.228
10	35	10.095
11	12	232.36
11	13	104.02
11	14	35.023
11	15	24.354
11	16	25.713
11	17	37.52
11	18	31.588
11	19	26.049
11	20	20.861
11	21	11.254
11	22	6.1394
11	23	4.9365
11	24	7.7318
11	25	6.8654
11	26	5.9434
11	27	7.9457
11	28	9.75
11	29	16.07
11	30	12.708
11	31	20.321
11	32	20.557
11	33	16.062
11	34	19.713
11	35	7.037
12	13	170.18
12	14	36.919
12	15	26.436
12	16	30.205
12	17	37.494
12	18	27.999
12	19	25.918
12	20	19.174
12	21	5.8118
12	22	5.1852
12	23	4.5167
12	24	3.2227
12	25	2.0576
12	26	2.9266
12	27	5.2995
12	28	10.68
12	29	9.3322
12	30	7.9402
12	31	17.014
12	32	24.898
12	33	24.972
12	34	17.056
12	35	7.1865
13	14	192.82
13	15	70.795
13	16	64.8
13	17	42.783
13	18	33.821
13	19	24.604
13	20	25.783
13	21	16.579
13	22	14.247
13	23	9.6281
13	24	6.5997
13	25	6.0334
13	26	10.344
13	27	10.131
13	28	16.889
13	29	18.964
13	30	13.449
13	31	22.771
13	32	11.674
13	33	7.5475
13	34	19.07
13	35	21.919
14	15	260.11
14	16	77.305
14	17	30.759
14	18	13.907
14	19	17.218
14	20	24.773
14	21	21.968
14	22	19.198
14	23	15.454
14	24	11.316
14	25	10.844
14	26	14.687
14	27	16.649
14	28	20.482
14	29	18.857
14	30	18.555
14	31	18.902
14	32	6.4184
14	33	3.0188
14	34	11.285
14	35	17.57
15	16	174.61
15	17	42.776
15	18	23.411
15	19	20.347
15	20	28.487
15	21	25.684
15	22	21.267
15	23	14.282
15	24	11.722
15	25	11.013
15	26	13.678
15	27	18.864
15	28	20.221
15	29	13.738
15	30	20.123
15	31	14.312
15	32	6.274
15	33	4.4161
15	34	9.8014
15	35	15.381
16	17	193.9
16	18	62.788
16	19	43.604
16	20	54.153
16	21	33.641
16	22	17.967
16	23	10.014
16	24	10.074
16	25	8.6701
16	26	12.045
16	27	17.489
16	28	17.105
16	29	17.654
16	30	19.073
16	31	22.094
16	32	10.186
16	33	6.9813
16	34	20.472
16	35	11.191
17	18	150.32
17	19	92.648
17	20	58.467
17	21	17.363
17	22	11.526
17	23	7.1392
17	24	5.9723
17	25	11.691
17	26	3.8674
17	27	8.1638
17	28	14.637
17	29	16.551
17	30	16.996
17	31	21.779
17	32	18.966
17	33	17.038
17	34	18.122
17	35	13.292
18	19	196.34
18	20	72.413
18	21	21.653
18	22	14.263
18	23	8.7947
18	24	8.185
18	25	7.8764
18	26	3.8095
18	27	8.0458
18	28	14.731
18	29	13.734
18	30	17.093
18	31	19.494
18	32	25.291
18	33	19.645
18	34	17.588
18	35	4.3691
19	20	133.01
19	21	36.045
19	22	14.108
19	23	7.0182
19	24	7.149
19	25	7.4828
19	26	8.4585
19	27	7.0078
19	28	14.276
19	29	17.392
19	30	14.394
19	31	20.66
19	32	16.314
19	33	18.637
19	34	18.892
19	35	7.6157
20	21	192.96
20	22	48.333
20	23	18.809
20	24	17.456
20	25	15.944
20	26	17.098
20	27	15.725
20	28	21.633
20	29	27.483
20	30	21.048
20	31	20.323
20	32	13.768
20	33	11.409
20	34	21.025
20	35	21.39
21	22	196.9
21	23	42.505
21	24	30.47
21	25	29.5
21	26	21.276
21	27	27.161
21	28	22.993
21	29	19.184
21	30	19.605
21	31	18.061
21	32	5.9306
21	33	2.5592
21	34	11.835
21	35	21.895
22	23	229.35
22	24	64.772
22	25	48.286
22	26	45.651
22	27	27.422
22	28	19.027
22	29	16.539
22	30	14.638
22	31	10.166
22	32	4.2423
22	33	3.4819
22	34	8.5002
22	35	13.897
23	24	283.28
23	25	99.181
23	26	57.939
23	27	28.552
23	28	15.697
23	29	12.194
23	30	13.347
23	31	9.0035
23	32	2.195
23	33	4.2065
23	34	7.2198
23	35	17.515
24	25	285.98
24	26	57.464
24	27	32.425
24	28	20.189
24	29	16.156
24	30	14.381
24	31	8.5851
24	32	4.0711
24	33	3.5053
24	34	6.4272
24	35	8.4238
25	26	281.97
25	27	60.849
25	28	22.365
25	29	18.424
25	30	13.805
25	31	9.2812
25	32	2.536
25	33	2.4957
25	34	9.0476
25	35	12.416
26	27	285.71
26	28	35.076
26	29	23.086
26	30	13.111
26	31	9.8855
26	32	4.1231
26	33	2.29
26	34	8.3839
26	35	11.836
27	28	144.43
27	29	56.719
27	30	28.924
27	31	22.315
27	32	4.4136
27	33	4.2009
27	34	11.877
27	35	16.621
28	29	215.31
28	30	73.603
28	31	31.407
28	32	11.239
28	33	8.7865
28	34	19.414
28	35	13.733
29	30	155.11
29	31	40.576
29	32	16.058
29	33	18.107
29	34	26.617
29	35	23.897
30	31	168.9
30	32	25.602
30	33	16.068
30	34	33.308
30	35	31.087
31	32	85.961
31	33	51.572
31	34	73.601
31	35	35.15
32	33	179.15
32	34	72.252
32	35	17.599
33	34	88.519
33	35	14.634
34	35	223.75
