1	2	240.79
1	3	97.098
1	4	54.28
1	5	47.577
1	6	33.499
1	7	47.348
1	8	25.46
1	9	13.237
1	10	20.79
1	11	18.792
1	12	14.955
1	13	10.96
1	14	17.193
1	15	9.0303
1	16	30.51
1	17	12.811
1	18	11.377
1	19	15.406
1	20	14.284
1	21	17.54
1	22	16.555
1	23	15.957
1	24	10.086
1	25	13.671
1	26	8.7158
1	27	15.236
1	28	17.539
1	29	9.82
1	30	9.1354
1	31	5.0876
1	32	9.7223
1	33	11.715
1	34	16.642
1	35	11.526
1	36	11.802
1	37	12.365
1	38	14.577
1	39	14.578
1	40	14.578
1	41	14.578
1	42	14.578
1	43	14.578
1	44	14.578
1	45	54.352
1	46	54.352
1	47	12.438
1	48	4.8034
1	49	4.9259
1	50	4.0903
1	51	7.2845
1	52	2.4539
1	53	7.6784
1	54	7.8437
1	55	8.1877
1	56	8.753
1	57	1.8397
1	58	4.365
1	59	2.4018
1	60	5.1784
1	61	4.1965
1	62	6.8683
1	63	9.1871
1	64	7.8756
1	65	6.0817
1	66	8.6524
1	67	6.4236
1	68	6.6581
1	69	3.8297
1	70	7.9451
1	71	8.9197
1	72	5.0022
1	73	4.996
1	74	9.6098
1	75	8.2141
1	76	7.1491
1	77	7.2142
1	78	6.8883
1	79	4.2384
1	80	8.3176
1	81	3.9725
1	82	2.452
1	83	8.5493
1	84	7.7433
1	85	7.4785
1	86	6.1433
1	87	4.4037
1	88	6.7439
1	89	7.2666
1	90	4.2468
1	91	8.9107
1	92	5.3516
1	93	4.701
1	94	6.9041
1	95	5.4917
1	96	4.4098
1	97	4.2842
1	98	4.8277
1	99	4.8014
1	100	6.0775
1	101	7.894
1	102	4.3219
1	103	7.0819
1	104	3.5469
1	105	2.8035
1	106	2.9664
1	107	1.4565
1	108	0.63663
1	109	3.6873
1	110	4.9453
1	111	1.7691
1	112	2.6779
1	113	3.5414
1	114	2.8472
1	115	3.5299
1	116	1.7358
1	117	6.8549
2	3	272.97
2	4	81.475
2	5	56.157
2	6	26.618
2	7	34.072
2	8	36.566
2	9	29.959
2	10	31.898
2	11	14.454
2	12	19.602
2	13	20.645
2	14	10.044
2	15	21.078
2	16	20.789
2	17	11.225
2	18	10.261
2	19	11.502
2	20	10.068
2	21	13.254
2	22	12.485
2	23	13.133
2	24	14.409
2	25	16.303
2	26	10.648
2	27	13.365
2	28	10.882
2	29	11.463
2	30	10.316
2	31	7.2708
2	32	13.03
2	33	9.5192
2	34	12.976
2	35	8.0058
2	36	7.7752
2	37	9.5389
2	38	7.9054
2	39	11.883
2	40	11.883
2	41	11.883
2	42	11.883
2	43	11.883
2	44	11.883
2	45	11.883
2	46	11.883
2	47	7.2949
2	48	7.3263
2	49	2.7924
2	50	5.8009
2	51	5.9266
2	52	1.7602
2	53	2.343
2	54	3.7008
2	55	3.8415
2	56	6.9756
2	57	2.6041
2	58	3.7145
2	59	0.85729
2	60	3.6652
2	61	4.7457
2	62	6.0242
2	63	6.4391
2	64	5.5358
2	65	4.279
2	66	5.5346
2	67	8.9588
2	68	4.6041
2	69	6.2422
2	70	3.8857
2	71	6.66
2	72	3.0797
2	73	4.2037
2	74	4.0246
2	75	6.5888
2	76	5.9742
2	77	5.6612
2	78	5.9282
2	79	2.251
2	80	1.4792
2	81	2.8352
2	82	5.268
2	83	2.6813
2	84	3.6514
2	85	3.1639
2	86	3.7713
2	87	2.0596
2	88	4.7174
2	89	3.6782
2	90	6.0111
2	91	4.1836
2	92	4.0677
2	93	2.5399
2	94	1.8349
2	95	2.1369
2	96	0.62362
2	97	1.5299
2	98	4.8453
2	99	5.5983
2	100	5.477
2	101	3.0817
2	102	2.0072
2	103	2.1865
2	104	2.9644
2	105	1.5506
2	106	2.048
2	107	2.0114
2	108	0.8784
2	109	1.6943
2	110	0.98128
2	111	1.2229
2	112	3.3725
2	113	1.8217
2	114	2.2357
2	115	1.3852
2	116	2.3908
2	117	4.7167
3	4	193.79
3	5	113.4
3	6	52.497
3	7	35.169
3	8	42.41
3	9	28.659
3	10	31.883
3	11	25.714
3	12	12.259
3	13	10.49
3	14	15.391
3	15	26.067
3	16	15.172
3	17	16.34
3	18	9.4424
3	19	13.657
3	20	17.326
3	21	20.881
3	22	18.9
3	23	16.862
3	24	14.299
3	25	13.94
3	26	11.397
3	27	16.988
3	28	15.838
3	29	14.108
3	30	14.002
3	31	8.7464
3	32	13.928
3	33	16.393
3	34	14.018
3	35	11.912
3	36	7.4791
3	37	8.2613
3	38	7.9324
3	39	6.4385
3	40	6.4385
3	41	6.4385
3	42	6.4385
3	43	6.4385
3	44	6.4385
3	45	41.225
3	46	41.225
3	47	3.1402
3	48	6.0663
3	49	8.9908
3	50	7.002
3	51	3.1735
3	52	3.7575
3	53	2.5085
3	54	3.9743
3	55	3.4449
3	56	2.4951
3	57	3.4953
3	58	4.6495
3	59	0.91682
3	60	2.3604
3	61	1.2751
3	62	5.1949
3	63	7.9379
3	64	8.9424
3	65	4.031
3	66	5.4351
3	67	5.8094
3	68	4.2263
3	69	6.2604
3	70	0.59917
3	71	3.0916
3	72	3.3373
3	73	7.5514
3	74	7.2463
3	75	7.9844
3	76	4.8448
3	77	3.2493
3	78	5.2207
3	79	2.4163
3	80	6.3396
3	81	3.0324
3	82	4.6895
3	83	5.7639
3	84	1.3072
3	85	5.107
3	86	6.9685
3	87	4.9968
3	88	5.0915
3	89	4.7368
3	90	6.454
3	91	4.5009
3	92	5.6157
3	93	4.7138
3	94	2.6261
3	95	5.5336
3	96	3.35
3	97	4.0905
3	98	8.353
3	99	4.2283
3	100	2.7377
3	101	5.9745
3	102	0.54231
3	103	4.1402
3	104	3.7391
3	105	3.3623
3	106	3.3623
3	107	2.1803
3	108	2.3821
3	109	0.91959
3	110	1.5928
3	111	0.88403
3	112	2.6663
3	113	0.66068
3	114	2.7343
3	115	0.75251
3	116	1.2975
3	117	5.1241
4	5	293.79
4	6	77.974
4	7	44.812
4	8	33.924
4	9	43.45
4	10	26.293
4	11	16.963
4	12	13.225
4	13	11.084
4	14	10.728
4	15	23.83
4	16	17.665
4	17	15.97
4	18	11.892
4	19	21.872
4	20	12.486
4	21	15.555
4	22	10.979
4	23	18.597
4	24	11.527
4	25	4.0919
4	26	9.9663
4	27	5.2134
4	28	13.511
4	29	11.069
4	30	9.4123
4	31	11.378
4	32	13.037
4	33	10.256
4	34	12.62
4	35	14.126
4	36	9.5768
4	37	12.895
4	38	11.134
4	39	9.4888
4	40	9.4888
4	41	9.4888
4	42	9.4888
4	43	9.4888
4	44	9.4888
4	45	9.4888
4	46	9.4888
4	47	3.6145
4	48	2.7952
4	49	6.9571
4	50	3.6146
4	51	5.5506
4	52	6.6175
4	53	6.8115
4	54	4.6083
4	55	3.1698
4	56	7.7055
4	57	2.4304
4	58	3.8605
4	59	5.3532
4	60	0.91051
4	61	2.9572
4	62	3.7313
4	63	1.7104
4	64	4.2878
4	65	4.6438
4	66	6.8237
4	67	3.3161
4	68	5.2278
4	69	6.6189
4	70	3.4188
4	71	2.3373
4	72	4.7306
4	73	6.919
4	74	3.8655
4	75	2.034
4	76	4.9065
4	77	6.1465
4	78	7.3629
4	79	6.5343
4	80	1.8479
4	81	1.8479
4	82	3.3016
4	83	4.1552
4	84	2.2727
4	85	5.916
4	86	5.3351
4	87	3.8328
4	88	4.082
4	89	5.4958
4	90	6.5364
4	91	3.454
4	92	4.0807
4	93	3.5768
4	94	3.0502
4	95	3.7065
4	96	3.1059
4	97	2.8707
4	98	4.8082
4	99	4.8367
4	100	4.6487
4	101	3.8166
4	102	3.0866
4	103	4.0285
4	104	1.2174
4	105	2.3747
4	106	2.5024
4	107	0.61287
4	108	1.0725
4	109	1.5526
4	110	4.816
4	111	1.4984
4	112	1.1237
4	113	3.3394
4	114	1.7088
4	115	0.84407
4	116	2.4329
4	117	2.8825
5	6	438.26
5	7	108.95
5	8	44.277
5	9	14.006
5	10	25.891
5	11	20.498
5	12	8.7378
5	13	19.755
5	14	11.094
5	15	20.544
5	16	38.122
5	17	14.11
5	18	6.9789
5	19	11.538
5	20	19.23
5	21	25.932
5	22	15.717
5	23	10.382
5	24	7.319
5	25	3.8591
5	26	6.3158
5	27	10.9
5	28	12.947
5	29	3.1243
5	30	8.8605
5	31	7.5367
5	32	12.346
5	33	12.125
5	34	16.388
5	35	19.252
5	36	7.7875
5	37	20.654
5	38	12.2
5	39	22.184
5	40	22.184
5	41	22.184
5	42	22.184
5	43	22.184
5	44	22.184
5	45	22.184
5	46	22.184
5	47	7.8414
5	48	5.3848
5	49	4.1536
5	50	6.0386
5	51	4.3963
5	52	2.0812
5	53	8.3431
5	54	3.6723
5	55	3.8236
5	56	5.5346
5	57	2.3258
5	58	2.2086
5	59	2.032
5	60	0.87297
5	61	2.8276
5	62	4.3248
5	63	4.9559
5	64	7.4437
5	65	1.2781
5	66	4.2255
5	67	3.2257
5	68	4.2692
5	69	3.7426
5	70	4.658
5	71	5.1522
5	72	4.1711
5	73	3.3538
5	74	5.9009
5	75	7.8798
5	76	2.9896
5	77	5.2153
5	78	5.148
5	79	5.148
5	80	1.7565
5	81	2.241
5	82	1.0389
5	83	3.9975
5	84	5.7989
5	85	4.4041
5	86	2.5785
5	87	3.6967
5	88	11.871
5	89	5.2524
5	90	7.1591
5	91	4.9953
5	92	1.3378
5	93	3.0544
5	94	4.3667
5	95	3.5828
5	96	6.6882
5	97	2.7193
5	98	4.0555
5	99	6.7085
5	100	3.55
5	101	3.6833
5	102	4.8201
5	103	5.257
5	104	3.56
5	105	1.8686
5	106	3.4566
5	107	0.60599
5	108	1.589
5	109	3.0667
5	110	4.7193
5	111	2.4565
5	112	1.8522
5	113	2.9374
5	114	2.026
5	115	1.6724
5	116	3.3638
5	117	5.6956
6	7	269.27
6	8	37.058
6	9	9.9043
6	10	30.082
6	11	15.759
6	12	8.1825
6	13	11.111
6	14	8.091
6	15	17.592
6	16	37.886
6	17	13.314
6	18	7.3523
6	19	9.8598
6	20	18.461
6	21	30.29
6	22	9.1994
6	23	9.8835
6	24	2.5772
6	25	2.0491
6	26	6.6735
6	27	14.666
6	28	12.639
6	29	1.1085
6	30	5.8924
6	31	3.4221
6	32	14.167
6	33	9.5314
6	34	32.315
6	35	15.546
6	36	13.442
6	37	15.418
6	38	19.69
6	39	17.733
6	40	17.733
6	41	17.733
6	42	17.733
6	43	17.733
6	44	17.733
6	45	17.733
6	46	17.733
6	47	8.2038
6	48	8.4545
6	49	1.7493
6	50	5.4516
6	51	11.15
6	52	1.1054
6	53	6.8495
6	54	3.0905
6	55	4.7981
6	56	1.9394
6	57	0.8152
6	58	3.1047
6	59	2.1502
6	60	2.7513
6	61	2.7513
6	62	5.2687
6	63	5.1746
6	64	0.86457
6	65	5.3497
6	66	8.15
6	67	6.1421
6	68	5.7268
6	69	5.0086
6	70	2.7644
6	71	7.6816
6	72	5.7381
6	73	6.9884
6	74	7.2508
6	75	9.2416
6	76	4.9589
6	77	4.9727
6	78	10.787
6	79	6.5751
6	80	1.8555
6	81	1.1847
6	82	1.1029
6	83	4.1886
6	84	2.2862
6	85	1.9832
6	86	7.4031
6	87	5.7948
6	88	4.7104
6	89	3.6861
6	90	8.4627
6	91	8.7084
6	92	4.1326
6	93	4.5182
6	94	1.5333
6	95	3.7389
6	96	2.3436
6	97	1.9207
6	98	1.8178
6	99	4.1875
6	100	4.7077
6	101	3.8484
6	102	4.994
6	103	4.0741
6	104	4.9197
6	105	1.9239
6	106	4.0573
6	107	3.1082
6	108	2.1747
6	109	2.6223
6	110	4.2661
6	111	2.023
6	112	1.5167
6	113	1.8775
6	114	2.0752
6	115	2.5633
6	116	3.4471
6	117	3.4471
7	8	165.22
7	9	47.449
7	10	48.113
7	11	19.295
7	12	20.302
7	13	16.219
7	14	10.194
7	15	18.174
7	16	33.508
7	17	26.723
7	18	16.497
7	19	11.482
7	20	16.739
7	21	28.59
7	22	28.688
7	23	15.515
7	24	6.0785
7	25	4.8064
7	26	12.584
7	27	14.807
7	28	17.495
7	29	2.0765
7	30	6.626
7	31	5.3641
7	32	13.329
7	33	12.06
7	34	19.549
7	35	23.914
7	36	12.382
7	37	14.82
7	38	18.861
7	39	16.345
7	40	16.345
7	41	16.345
7	42	16.345
7	43	16.345
7	44	16.345
7	45	91.08
7	46	91.08
7	47	13.002
7	48	2.0088
7	49	4.9615
7	50	3.435
7	51	7.8814
7	52	3.112
7	53	4.6168
7	54	0.73097
7	55	8.3688
7	56	8.2653
7	57	4.6298
7	58	6.5959
7	59	2.0246
7	60	1.7378
7	61	2.1102
7	62	4.3
7	63	5.4742
7	64	7.4027
7	65	4.4494
7	66	4.7999
7	67	6.4114
7	68	5.5101
7	69	5.3137
7	70	3.308
7	71	5.119
7	72	4.6037
7	73	7.5056
7	74	2.1325
7	75	3.9188
7	76	8.3188
7	77	5.9752
7	78	7.6812
7	79	7.1145
7	80	6.1222
7	81	1.1164
7	82	2.0706
7	83	4.7738
7	84	5.7709
7	85	4.3807
7	86	1.9231
7	87	6.1256
7	88	6.7425
7	89	3.4861
7	90	8.0172
7	91	1.6567
7	92	4.4275
7	93	3.0343
7	94	2.1733
7	95	1.0175
7	96	2.958
7	97	2.958
7	98	2.8805
7	99	7.336
7	100	3.0228
7	101	5.1292
7	102	5.3894
7	103	3.2652
7	104	3.5377
7	105	3.2476
7	106	1.9621
7	107	0.60217
7	108	1.5783
7	109	2.0307
7	110	1.1725
7	111	2.9277
7	112	0.73566
7	113	0.729
7	114	2.3467
7	115	0.41535
7	116	3.3423
7	117	2.8282
8	9	271.44
8	10	140.82
8	11	47.673
8	12	35.464
8	13	46.623
8	14	31.881
8	15	31.615
8	16	31.474
8	17	20.987
8	18	18.514
8	19	24.463
8	20	20.342
8	21	10.234
8	22	20.025
8	23	18.562
8	24	15.573
8	25	15.636
8	26	12.54
8	27	17.71
8	28	19.617
8	29	8.0082
8	30	11.355
8	31	7.3401
8	32	20.164
8	33	14.111
8	34	7.5931
8	35	6.5752
8	36	8.2991
8	37	4.8227
8	38	7.9921
8	39	10.216
8	40	10.216
8	41	10.216
8	42	10.216
8	43	10.216
8	44	10.216
8	45	10.216
8	46	10.216
8	47	6.6328
8	48	6.833
8	49	4.936
8	50	5.1263
8	51	7.48
8	52	3.5524
8	53	7.8838
8	54	7.4768
8	55	6.4678
8	56	3.1305
8	57	5.2608
8	58	5.6279
8	59	6.9217
8	60	2.9609
8	61	4.7957
8	62	5.4801
8	63	4.6499
8	64	4.1957
8	65	4.3238
8	66	3.0516
8	67	2.2643
8	68	3.5841
8	69	4.9594
8	70	3.3654
8	71	4.8104
8	72	3.1152
8	73	2.8315
8	74	3.6171
8	75	3.3276
8	76	3.0201
8	77	3.3692
8	78	2.1786
8	79	6.062
8	80	3.7346
8	81	2.8616
8	82	5.3176
8	83	3.3849
8	84	4.3035
8	85	4.2648
8	86	5.4445
8	87	4.6853
8	88	1.4306
8	89	2.972
8	90	3.794
8	91	3.5214
8	92	2.6183
8	93	2.936
8	94	3.0892
8	95	3.0247
8	96	2.5204
8	97	6.1778
8	98	3.9178
8	99	4.5261
8	100	0.42588
8	101	3.114
8	102	1.5215
8	103	1.5215
8	104	0.49956
8	105	1.176
8	106	1.2423
8	107	3.5569
8	108	0.88808
8	109	0.85674
8	110	1.4878
8	111	0.41225
8	112	0.93062
8	113	0.92185
8	114	1.9796
8	115	0.35021
8	116	1.2088
8	117	2.3857
9	10	268.09
9	11	62.168
9	12	44.974
9	13	34.255
9	14	40.526
9	15	42.058
9	16	24.768
9	17	15.987
9	18	20.241
9	19	14.994
9	20	24.721
9	21	13.983
9	22	17.191
9	23	18.197
9	24	12.746
9	25	21.643
9	26	13.495
9	27	13.863
9	28	17.022
9	29	19.739
9	30	15.733
9	31	18.965
9	32	12.062
9	33	12.168
9	34	2.7563
9	35	4.0103
9	36	3.483
9	37	3.191
9	38	3.7991
9	39	6.3537
9	40	6.3537
9	41	6.3537
9	42	6.3537
9	43	6.3537
9	44	6.3537
9	45	6.3537
9	46	6.3537
9	47	6.95
9	48	5.3789
9	49	2.8825
9	50	4.995
9	51	3.0754
9	52	7.3647
9	53	3.2296
9	54	4.2407
9	55	1.7402
9	56	6.374
9	57	2.682
9	58	4.2712
9	59	9.5007
9	60	3.0108
9	61	3.2665
9	62	1.6385
9	63	6.8874
9	64	3.7687
9	65	2.9181
9	66	2.7122
9	67	4.229
9	68	2.8447
9	69	2.4175
9	70	2.241
9	71	1.9074
9	72	2.059
9	73	0.94692
9	74	1.2082
9	75	3.3428
9	76	2.6776
9	77	3.1236
9	78	2.9474
9	79	1.0302
9	80	6.1446
9	81	2.6152
9	82	3.674
9	83	2.7422
9	84	9.1992
9	85	3.6295
9	86	0.7319
9	87	2.1056
9	88	1.2777
9	89	3.0357
9	90	3.089
9	91	3.089
9	92	1.9691
9	93	1.4637
9	94	4.2152
9	95	1.7434
9	96	4.2847
9	97	1.0625
9	98	3.3032
9	99	0.75598
9	100	2.2454
9	101	1.6763
9	102	0.67321
9	103	0.67321
9	104	0.66431
9	105	1.0311
9	106	1.0842
9	107	0.66292
9	108	0.66292
9	109	0.56039
9	110	0.65489
9	111	0.54209
9	112	1.2155
9	113	0.80246
9	114	1.8495
9	115	0.91174
9	116	1.0532
9	117	1.0532
10	11	139.7
10	12	73.961
10	13	73.172
10	14	48.795
10	15	34.328
10	16	34.656
10	17	22.025
10	18	25.659
10	19	23.197
10	20	19.623
10	21	29.967
10	22	19.197
10	23	12.311
10	24	14.321
10	25	5.8048
10	26	12.437
10	27	14.647
10	28	20.135
10	29	18.862
10	30	23.369
10	31	16.065
10	32	22.971
10	33	20.861
10	34	3.4542
10	35	5.846
10	36	4.3645
10	37	7.1845
10	38	9.5267
10	39	12.911
10	40	12.911
10	41	12.911
10	42	12.911
10	43	12.911
10	44	12.911
10	45	65.437
10	46	65.437
10	47	5.0016
10	48	2.9057
10	49	4.8647
10	50	1.2647
10	51	3.9003
10	52	7.8058
10	53	2.7254
10	54	4.2925
10	55	6.571
10	56	1.3414
10	57	6.783
10	58	5.4123
10	59	6.024
10	60	2.5338
10	61	7.238
10	62	2.0638
10	63	1.5783
10	64	2.3741
10	65	2.7592
10	66	4.2522
10	67	3.0329
10	68	0.59361
10	69	3.0413
10	70	2.8084
10	71	0.79487
10	72	4.5069
10	73	1.1888
10	74	2.2768
10	75	1.3993
10	76	1.6781
10	77	1.6765
10	78	2.7905
10	79	1.3019
10	80	6.4964
10	81	1.6571
10	82	1.5582
10	83	3.4553
10	84	3.1736
10	85	7.3556
10	86	5.5273
10	87	3.5413
10	88	3.2132
10	89	1.28
10	90	2.6004
10	91	2.3882
10	92	1.2293
10	93	1.2234
10	94	7.4753
10	95	3.6607
10	96	4.3368
10	97	4.0489
10	98	1.6663
10	99	3.7961
10	100	1.4013
10	101	1.4013
10	102	0.84267
10	103	1.8275
10	104	1.6653
10	105	1.2865
10	106	2.0241
10	107	2.0241
10	108	0.72222
10	109	0.6975
10	110	0.81801
10	111	1.353
10	112	1.353
10	113	1.353
10	114	1.8435
10	115	1.8435
10	116	1.8435
10	117	1.8435
11	12	216.16
11	13	151.99
11	14	72.644
11	15	63.198
11	16	27.179
11	17	29.621
11	18	24.803
11	19	20.385
11	20	10.05
11	21	21.104
11	22	32.202
11	23	17.883
11	24	15.636
11	25	25.27
11	26	27.099
11	27	29.785
11	28	35.117
11	29	18.274
11	30	29.118
11	31	7.7758
11	32	16.316
11	33	11.668
11	34	3.3383
11	35	4.8415
11	36	2.1066
11	37	4.6258
11	38	3.6819
11	39	8.6296
11	40	8.6296
11	41	8.6296
11	42	97.741
11	43	97.741
11	44	97.741
11	45	97.741
11	46	97.741
11	47	4.8378
11	48	9.3661
11	49	3.5289
11	50	9.7877
11	51	6.2913
11	52	1.513
11	53	3.9602
11	54	3.1132
11	55	4.2379
11	56	3.8956
11	57	5.4675
11	58	3.1397
11	59	5.8351
11	60	3.6794
11	61	6.9936
11	62	6.9798
11	63	6.8584
11	64	2.295
11	65	4.4457
11	66	7.3949
11	67	2.9291
11	68	2.8618
11	69	3.6693
11	70	3.6199
11	71	3.0689
11	72	4.3474
11	73	1.1499
11	74	1.4658
11	75	2.707
11	76	0.81039
11	77	1.078
11	78	0.89892
11	79	5.0388
11	80	6.2843
11	81	4.8171
11	82	3.0177
11	83	4.459
11	84	1.0227
11	85	2.663
11	86	3.5615
11	87	1.7099
11	88	4.6557
11	89	2.4768
11	90	2.4768
11	91	3.4664
11	92	1.7795
11	93	5.312
11	94	4.1306
11	95	2.1211
11	96	1.0482
11	97	2.6137
11	98	1.6102
11	99	2.7522
11	100	0.67691
11	101	1.0202
11	102	0.81443
11	103	0.88253
11	104	0.80423
11	105	1.2418
11	106	1.2418
11	107	1.2418
11	108	1.2418
11	109	0.67312
11	110	0.67312
11	111	0.67312
11	112	1.9439
11	113	1.9244
11	114	0.88799
11	115	0.5457
11	116	1.2634
11	117	1.2634
12	13	236.65
12	14	85.705
12	15	61.706
12	16	24.168
12	17	31.012
12	18	34.446
12	19	30.143
12	20	11.425
12	21	7.7603
12	22	24.007
12	23	12.46
12	24	27.73
12	25	18.618
12	26	26.497
12	27	32.088
12	28	17.634
12	29	25.159
12	30	28.075
12	31	18.125
12	32	13.601
12	33	13.53
12	34	2.8939
12	35	1.4101
12	36	2.4412
12	37	3.3642
12	38	1.5958
12	39	5.0306
12	40	5.0306
12	41	5.0306
12	42	5.0306
12	43	5.0306
12	44	5.0306
12	45	54.233
12	46	54.233
12	47	4.1364
12	48	3.9974
12	49	4.9637
12	50	1.0313
12	51	5.2726
12	52	5.0159
12	53	6.6582
12	54	1.7541
12	55	7.255
12	56	7.255
12	57	1.8501
12	58	3.5249
12	59	8.5361
12	60	4.1605
12	61	5.0659
12	62	5.1266
12	63	1.9587
12	64	3.9249
12	65	1.518
12	66	2.1338
12	67	1.9011
12	68	1.0008
12	69	3.1601
12	70	3.1349
12	71	2.0118
12	72	2.1716
12	73	1.981
12	74	1.2661
12	75	3.4927
12	76	1.4068
12	77	1.4118
12	78	1.5308
12	79	5.3284
12	80	2.1065
12	81	6.7182
12	82	5.0074
12	83	2.8499
12	84	6.9214
12	85	1.5025
12	86	3.8186
12	87	0.73128
12	88	0.66825
12	89	2.0915
12	90	2.0915
12	91	1.9754
12	92	2.0842
12	93	2.0842
12	94	3.4818
12	95	3.0326
12	96	1.7739
12	97	1.0898
12	98	1.3758
12	99	3.1666
12	100	3.1666
12	101	0.8734
12	102	0.70802
12	103	1.5405
12	104	2.0937
12	105	0.54563
12	106	0.57499
12	107	0.57499
12	108	0.61636
12	109	0.59484
12	110	0.59484
12	111	0.57378
12	112	0.43046
12	113	0.43046
12	114	1.9638
12	115	1.9638
12	116	1.9638
12	117	1.9638
13	14	157.68
13	15	80.793
13	16	58.427
13	17	46.437
13	18	32.84
13	19	20.781
13	20	23.939
13	21	21.443
13	22	17.639
13	23	19.654
13	24	45.759
13	25	21.341
13	26	38.205
13	27	37.434
13	28	18.525
13	29	18.471
13	30	21.252
13	31	15.766
13	32	13.529
13	33	10.838
13	34	2.2837
13	35	3.3193
13	36	2.8878
13	37	4.7584
13	38	5.6694
13	39	7.8987
13	40	7.8987
13	41	7.8987
13	42	7.8987
13	43	7.8987
13	44	7.8987
13	45	64.642
13	46	64.642
13	47	4.9426
13	48	4.7841
13	49	8.3852
13	50	2.4906
13	51	1.2782
13	52	7.6503
13	53	6.7022
13	54	6.345
13	55	5.4123
13	56	6.6109
13	57	7.7993
13	58	7.4589
13	59	5.9165
13	60	14.991
13	61	8.1526
13	62	1.0206
13	63	1.5611
13	64	5.8664
13	65	4.5434
13	66	0.84313
13	67	3.0071
13	68	1.7707
13	69	1.506
13	70	0.92795
13	71	0.78996
13	72	2.56
13	73	1.1768
13	74	1.5043
13	75	1.5043
13	76	3.3299
13	77	2.2218
13	78	3.6738
13	79	2.5658
13	80	6.3866
13	81	1.6282
13	82	7.6392
13	83	2.2742
13	84	5.2138
13	85	5.4402
13	86	1.8223
13	87	2.6259
13	88	1.5908
13	89	2.5217
13	90	2.5217
13	91	2.3598
13	92	1.835
13	93	1.8217
13	94	5.2581
13	95	0.72441
13	96	2.1375
13	97	2.6503
13	98	2.4702
13	99	1.8802
13	100	1.8802
13	101	2.0866
13	102	0.83627
13	103	0.9077
13	104	2.4783
13	105	1.2803
13	106	0.672
13	107	0.82042
13	108	0.71958
13	109	0.71958
13	110	0.71958
13	111	0.71958
13	112	1.0058
13	113	1.0058
13	114	0.45949
13	115	1.1301
13	116	1.3061
13	117	1.3061
14	15	265.55
14	16	68.482
14	17	46.104
14	18	36.684
14	19	27.239
14	20	21.75
14	21	10.721
14	22	18.353
14	23	35.062
14	24	42.373
14	25	35.806
14	26	26.632
14	27	19.852
14	28	21.317
14	29	23.234
14	30	15.291
14	31	14.804
14	32	15.225
14	33	15.054
14	34	6.782
14	35	1.2395
14	36	4.8261
14	37	3.5477
14	38	3.506
14	39	5.1563
14	40	5.1563
14	41	5.1563
14	42	5.1563
14	43	5.1563
14	44	5.1563
14	45	5.1563
14	46	5.1563
14	47	3.6343
14	48	6.3215
14	49	2.6172
14	50	5.4377
14	51	1.8539
14	52	6.6191
14	53	2.9274
14	54	1.5413
14	55	4.782
14	56	8.7023
14	57	4.8777
14	58	4.6457
14	59	11.797
14	60	1.8286
14	61	8.159
14	62	3.0021
14	63	3.44
14	64	2.5868
14	65	2.0002
14	66	1.875
14	67	3.8968
14	68	3.0766
14	69	1.1102
14	70	0.68892
14	71	0.58951
14	72	0.58951
14	73	2.6119
14	74	1.1122
14	75	1.0236
14	76	0.61812
14	77	0.4133
14	78	2.6897
14	79	1.8731
14	80	2.7774
14	81	3.5457
14	82	8.8082
14	83	2.505
14	84	2.2807
14	85	3.2982
14	86	3.3542
14	87	3.8528
14	88	2.935
14	89	1.8381
14	90	1.875
14	91	3.4725
14	92	0.45784
14	93	2.7041
14	94	1.5295
14	95	0.53258
14	96	3.1166
14	97	3.8322
14	98	4.2287
14	99	1.3914
14	100	3.1286
14	101	0.76755
14	102	0.76755
14	103	0.76755
14	104	0.76755
14	105	0.95934
14	106	0.50579
14	107	0.61988
14	108	0.61988
14	109	1.5695
14	110	0.60755
14	111	1.0088
14	112	1.5147
14	113	0.37512
14	114	1.0363
14	115	1.0363
14	116	0.98382
14	117	2.9135
15	16	174.19
15	17	49.294
15	18	39.132
15	19	40.389
15	20	32.076
15	21	25.122
15	22	35.089
15	23	36.966
15	24	21.695
15	25	18.122
15	26	22.67
15	27	34.332
15	28	35.385
15	29	19.589
15	30	12.499
15	31	20.2
15	32	23.16
15	33	18.354
15	34	14.42
15	35	5.5588
15	36	4.3232
15	37	5.8317
15	38	11.298
15	39	16.516
15	40	16.516
15	41	16.516
15	42	16.516
15	43	16.516
15	44	174.99
15	45	174.99
15	46	174.99
15	47	5.6745
15	48	13.155
15	49	3.1036
15	50	3.224
15	51	4.9393
15	52	2.933
15	53	6.071
15	54	5.485
15	55	4.2675
15	56	6.0264
15	57	2.1707
15	58	4.8171
15	59	4.7609
15	60	7.3289
15	61	6.598
15	62	4.0191
15	63	5.1166
15	64	2.3076
15	65	4.7572
15	66	2.237
15	67	3.9843
15	68	1.9704
15	69	0.49602
15	70	1.8499
15	71	2.1154
15	72	2.9964
15	73	2.335
15	74	5.967
15	75	2.7442
15	76	2.7674
15	77	4.4461
15	78	2.9963
15	79	9.1724
15	80	4.9328
15	81	3.1492
15	82	4.8781
15	83	3.7233
15	84	2.706
15	85	5.2817
15	86	3.5938
15	87	2.864
15	88	3.6711
15	89	3.2705
15	90	0.83488
15	91	3.8734
15	92	3.7
15	93	2.8254
15	94	7.4796
15	95	4.7538
15	96	1.3869
15	97	2.5499
15	98	3.2329
15	99	1.2443
15	100	4.2128
15	101	0.68501
15	102	1.6728
15	103	1.2148
15	104	1.0985
15	105	1.2923
15	106	0.45489
15	107	0.558
15	108	0.97544
15	109	2.3532
15	110	1.09
15	111	0.45302
15	112	0.68169
15	113	1.3507
15	114	1.8646
15	115	0.38467
15	116	1.7707
15	117	5.2428
16	17	217.56
16	18	111.24
16	19	54.834
16	20	58.287
16	21	56.441
16	22	57.975
16	23	34.638
16	24	32.036
16	25	24.314
16	26	17.53
16	27	30.268
16	28	33.096
16	29	18.973
16	30	7.7545
16	31	10.509
16	32	10.029
16	33	20.87
16	34	21.132
16	35	8.12
16	36	7.7443
16	37	9.3038
16	38	12.882
16	39	9.6609
16	40	9.6609
16	41	9.6609
16	42	9.6609
16	43	9.6609
16	44	9.6609
16	45	62.554
16	46	62.554
16	47	8.3577
16	48	10.16
16	49	4.5956
16	50	4.7746
16	51	13.434
16	52	4.362
16	53	10.269
16	54	3.0449
16	55	8.3737
16	56	3.8138
16	57	7.4912
16	58	5.1022
16	59	4.2369
16	60	6.0096
16	61	1.9553
16	62	6.909
16	63	4.5277
16	64	1.1337
16	65	0.87708
16	66	4.9228
16	67	2.1937
16	68	4.6174
16	69	6.5715
16	70	4.5177
16	71	0.773
16	72	1.2522
16	73	1.1424
16	74	3.6535
16	75	3.6535
16	76	2.4338
16	77	5.9703
16	78	7.0806
16	79	4.9301
16	80	4.8811
16	81	3.1111
16	82	4.3558
16	83	2.1944
16	84	3.0035
16	85	5.2211
16	86	2.6456
16	87	2.6456
16	88	5.4008
16	89	4.8394
16	90	4.9316
16	91	6.8422
16	92	5.4007
16	93	5.9203
16	94	4.0308
16	95	5.6065
16	96	2.0523
16	97	3.7882
16	98	3.1799
16	99	5.4798
16	100	2.0489
16	101	2.0178
16	102	2.0178
16	103	1.7754
16	104	1.61
16	105	0.62834
16	106	0.62834
16	107	0.62834
16	108	0.70901
16	109	2.0536
16	110	3.1832
16	111	0.66076
16	112	0.99168
16	113	1.4743
16	114	0.90512
16	115	0.55829
16	116	0.6436
16	117	3.8142
17	18	222.45
17	19	72.606
17	20	56.628
17	21	38.655
17	22	29.316
17	23	27.144
17	24	34.022
17	25	23.554
17	26	28.406
17	27	34.036
17	28	18.99
17	29	29.674
17	30	21.649
17	31	14.047
17	32	23.516
17	33	13.048
17	34	12.865
17	35	7.9784
17	36	3.0024
17	37	6.1747
17	38	11.198
17	39	7.7034
17	40	7.7034
17	41	198.31
17	42	198.31
17	43	198.31
17	44	158.21
17	45	37.729
17	46	206.19
17	47	1.4337
17	48	7.1919
17	49	2.0408
17	50	2.8242
17	51	5.7489
17	52	5.9373
17	53	3.0371
17	54	1.8046
17	55	4.4081
17	56	6.0555
17	57	4.4479
17	58	3.0108
17	59	3.3213
17	60	5.0167
17	61	4.6278
17	62	3.5569
17	63	5.4306
17	64	6.12
17	65	4.7252
17	66	4.9835
17	67	5.7664
17	68	4.2364
17	69	4.4006
17	70	2.7496
17	71	2.3701
17	72	2.3012
17	73	4.1513
17	74	2.6541
17	75	5.6862
17	76	0.98802
17	77	2.6535
17	78	3.1684
17	79	2.9292
17	80	0.71737
17	81	6.4131
17	82	0.84643
17	83	2.6295
17	84	5.9376
17	85	2.5731
17	86	2.6527
17	87	2.5305
17	88	2.7943
17	89	4.3029
17	90	4.4059
17	91	5.4809
17	92	3.6986
17	93	1.4412
17	94	4.7639
17	95	2.946
17	96	1.2176
17	97	2.9596
17	98	2.8558
17	99	3.3209
17	100	3.3655
17	101	0.60606
17	102	4.4856
17	103	2.721
17	104	3.4312
17	105	1.163
17	106	1.163
17	107	1.0104
17	108	1.3226
17	109	1.2754
17	110	1.9563
17	111	0.81545
17	112	1.5399
17	113	0.61029
17	114	1.683
17	115	1.0446
17	116	1.5986
17	117	2.3678
18	19	255.89
18	20	86.339
18	21	40.898
18	22	48.814
18	23	41.509
18	24	51.372
18	25	31.414
18	26	23.858
18	27	22.468
18	28	15.871
18	29	15.879
18	30	25.324
18	31	26.81
18	32	12.253
18	33	16.987
18	34	5.1881
18	35	5.0539
18	36	4.9165
18	37	5.4222
18	38	5.7203
18	39	11.252
18	40	11.252
18	41	11.252
18	42	11.252
18	43	11.252
18	44	11.252
18	45	48.845
18	46	48.845
18	47	7.4269
18	48	5.0219
18	49	2.676
18	50	2.7801
18	51	2.8459
18	52	2.2613
18	53	2.9979
18	54	4.7258
18	55	7.3311
18	56	2.9672
18	57	6.6489
18	58	3.1664
18	59	4.3939
18	60	7.4825
18	61	3.7879
18	62	3.0638
18	63	5.2633
18	64	3.5216
18	65	4.0853
18	66	6.3739
18	67	5.1074
18	68	4.4712
18	69	3.9606
18	70	3.5151
18	71	1.2006
18	72	1.9429
18	73	5.3349
18	74	2.2681
18	75	2.0909
18	76	1.8902
18	77	2.1031
18	78	2.7461
18	79	2.8735
18	80	3.7882
18	81	4.8426
18	82	5.6383
18	83	1.7074
18	84	3.1074
18	85	4.039
18	86	3.4242
18	87	1.3103
18	88	1.7964
18	89	2.8195
18	90	1.9177
18	91	2.6616
18	92	2.3303
18	93	0.45893
18	94	7.036
18	95	1.0864
18	96	1.0864
18	97	2.9434
18	98	1.2333
18	99	2.1299
18	100	1.5938
18	101	1.5674
18	102	1.9039
18	103	1.3803
18	104	1.2505
18	105	0.97671
18	106	0.51497
18	107	0.51497
18	108	1.104
18	109	1.597
18	110	1.2386
18	111	1.0271
18	112	0.38476
18	113	0.76177
18	114	0.35094
18	115	0.43374
18	116	0.43374
18	117	0.43374
19	20	212.73
19	21	69.091
19	22	72.024
19	23	54.536
19	24	45.608
19	25	24.986
19	26	22.475
19	27	25.568
19	28	24.572
19	29	15.851
19	30	22.805
19	31	8.6391
19	32	13.761
19	33	16.711
19	34	7.8884
19	35	4.7224
19	36	4.5336
19	37	9.0046
19	38	4.1508
19	39	9.9693
19	40	9.9693
19	41	215.33
19	42	215.33
19	43	215.33
19	44	215.33
19	45	40.398
19	46	40.398
19	47	6.1424
19	48	5.3398
19	49	6.625
19	50	2.2941
19	51	5.4735
19	52	10.233
19	53	4.1194
19	54	6.5023
19	55	12.128
19	56	4.9006
19	57	2.7448
19	58	2.6119
19	59	4.5251
19	60	4.6346
19	61	5.6289
19	62	5.7043
19	63	7.2592
19	64	5.0974
19	65	5.6311
19	66	2.1137
19	67	3.7643
19	68	2.2282
19	69	2.812
19	70	0.5829
19	71	2.9923
19	72	1.2104
19	73	1.4729
19	74	3.2892
19	75	4.3291
19	76	4.1812
19	77	4.8902
19	78	6.2428
19	79	7.909
19	80	3.9032
19	81	6.9832
19	82	2.7837
19	83	2.1174
19	84	3.2068
19	85	3.3352
19	86	3.9677
19	87	1.0839
19	88	3.9675
19	89	2.3271
19	90	0.79183
19	91	1.4676
19	92	3.0995
19	93	3.0465
19	94	5.1604
19	95	3.5967
19	96	3.2869
19	97	2.4239
19	98	1.5302
19	99	2.9413
19	100	2.2078
19	101	1.2968
19	102	2.1065
19	103	1.7195
19	104	1.7195
19	105	2.03
19	106	0.85719
19	107	0.52581
19	108	0.45947
19	109	2.2156
19	110	1.0288
19	111	2.1346
19	112	0.9614
19	113	1.2693
19	114	1.1689
19	115	0.72313
19	116	0.83301
19	117	2.4664
20	21	354.15
20	22	185.79
20	23	66.177
20	24	37.108
20	25	18.916
20	26	22.71
20	27	22.353
20	28	39.004
20	29	17.365
20	30	9.7776
20	31	9.5011
20	32	17.153
20	33	15.593
20	34	14.457
20	35	9.4374
20	36	4.5785
20	37	8.9971
20	38	11.295
20	39	16.128
20	40	16.128
20	41	16.128
20	42	16.128
20	43	16.128
20	44	16.128
20	45	179.59
20	46	179.59
20	47	11.104
20	48	6.5979
20	49	7.3292
20	50	7.6099
20	51	3.4485
20	52	3.0618
20	53	6.3651
20	54	5.7593
20	55	5.9988
20	56	8.141
20	57	3.04
20	58	5.7733
20	59	2.9893
20	60	3.4242
20	61	2.7708
20	62	8.4763
20	63	3.7763
20	64	8.9171
20	65	5.6364
20	66	1.7748
20	67	2.1072
20	68	5.4368
20	69	6.2856
20	70	6.5241
20	71	2.8056
20	72	1.3627
20	73	5.7551
20	74	3.68
20	75	10.623
20	76	5.8601
20	77	4.7161
20	78	4.4144
20	79	1.7513
20	80	5.1656
20	81	2.1979
20	82	1.0188
20	83	4.7035
20	84	5.6839
20	85	1.8491
20	86	2.527
20	87	2.4147
20	88	4.4314
20	89	6.0075
20	90	2.6321
20	91	4.0813
20	92	5.6811
20	93	2.565
20	94	2.8534
20	95	4.0117
20	96	2.9132
20	97	7.1108
20	98	2.2708
20	99	5.2604
20	100	2.4857
20	101	1.4443
20	102	3.5438
20	103	3.221
20	104	1.7446
20	105	1.3738
20	106	1.4527
20	107	1.4527
20	108	1.5583
20	109	2.0046
20	110	1.1568
20	111	1.9263
20	112	0.36315
20	113	1.0796
20	114	1.9858
20	115	1.6405
20	116	0.47134
20	117	8.3748
21	22	293.18
21	23	45.276
21	24	32.058
21	25	15.597
21	26	14.473
21	27	27.261
21	28	36.81
21	29	12.046
21	30	14.081
21	31	12.39
21	32	22.474
21	33	21.524
21	34	25.727
21	35	20.803
21	36	8.1394
21	37	20.499
21	38	24.325
21	39	23.142
21	40	23.142
21	41	23.142
21	42	23.142
21	43	23.142
21	44	209.47
21	45	103.47
21	46	103.47
21	47	11.832
21	48	6.8628
21	49	4.7409
21	50	4.9253
21	51	6.0475
21	52	4.8014
21	53	7.421
21	54	2.5126
21	55	3.4584
21	56	8.399
21	57	3.5334
21	58	2.5254
21	59	3.498
21	60	3.498
21	61	4.0322
21	62	2.444
21	63	5.6036
21	64	5.6152
21	65	1.4479
21	66	6.0981
21	67	6.6405
21	68	8.1007
21	69	5.4234
21	70	3.7328
21	71	8.9419
21	72	4.1381
21	73	9.439
21	74	6.6358
21	75	11.098
21	76	4.0205
21	77	5.8253
21	78	8.7646
21	79	3.0528
21	80	4.0276
21	81	1.2847
21	82	1.2847
21	83	3.6247
21	84	4.9572
21	85	5.7395
21	86	4.3679
21	87	3.4874
21	88	4.4579
21	89	5.9919
21	90	6.1083
21	91	5.6512
21	92	6.9416
21	93	1.955
21	94	1.6629
21	95	2.313
21	96	3.3875
21	97	4.1687
21	98	3.2802
21	99	4.5263
21	100	3.3867
21	101	2.4992
21	102	3.3712
21	103	2.2008
21	104	3.9901
21	105	3.6351
21	106	1.6414
21	107	2.0097
21	108	2.3456
21	109	1.6982
21	110	2.6311
21	111	0.54612
21	112	1.2298
21	113	2.031
21	114	1.1222
21	115	2.3094
21	116	1.0646
21	117	3.1532
22	23	198.4
22	24	68.292
22	25	39.776
22	26	36.324
22	27	51.311
22	28	43.622
22	29	22.634
22	30	13.233
22	31	9.3197
22	32	25.587
22	33	25.954
22	34	25.159
22	35	6.341
22	36	6.586
22	37	7.8659
22	38	15.786
22	39	18.094
22	40	18.094
22	41	18.094
22	42	18.094
22	43	18.094
22	44	18.094
22	45	97.556
22	46	97.556
22	47	9.2988
22	48	6.4703
22	49	6.2495
22	50	6.4928
22	51	12.33
22	52	7.8984
22	53	5.9887
22	54	7.0984
22	55	4.0776
22	56	4.9462
22	57	3.3279
22	58	5.5469
22	59	3.2912
22	60	4.6775
22	61	3.0369
22	62	3.073
22	63	6.4569
22	64	7.0593
22	65	6.1425
22	66	5.7568
22	67	3.9889
22	68	5.3986
22	69	5.1144
22	70	1.4097
22	71	1.2063
22	72	3.9061
22	73	6.2358
22	74	2.2768
22	75	11.519
22	76	7.5907
22	77	4.2309
22	78	5.5063
22	79	8.6269
22	80	4.7366
22	81	2.4179
22	82	1.1262
22	83	5.9813
22	84	3.8904
22	85	6.7539
22	86	5.4934
22	87	3.9445
22	88	6.0086
22	89	10.345
22	90	6.7159
22	91	5.33
22	92	3.7483
22	93	4.1517
22	94	5.4794
22	95	4.9075
22	96	0.79758
22	97	0.79758
22	98	1.8555
22	99	4.2717
22	100	3.2012
22	101	3.1419
22	102	1.2736
22	103	2.0785
22	104	2.5107
22	105	2.4536
22	106	1.0346
22	107	0.63366
22	108	1.1089
22	109	2.1403
22	110	0.62153
22	111	0.51604
22	112	1.5488
22	113	1.1509
22	114	1.0598
22	115	1.7449
22	116	2.0109
22	117	2.0109
23	24	221.03
23	25	123.23
23	26	80.09
23	27	93.345
23	28	53.13
23	29	38.087
23	30	23.125
23	31	18.154
23	32	18.659
23	33	26.082
23	34	4.1026
23	35	5.2326
23	36	4.5396
23	37	6.4246
23	38	5.0913
23	39	9.7784
23	40	9.7784
23	41	9.7784
23	42	45.426
23	43	45.426
23	44	45.426
23	45	57.887
23	46	57.887
23	47	2.2095
23	48	7.6922
23	49	7.4602
23	50	5.5378
23	51	7.943
23	52	4.0624
23	53	2.3848
23	54	7.5285
23	55	7.7475
23	56	2.3576
23	57	3.9686
23	58	4.7346
23	59	7.8776
23	60	7.8
23	61	2.7188
23	62	2.7373
23	63	5.5792
23	64	5.5792
23	65	2.4345
23	66	3.027
23	67	5.3951
23	68	2.6543
23	69	5.3914
23	70	5.8347
23	71	2.1337
23	72	1.7278
23	73	3.1659
23	74	3.371
23	75	3.7232
23	76	2.9909
23	77	2.9964
23	78	4.9156
23	79	2.2855
23	80	2.2672
23	81	7.2302
23	82	8.1108
23	83	7.1113
23	84	8.3534
23	85	5.643
23	86	2.4454
23	87	2.3448
23	88	4.9866
23	89	1.1222
23	90	1.1222
23	91	1.0552
23	92	1.1032
23	93	1.6358
23	94	8.4145
23	95	1.9427
23	96	0.95138
23	97	3.5238
23	98	1.4706
23	99	0.84306
23	100	2.5131
23	101	3.7315
23	102	1.5041
23	103	2.4516
23	104	1.484
23	105	1.1551
23	106	1.2152
23	107	1.4864
23	108	1.3019
23	109	1.8851
23	110	0.73253
23	111	0.73253
23	112	0.90926
23	113	1.3512
23	114	0.41505
23	115	0.51156
23	116	1.1808
23	117	1.1808
24	25	214.43
24	26	134.84
24	27	94.136
24	28	26.258
24	29	57.009
24	30	25.231
24	31	22.84
24	32	23.334
24	33	12.515
24	34	4.8518
24	35	6.202
24	36	6.1543
24	37	2.5406
24	38	4.0169
24	39	9.5031
24	40	9.5031
24	41	9.5031
24	42	9.5031
24	43	9.5031
24	44	9.5031
24	45	9.5031
24	46	9.5031
24	47	2.5992
24	48	6.0348
24	49	10.001
24	50	2.5971
24	51	1.3273
24	52	9.4639
24	53	6.9679
24	54	8.8388
24	55	6.834
24	56	6.909
24	57	8.1526
24	58	6.6631
24	59	4.5987
24	60	13.064
24	61	11.72
24	62	3.229
24	63	5.7651
24	64	1.2354
24	65	2.8665
24	66	3.5802
24	67	3.991
24	68	2.5288
24	69	1.5954
24	70	1.9696
24	71	1.6903
24	72	3.4268
24	73	3.7317
24	74	1.5954
24	75	1.5954
24	76	0.88584
24	77	4.1583
24	78	3.8588
24	79	4.0214
24	80	1.3272
24	81	10.13
24	82	7.8838
24	83	4.7728
24	84	3.2711
24	85	3.7982
24	86	1.9219
24	87	0.92259
24	88	3.3666
24	89	1.3158
24	90	4.0213
24	91	3.7222
24	92	1.9692
24	93	3.2371
24	94	1.0969
24	95	1.5298
24	96	6.7057
24	97	4.114
24	98	0.86669
24	99	0.86669
24	100	0.86669
24	101	1.0995
24	102	1.0995
24	103	1.939
24	104	1.939
24	105	0.68703
24	106	0.72309
24	107	1.7675
24	108	1.55
24	109	1.55
24	110	0.86842
24	111	0.72269
24	112	0.72269
24	113	1.0794
24	114	0.49664
24	115	1.8377
24	116	0.70537
24	117	0.70537
25	26	160.18
25	27	134.12
25	28	48.442
25	29	35.893
25	30	28.6
25	31	30.148
25	32	13.76
25	33	7.1806
25	34	0.94586
25	35	3.4356
25	36	0.59693
25	37	5.9037
25	38	3.1285
25	39	8.1595
25	40	8.1595
25	41	8.1595
25	42	41.673
25	43	41.673
25	44	41.673
25	45	53.798
25	46	53.798
25	47	3.0757
25	48	3.9677
25	49	1.9886
25	50	6.2032
25	51	6.3743
25	52	8.921
25	53	5.5769
25	54	5.2644
25	55	5.3906
25	56	14.285
25	57	9.2474
25	58	3.5373
25	59	4.9249
25	60	5.1903
25	61	5.9112
25	62	3.3805
25	63	0.64576
25	64	3.8893
25	65	3.7662
25	66	2.7922
25	67	6.2203
25	68	0.48679
25	69	3.7349
25	70	0.76921
25	71	1.9589
25	72	1.5851
25	73	1.9526
25	74	1.8666
25	75	2.2981
25	76	0.68875
25	77	1.8336
25	78	3.8052
25	79	6.3935
25	80	5.3044
25	81	6.7763
25	82	1.2711
25	83	8.5008
25	84	6.0529
25	85	6.0017
25	86	4.5305
25	87	4.3453
25	88	3.2923
25	89	3.2923
25	90	3.2923
25	91	4.8976
25	92	2.5262
25	93	3.5109
25	94	4.363
25	95	2.3973
25	96	0.88619
25	97	5.511
25	98	2.0461
25	99	3.8947
25	100	1.7299
25	101	2.5944
25	102	0.69267
25	103	1.5022
25	104	0.68337
25	105	1.0581
25	106	1.0581
25	107	0.67959
25	108	0.59518
25	109	1.1486
25	110	0.67313
25	111	1.1126
25	112	1.1126
25	113	0.41042
25	114	1.136
25	115	0.93233
25	116	1.0783
25	117	1.0783
26	27	185.05
26	28	45.453
26	29	50.861
26	30	32.131
26	31	32.484
26	32	24.265
26	33	15.67
26	34	5.2093
26	35	3.0397
26	36	4.6129
26	37	0.72554
26	38	1.7236
26	39	8.1341
26	40	8.1341
26	41	8.1341
26	42	8.1341
26	43	8.1341
26	44	8.1341
26	45	8.1341
26	46	8.1341
26	47	2.241
26	48	8.6679
26	49	4.3181
26	50	3.365
26	51	4.5942
26	52	2.7377
26	53	6.0351
26	54	8.5812
26	55	1.9646
26	56	2.3887
26	57	10.052
26	58	3.8362
26	59	14.614
26	60	4.5165
26	61	5.5093
26	62	3.7028
26	63	7.7838
26	64	3.1907
26	65	4.1151
26	66	4.6114
26	67	1.3699
26	68	2.1589
26	69	2.0525
26	70	2.5396
26	71	2.5396
26	72	4.6835
26	73	2.1422
26	74	1.3692
26	75	3.7789
26	76	3.0385
26	77	3.554
26	78	3.3228
26	79	4.6314
26	80	4.5896
26	81	1.4631
26	82	8.1999
26	83	2.0601
26	84	3.7612
26	85	2.451
26	86	0.82714
26	87	4.7571
26	88	1.4463
26	89	2.2737
26	90	4.6328
26	91	3.2105
26	92	1.1221
26	93	3.3242
26	94	4.7346
26	95	5.2569
26	96	4.8193
26	97	2.3765
26	98	3.7292
26	99	0.85591
26	100	0.63888
26	101	0.63888
26	102	0.76406
26	103	0.83054
26	104	2.261
26	105	1.1748
26	106	0.61819
26	107	0.61819
26	108	0.61819
26	109	1.2789
26	110	1.2789
26	111	1.2789
26	112	0.4627
26	113	1.3753
26	114	0.42237
26	115	0.5207
26	116	0.5207
26	117	0.5207
27	28	140.79
27	29	67.332
27	30	49.544
27	31	38.596
27	32	38.101
27	33	27.659
27	34	13.733
27	35	7.1561
27	36	4.9651
27	37	6.1487
27	38	8.926
27	39	10.211
27	40	10.211
27	41	10.211
27	42	10.211
27	43	10.211
27	44	10.211
27	45	10.211
27	46	10.211
27	47	6.3279
27	48	8.1598
27	49	9.1471
27	50	7.3935
27	51	7.3935
27	52	1.2898
27	53	5.6829
27	54	6.2841
27	55	10.17
27	56	6.7481
27	57	5.6792
27	58	4.5143
27	59	6.2572
27	60	9.5666
27	61	8.6448
27	62	6.0996
27	63	6.6604
27	64	8.0096
27	65	7.7478
27	66	8.6836
27	67	5.8038
27	68	1.0164
27	69	1.9324
27	70	1.5943
27	71	1.3622
27	72	2.2063
27	73	3.0256
27	74	2.5777
27	75	2.3721
27	76	3.5763
27	77	3.346
27	78	2.3461
27	79	4.3616
27	80	6.483
27	81	4.1349
27	82	6.4375
27	83	2.9097
27	84	6.198
27	85	5.383
27	86	2.3356
27	87	2.2388
27	88	1.3613
27	89	4.2809
27	90	1.0904
27	91	5.0381
27	92	2.6415
27	93	1.5651
27	94	2.6745
27	95	1.237
27	96	1.8147
27	97	2.2378
27	98	3.5102
27	99	2.4179
27	100	1.2034
27	101	0.89104
27	102	0.71954
27	103	3.1297
27	104	2.1295
27	105	1.1065
27	106	1.1065
27	107	1.4256
27	108	0.62411
27	109	1.2051
27	110	1.4026
27	111	1.4026
27	112	1.7451
27	113	0.86461
27	114	0.3982
27	115	0.3982
27	116	0.56664
27	117	0.56664
28	29	205.5
28	30	102.27
28	31	104.23
28	32	97.171
28	33	80.809
28	34	19.408
28	35	11.511
28	36	9.9581
28	37	9.0485
28	38	12.236
28	39	17.732
28	40	17.732
28	41	17.732
28	42	17.732
28	43	17.732
28	44	17.732
28	45	103.35
28	46	103.35
28	47	6.9003
28	48	8.3831
28	49	7.547
28	50	5.878
28	51	8.9982
28	52	2.3705
28	53	7.366
28	54	6.6712
28	55	9.5112
28	56	8.3644
28	57	8.7971
28	58	4.1846
28	59	4.6206
28	60	4.9451
28	61	4.0161
28	62	6.5266
28	63	6.2366
28	64	5.6178
28	65	7.237
28	66	7.4941
28	67	5.4635
28	68	2.8896
28	69	3.6299
28	70	3.7523
28	71	1.935
28	72	2.613
28	73	3.786
28	74	3.0308
28	75	5.5613
28	76	4.0475
28	77	2.7151
28	78	6.5662
28	79	5.0658
28	80	5.9944
28	81	3.8196
28	82	4.7361
28	83	2.7142
28	84	2.4691
28	85	5.0074
28	86	7.2908
28	87	2.7925
28	88	1.9172
28	89	2.9807
28	90	2.0284
28	91	3.7663
28	92	3.0107
28	93	2.463
28	94	6.6159
28	95	5.2154
28	96	3.3744
28	97	6.1898
28	98	3.9373
28	99	3.0295
28	100	2.2815
28	101	2.5011
28	102	0.67896
28	103	1.4804
28	104	0.66953
28	105	0.52553
28	106	1.6637
28	107	2.0384
28	108	1.1893
28	109	1.1483
28	110	1.9916
28	111	1.9916
28	112	1.2498
28	113	2.0653
28	114	0.75991
28	115	0.75991
28	116	1.0807
28	117	6.4025
29	30	184.33
29	31	139.13
29	32	64.971
29	33	70.897
29	34	8.1615
29	35	4.442
29	36	5.8004
29	37	4.245
29	38	10.971
29	39	11.442
29	40	11.442
29	41	310.68
29	42	310.68
29	43	310.68
29	44	310.68
29	45	115.92
29	46	115.92
29	47	5.534
29	48	4.2859
29	49	8.604
29	50	5.5922
29	51	6.8963
29	52	8.2757
29	53	2.4101
29	54	3.7964
29	55	5.8164
29	56	13.055
29	57	5.9992
29	58	3.8286
29	59	6.6569
29	60	5.6041
29	61	9.1431
29	62	8.2198
29	63	4.1899
29	64	2.1011
29	65	3.2557
29	66	3.0133
29	67	6.716
29	68	1.5779
29	69	1.3461
29	70	2.4882
29	71	2.8184
29	72	2.2826
29	73	2.1057
29	74	0.67198
29	75	0.67198
29	76	0.67198
29	77	2.9708
29	78	4.115
29	79	5.7585
29	80	6.8909
29	81	4.395
29	82	4.1298
29	83	5.0973
29	84	0.9357
29	85	1.6259
29	86	4.0771
29	87	3.9167
29	88	2.1335
29	89	1.132
29	90	1.1504
29	91	4.2288
29	92	1.6347
29	93	1.0838
29	94	3.7772
29	95	1.9439
29	96	0.95889
29	97	3.5785
29	98	1.4745
29	99	0.84047
29	100	0.84047
29	101	3.7369
29	102	3.7369
29	103	3.7369
29	104	1.4754
29	105	1.1408
29	106	1.1408
29	107	1.1408
29	108	1.1408
29	109	1.2377
29	110	1.2377
29	111	2.3993
29	112	1.3424
29	113	1.3297
29	114	1.6353
29	115	1.0057
29	116	0.58154
29	117	0.58154
30	31	250.31
30	32	130.83
30	33	69.221
30	34	10.852
30	35	7.8774
30	36	3.4284
30	37	4.5168
30	38	3.5917
30	39	10.306
30	40	10.306
30	41	10.306
30	42	10.306
30	43	596.61
30	44	596.61
30	45	184.77
30	46	184.77
30	47	2.3545
30	48	5.4703
30	49	4.5744
30	50	3.5668
30	51	3.6648
30	52	3.6648
30	53	3.8424
30	54	9.0831
30	55	3.0935
30	56	3.7846
30	57	7.4426
30	58	7.1241
30	59	11.316
30	60	13.109
30	61	6.8068
30	62	7.774
30	63	2.2296
30	64	1.1175
30	65	2.5973
30	66	4.8092
30	67	3.5732
30	68	4.4796
30	69	2.1487
30	70	5.293
30	71	1.4992
30	72	3.0357
30	73	3.3595
30	74	3.5762
30	75	5.2713
30	76	1.5819
30	77	1.5813
30	78	2.6261
30	79	4.8971
30	80	3.6621
30	81	9.3379
30	82	2.9248
30	83	3.2517
30	84	3.9796
30	85	6.0543
30	86	4.3379
30	87	1.6673
30	88	3.7842
30	89	3.7842
30	90	4.8924
30	91	1.1242
30	92	4.0599
30	93	5.1903
30	94	3.0123
30	95	3.4484
30	96	3.4484
30	97	1.2675
30	98	3.1377
30	99	2.6825
30	100	2.6825
30	101	1.9873
30	102	0.79439
30	103	1.7232
30	104	1.5696
30	105	0.60699
30	106	1.9104
30	107	0.77724
30	108	1.3635
30	109	1.3635
30	110	2.3149
30	111	2.3149
30	112	0.95211
30	113	0.47159
30	114	0.43502
30	115	0.53477
30	116	0.53477
30	117	0.53477
31	32	244.28
31	33	75.133
31	34	24.36
31	35	8.4776
31	36	7.3587
31	37	5.1513
31	38	5.2572
31	39	10.993
31	40	10.993
31	41	10.993
31	42	10.993
31	43	10.993
31	44	240.21
31	45	59.996
31	46	59.996
31	47	2.29
31	48	7.0874
31	49	4.4293
31	50	4.6035
31	51	4.7232
31	52	5.6484
31	53	7.4425
31	54	5.8645
31	55	6.0216
31	56	4.8956
31	57	8.2424
31	58	2.9532
31	59	1.367
31	60	10.413
31	61	4.7052
31	62	4.7239
31	63	5.0547
31	64	2.1725
31	65	3.3641
31	66	3.127
31	67	3.4832
31	68	2.1871
31	69	1.3935
31	70	0.86104
31	71	2.9301
31	72	1.186
31	73	1.0917
31	74	1.3937
31	75	5.1368
31	76	3.0872
31	77	2.0586
31	78	1.6987
31	79	2.3733
31	80	7.076
31	81	9.0304
31	82	9.0304
31	83	6.3208
31	84	1.9272
31	85	4.1837
31	86	1.6881
31	87	4.8572
31	88	4.4215
31	89	2.3319
31	90	2.3736
31	91	1.0934
31	92	2.271
31	93	1.6873
31	94	5.8295
31	95	4.6927
31	96	2.9634
31	97	3.6709
31	98	4.5719
31	99	0.87162
31	100	1.9414
31	101	0.96605
31	102	0.96605
31	103	0.96605
31	104	1.5315
31	105	1.1887
31	106	1.2491
31	107	1.5271
31	108	1.3381
31	109	1.2912
31	110	2.2651
31	111	1.8749
31	112	0.46645
31	113	1.8475
31	114	0.85195
31	115	1.5732
31	116	1.5732
31	117	1.5732
32	33	177.21
32	34	44.617
32	35	22.887
32	36	7.6918
32	37	9.1662
32	38	14.263
32	39	19.316
32	40	19.316
32	41	19.316
32	42	19.316
32	43	19.316
32	44	19.316
32	45	114.61
32	46	114.61
32	47	3.2836
32	48	10.164
32	49	5.289
32	50	3.2979
32	51	7.8903
32	52	4.0399
32	53	5.9182
32	54	4.6696
32	55	4.7963
32	56	7.0145
32	57	5.9063
32	58	4.7013
32	59	5.2168
32	60	5.5249
32	61	5.3971
32	62	4.5191
32	63	5.5276
32	64	5.194
32	65	5.6295
32	66	1.4968
32	67	1.3342
32	68	4.7194
32	69	4.0028
32	70	1.6482
32	71	3.5112
32	72	0.56865
32	73	2.0884
32	74	4.0029
32	75	3.6846
32	76	2.9568
32	77	1.9738
32	78	4.0611
32	79	4.5344
32	80	2.2521
32	81	4.3082
32	82	4.0332
32	83	1.0068
32	84	5.5252
32	85	2.4005
32	86	4.0368
32	87	2.3236
32	88	2.1156
32	89	4.4548
32	90	4.5344
32	91	3.1355
32	92	3.1355
32	93	2.156
32	94	3.7125
32	95	2.5659
32	96	4.7198
32	97	4.67
32	98	2.1863
32	99	0.8341
32	100	2.4806
32	101	2.7719
32	102	4.459
32	103	0.80696
32	104	1.4669
32	105	2.2794
32	106	1.1979
32	107	0.73211
32	108	0.73211
32	109	0.73211
32	110	2.1699
32	111	0.59921
32	112	1.3436
32	113	0.88739
32	114	1.2271
32	115	0.50355
32	116	0.58165
32	117	3.4487
33	34	123.38
33	35	29.981
33	36	22.498
33	37	17.457
33	38	27.535
33	39	29.002
33	40	29.002
33	41	29.002
33	42	29.002
33	43	29.002
33	44	29.002
33	45	85.022
33	46	85.022
33	47	7.2661
33	48	8.7283
33	49	9.2515
33	50	9.6081
33	51	3.27
33	52	5.8207
33	53	6.0385
33	54	2.7247
33	55	8.5059
33	56	5.997
33	57	5.7537
33	58	5.4663
33	59	5.6754
33	60	6.4846
33	61	3.2749
33	62	5.3323
33	63	7.6315
33	64	3.062
33	65	10.649
33	66	3.9024
33	67	5.9542
33	68	4.3182
33	69	5.9209
33	70	3.6914
33	71	3.1648
33	72	2.9866
33	73	5.4338
33	74	3.4668
33	75	2.7363
33	76	5.5174
33	77	3.6913
33	78	4.17
33	79	6.6322
33	80	3.2639
33	81	1.0431
33	82	1.9351
33	83	5.191
33	84	1.3441
33	85	1.1642
33	86	1.1927
33	87	5.1249
33	88	2.089
33	89	5.6892
33	90	8.3066
33	91	3.0868
33	92	7.3868
33	93	6.834
33	94	2.7009
33	95	2.3641
33	96	4.1334
33	97	7.5935
33	98	1.6077
33	99	3.1007
33	100	2.8055
33	101	5.4551
33	102	0.5564
33	103	1.8184
33	104	1.6424
33	105	1.7207
33	106	2.2741
33	107	2.2352
33	108	1.4636
33	109	0.94076
33	110	2.1776
33	111	1.8095
33	112	1.3608
33	113	2.0209
33	114	1.5501
33	115	1.5371
33	116	0.88419
33	117	5.2352
34	35	211.97
34	36	67.991
34	37	53.816
34	38	43.316
34	39	35.076
34	40	35.076
34	41	35.076
34	42	35.076
34	43	35.076
34	44	35.076
34	45	46.008
34	46	46.008
34	47	15.76
34	48	5.4015
34	49	5.7824
34	50	5.999
34	51	9.5695
34	52	4.0872
34	53	4.6018
34	54	2.1924
34	55	1.5389
34	56	2.761
34	57	2.317
34	58	6.5747
34	59	6.5747
34	60	2.6167
34	61	2.1082
34	62	7.9716
34	63	4.979
34	64	4.9827
34	65	3.8444
34	66	5.5059
34	67	2.1779
34	68	7.3964
34	69	6.4666
34	70	4.0498
34	71	10.505
34	72	8.9692
34	73	9.3219
34	74	4.883
34	75	0.99411
34	76	9.7111
34	77	5.3119
34	78	6.4367
34	79	1.7799
34	80	1.7366
34	81	3.3244
34	82	1.0201
34	83	5.6114
34	84	2.1645
34	85	3.1288
34	86	1.9469
34	87	0.6182
34	88	6.2769
34	89	6.0976
34	90	10.724
34	91	5.8552
34	92	2.284
34	93	3.5431
34	94	0.72279
34	95	3.089
34	96	4.4413
34	97	1.7879
34	98	4.6503
34	99	11.534
34	100	4.6709
34	101	7.4023
34	102	3.0638
34	103	5.3572
34	104	6.0199
34	105	4.7869
34	106	3.5545
34	107	6.2517
34	108	3.2726
34	109	3.1546
34	110	4.8212
34	111	3.02
34	112	4.9493
34	113	2.2635
34	114	2.4261
34	115	2.5807
34	116	2.4659
34	117	2.9263
35	36	273.96
35	37	85.78
35	38	49.774
35	39	30.339
35	40	30.339
35	41	30.339
35	42	27.869
35	43	27.869
35	44	144.36
35	45	33.788
35	46	33.788
35	47	10.942
35	48	5.9519
35	49	4.2288
35	50	1.8798
35	51	6.3459
35	52	0.74247
35	53	4.7048
35	54	1.6043
35	55	1.6975
35	56	6.7394
35	57	1.6961
35	58	2.135
35	59	1.4632
35	60	1.9176
35	61	3.5993
35	62	4.2648
35	63	4.0698
35	64	5.4933
35	65	5.6485
35	66	4.9696
35	67	4.8245
35	68	8.704
35	69	4.3677
35	70	6.9777
35	71	12.103
35	72	8.3884
35	73	8.7443
35	74	8.0058
35	75	10.25
35	76	8.5225
35	77	7.5664
35	78	5.6675
35	79	3.2578
35	80	1.8998
35	81	0.80799
35	82	0.80799
35	83	1.1771
35	84	5.8094
35	85	1.8324
35	86	1.9107
35	87	4.5443
35	88	5.0472
35	89	7.0104
35	90	5.2384
35	91	3.0739
35	92	4.4091
35	93	3.6024
35	94	0.52839
35	95	1.1368
35	96	4.3358
35	97	1.302
35	98	5.9813
35	99	6.0053
35	100	3.4653
35	101	3.8093
35	102	9.0629
35	103	6.9401
35	104	5.7819
35	105	5.33
35	106	9.4378
35	107	6.0484
35	108	8.1135
35	109	3.9102
35	110	6.2519
35	111	4.4837
35	112	1.6985
35	113	5.3311
35	114	3.6062
35	115	2.5581
35	116	4.7613
35	117	2.1761
36	37	172.76
36	38	57.508
36	39	29.643
36	40	29.643
36	41	29.643
36	42	29.643
36	43	29.643
36	44	29.643
36	45	87.513
36	46	87.513
36	47	9.9859
36	48	3.8475
36	49	3.1351
36	50	2.71
36	51	2.7505
36	52	2.5831
36	53	1.1654
36	54	2.3111
36	55	2.4389
36	56	2.331
36	57	3.4206
36	58	2.771
36	59	3.8095
36	60	1.6576
36	61	1.3324
36	62	2.7527
36	63	4.2002
36	64	6.8348
36	65	4.0559
36	66	6.5897
36	67	4.4833
36	68	4.4054
36	69	7.1584
36	70	6.4182
36	71	8.8688
36	72	5.6744
36	73	9.6713
36	74	7.2154
36	75	6.9315
36	76	8.8431
36	77	4.6562
36	78	7.3288
36	79	2.2529
36	80	3.2923
36	81	0.70105
36	82	1.9331
36	83	3.0475
36	84	2.7375
36	85	2.3714
36	86	3.2887
36	87	3.1289
36	88	2.5299
36	89	4.9604
36	90	11.318
36	91	7.4202
36	92	6.08
36	93	4.2044
36	94	1.8279
36	95	2.6065
36	96	3.2775
36	97	0.56515
36	98	3.6794
36	99	5.1599
36	100	3.9498
36	101	6.5607
36	102	3.496
36	103	5.9394
36	104	6.8621
36	105	3.9441
36	106	5.1516
36	107	8.7291
36	108	6.9188
36	109	3.6652
36	110	5.3509
36	111	5.4225
36	112	6.259
36	113	2.6224
36	114	3.2867
36	115	6.5228
36	116	5.9249
36	117	1.8522
37	38	354.44
37	39	85.02
37	40	85.02
37	41	85.02
37	42	85.02
37	43	85.02
37	44	85.02
37	45	96.741
37	46	96.741
37	47	5.5213
37	48	4.2548
37	49	6.9146
37	50	5.3791
37	51	4.8454
37	52	4.9673
37	53	4.4924
37	54	3.0596
37	55	3.2364
37	56	4.501
37	57	4.3136
37	58	2.545
37	59	1.3973
37	60	1.2197
37	61	1.4703
37	62	5.0778
37	63	6.2
37	64	5.2342
37	65	7.1764
37	66	7.311
37	67	4.9741
37	68	7.3537
37	69	8.6914
37	70	6.1702
37	71	9.8668
37	72	8.9727
37	73	4.7616
37	74	8.0012
37	75	3.4887
37	76	6.8305
37	77	7.1932
37	78	9.451
37	79	4.3502
37	80	4.2302
37	81	0.77173
37	82	1.4164
37	83	1.1225
37	84	1.5104
37	85	3.9278
37	86	4.0953
37	87	5.6259
37	88	5.6059
37	89	10.335
37	90	12.493
37	91	6.4469
37	92	6.7713
37	93	5.2946
37	94	3.0234
37	95	1.443
37	96	3.1005
37	97	2.4866
37	98	3.256
37	99	6.6729
37	100	5.4944
37	101	5.1852
37	102	6.0394
37	103	5.6603
37	104	5.08
37	105	5.4059
37	106	5.0252
37	107	3.9824
37	108	5.4
37	109	2.9734
37	110	8.0741
37	111	6.3942
37	112	3.7641
37	113	3.1964
37	114	3.9139
37	115	3.0371
37	116	3.1321
37	117	6.2008
38	39	338.25
38	40	338.25
38	41	338.25
38	42	31.039
38	43	31.039
38	44	161.29
38	45	76.134
38	46	76.134
38	47	14.482
38	48	10.609
38	49	7.5138
38	50	12.049
38	51	9.3535
38	52	3.3824
38	53	7.6137
38	54	4.2302
38	55	3.8181
38	56	4.5677
38	57	3.8323
38	58	4.227
38	59	0.83044
38	60	2.1646
38	61	3.4859
38	62	4.7933
38	63	7.7742
38	64	7.5527
38	65	4.2389
38	66	6.5745
38	67	5.8511
38	68	9.7048
38	69	5.7901
38	70	9.487
38	71	12.058
38	72	5.8502
38	73	10.513
38	74	3.5876
38	75	5.7545
38	76	11.038
38	77	5.7397
38	78	6.9183
38	79	3.6806
38	80	2.8721
38	81	1.834
38	82	0.84387
38	83	3.9788
38	84	4.1761
38	85	2.0687
38	86	2.1464
38	87	3.5772
38	88	3.7732
38	89	5.0434
38	90	6.6531
38	91	5.5346
38	92	5.6624
38	93	4.7579
38	94	2.3905
38	95	4.6808
38	96	3.0606
38	97	5.1764
38	98	4.3256
38	99	6.7325
38	100	6.8649
38	101	3.672
38	102	9.1196
38	103	4.9815
38	104	5.4739
38	105	3.5596
38	106	5.0353
38	107	1.0333
38	108	3.1545
38	109	2.172
38	110	1.4944
38	111	4.1589
38	112	2.5148
38	113	3.7376
38	114	1.4308
38	115	2.8401
38	116	5.2937
38	117	5.2937
39	40	1245
39	41	210.07
39	42	33.159
39	43	453.79
39	44	453.79
39	45	201.43
39	46	201.43
39	47	12.243
39	48	9.4318
39	49	5.0244
39	50	5.2115
39	51	7.5416
39	52	2.6499
39	53	7.1975
39	54	3.8114
39	55	4.0377
39	56	8.0163
39	57	6.0468
39	58	3.8027
39	59	1.7404
39	60	2.281
39	61	3.0517
39	62	8.2325
39	63	6.7632
39	64	7.2533
39	65	7.829
39	66	8.5927
39	67	3.3433
39	68	4.9768
39	69	6.1285
39	70	4.1511
39	71	5.6564
39	72	4.1564
39	73	7.4322
39	74	5.7064
39	75	6.0984
39	76	6.9328
39	77	6.1104
39	78	4.4875
39	79	3.0979
39	80	3.7621
39	81	3.7621
39	82	2.6439
39	83	3.5002
39	84	1.2547
39	85	4.3465
39	86	2.8375
39	87	5.3941
39	88	4.496
39	89	6.0593
39	90	4.6717
39	91	5.8499
39	92	3.2267
39	93	4.6678
39	94	2.5102
39	95	4.9475
39	96	3.8622
39	97	6.9649
39	98	3.5512
39	99	8.3313
39	100	5.4989
39	101	6.4687
39	102	4.8527
39	103	1.18
39	104	4.7602
39	105	3.3825
39	106	1.3492
39	107	0.55502
39	108	2.4169
39	109	3.26
39	110	2.1263
39	111	2.6677
39	112	1.0114
39	113	2.3378
39	114	2.7593
39	115	0.76311
39	116	3.4939
39	117	3.4939
40	41	3.4939
40	42	3.4939
40	43	3.4939
40	44	3.4939
40	45	3.4939
40	46	3.4939
40	47	3.4939
40	48	3.4939
40	49	3.4939
40	50	3.4939
40	51	3.4939
40	52	3.4939
40	53	3.4939
40	54	3.4939
40	55	3.4939
40	56	3.4939
40	57	3.4939
40	58	316.41
40	59	316.41
40	60	316.41
40	61	316.41
40	62	316.41
40	63	316.41
40	64	316.41
40	65	316.41
40	66	316.41
40	67	316.41
40	68	316.41
40	69	316.41
40	70	316.41
40	71	316.41
40	72	316.41
40	73	316.41
40	74	316.41
40	75	316.41
40	76	316.41
40	77	316.41
40	78	316.41
40	79	316.41
40	80	316.41
40	81	316.41
40	82	316.41
40	83	316.41
40	84	316.41
40	85	316.41
40	86	316.41
40	87	316.41
40	88	316.41
40	89	316.41
40	90	316.41
40	91	316.41
40	92	316.41
40	93	316.41
40	94	316.41
40	95	316.41
40	96	316.41
40	97	316.41
40	98	316.41
40	99	316.41
40	100	316.41
40	101	316.41
40	102	316.41
40	103	316.41
40	104	316.41
40	105	316.41
40	106	316.41
40	107	316.41
40	108	316.41
40	109	316.41
40	110	316.41
40	111	316.41
40	112	316.41
40	113	316.41
40	114	316.41
40	115	316.41
40	116	316.41
40	117	316.41
41	42	4.9151e+05
41	43	4.9151e+05
41	44	4.9151e+05
41	45	4.9151e+05
41	46	4.9151e+05
41	47	4.9151e+05
41	48	4.9151e+05
41	49	4.9151e+05
41	50	4.9151e+05
41	51	4.9151e+05
41	52	4.9151e+05
41	53	4.9151e+05
41	54	4.9151e+05
41	55	4.9151e+05
41	56	4.9151e+05
41	57	230.06
41	58	230.06
41	59	230.06
41	60	230.06
41	61	230.06
41	62	230.06
41	63	230.06
41	64	230.06
41	65	230.06
41	66	230.06
41	67	230.06
41	68	230.06
41	69	230.06
41	70	230.06
41	71	230.06
41	72	230.06
41	73	230.06
41	74	230.06
41	75	230.06
41	76	230.06
41	77	230.06
41	78	230.06
41	79	230.06
41	80	262.08
41	81	262.08
41	82	262.08
41	83	262.08
41	84	262.08
41	85	262.08
41	86	262.08
41	87	262.08
41	88	262.08
41	89	262.08
41	90	262.08
41	91	262.08
41	92	262.08
41	93	262.08
41	94	262.08
41	95	262.08
41	96	262.08
41	97	262.08
41	98	262.08
41	99	262.08
41	100	262.08
41	101	262.08
41	102	262.08
41	103	262.08
41	104	262.08
41	105	262.08
41	106	262.08
41	107	174.43
41	108	174.43
41	109	174.43
41	110	174.43
41	111	174.43
41	112	174.43
41	113	174.43
41	114	174.43
41	115	174.43
41	116	174.43
41	117	174.43
42	43	7429.6
42	44	7429.6
42	45	7429.6
42	46	7429.6
42	47	39.305
42	48	39.305
42	49	39.305
42	50	39.305
42	51	39.305
42	52	39.305
42	53	39.305
42	54	65.131
42	55	65.131
42	56	65.131
42	57	34.44
42	58	34.44
42	59	34.44
42	60	34.44
42	61	34.44
42	62	34.44
42	63	34.44
42	64	34.44
42	65	34.44
42	66	34.44
42	67	34.44
42	68	34.44
42	69	34.44
42	70	34.44
42	71	34.44
42	72	34.44
42	73	34.44
42	74	34.44
42	75	44.717
42	76	27.406
42	77	27.406
42	78	27.406
42	79	39.689
42	80	39.689
42	81	39.689
42	82	39.689
42	83	35.923
42	84	35.923
42	85	35.923
42	86	35.923
42	87	35.923
42	88	25.707
42	89	25.707
42	90	25.707
42	91	25.707
42	92	25.707
42	93	25.707
42	94	25.707
42	95	25.707
42	96	25.707
42	97	25.707
42	98	25.707
42	99	25.707
42	100	25.707
42	101	25.707
42	102	25.707
42	103	25.707
42	104	25.707
42	105	25.707
42	106	25.707
42	107	25.707
42	108	25.707
42	109	25.707
42	110	25.707
42	111	25.707
42	112	25.707
42	113	25.707
42	114	25.707
42	115	25.707
42	116	25.707
42	117	25.707
43	44	25.707
43	45	25.707
43	46	25.707
43	47	25.707
43	48	25.707
43	49	25.707
43	50	25.707
43	51	25.707
43	52	25.707
43	53	25.707
43	54	25.707
43	55	25.707
43	56	25.707
43	57	25.707
43	58	25.707
43	59	561.81
43	60	561.81
43	61	561.81
43	62	561.81
43	63	561.81
43	64	561.81
43	65	561.81
43	66	561.81
43	67	561.81
43	68	561.81
43	69	561.81
43	70	561.81
43	71	561.81
43	72	561.81
43	73	561.81
43	74	561.81
43	75	561.81
43	76	561.81
43	77	561.81
43	78	561.81
43	79	561.81
43	80	561.81
43	81	561.81
43	82	561.81
43	83	561.81
43	84	561.81
43	85	561.81
43	86	561.81
43	87	561.81
43	88	561.81
43	89	561.81
43	90	561.81
43	91	561.81
43	92	561.81
43	93	561.81
43	94	561.81
43	95	561.81
43	96	561.81
43	97	561.81
43	98	561.81
43	99	561.81
43	100	561.81
43	101	561.81
43	102	561.81
43	103	561.81
43	104	561.81
43	105	561.81
43	106	561.81
43	107	561.81
43	108	561.81
43	109	561.81
43	110	561.81
43	111	561.81
43	112	561.81
43	113	561.81
43	114	561.81
43	115	561.81
43	116	561.81
43	117	561.81
44	45	561.81
44	46	561.81
44	47	561.81
44	48	313.82
44	49	190.28
44	50	190.28
44	51	190.28
44	52	190.28
44	53	190.28
44	54	190.28
44	55	190.28
44	56	190.28
44	57	190.28
44	58	190.28
44	59	190.28
44	60	190.28
44	61	190.28
44	62	169.55
44	63	169.55
44	64	169.55
44	65	169.55
44	66	143.69
44	67	143.69
44	68	104.26
44	69	104.26
44	70	104.26
44	71	104.26
44	72	104.26
44	73	196.4
44	74	196.4
44	75	196.4
44	76	196.4
44	77	196.4
44	78	196.4
44	79	196.4
44	80	196.4
44	81	196.4
44	82	196.4
44	83	196.4
44	84	196.4
44	85	196.4
44	86	196.4
44	87	196.4
44	88	196.4
44	89	196.4
44	90	196.4
44	91	196.4
44	92	196.4
44	93	105.24
44	94	105.24
44	95	105.24
44	96	105.24
44	97	105.24
44	98	105.24
44	99	158.46
44	100	158.46
44	101	158.46
44	102	158.46
44	103	158.46
44	104	158.46
44	105	158.46
44	106	158.46
44	107	158.46
44	108	158.46
44	109	158.46
44	110	158.46
44	111	158.46
44	112	158.46
44	113	158.46
44	114	158.46
44	115	158.46
44	116	158.46
44	117	158.46
45	46	97671
45	47	390.83
45	48	37.759
45	49	46.488
45	50	46.488
45	51	49.113
45	52	57.907
45	53	51.725
45	54	51.725
45	55	51.725
45	56	51.725
45	57	43.374
45	58	43.374
45	59	43.374
45	60	43.374
45	61	39.614
45	62	80.961
45	63	30.955
45	64	92.788
45	65	71.687
45	66	71.687
45	67	90.704
45	68	48.108
45	69	30.055
45	70	30.055
45	71	96.388
45	72	52.022
45	73	93.991
45	74	93.991
45	75	93.991
45	76	93.991
45	77	67.814
45	78	67.814
45	79	67.814
45	80	67.814
45	81	67.814
45	82	67.814
45	83	67.814
45	84	67.814
45	85	67.814
45	86	36.203
45	87	69.253
45	88	69.253
45	89	69.253
45	90	150.29
45	91	46.632
45	92	25.089
45	93	25.089
45	94	25.089
45	95	28.787
45	96	41.629
45	97	41.629
45	98	41.629
45	99	188.21
45	100	28.493
45	101	41.289
45	102	67.632
45	103	36.845
45	104	36.845
45	105	36.845
45	106	36.845
45	107	33.912
45	108	33.912
45	109	33.912
45	110	33.108
45	111	33.108
45	112	33.108
45	113	33.108
45	114	33.108
45	115	33.108
45	116	33.108
45	117	33.108
46	47	33.108
46	48	33.108
46	49	33.108
46	50	33.108
46	51	33.108
46	52	33.108
46	53	33.108
46	54	33.108
46	55	33.108
46	56	33.108
46	57	33.108
46	58	33.108
46	59	33.108
46	60	33.108
46	61	33.108
46	62	33.108
46	63	33.108
46	64	33.108
46	65	33.108
46	66	33.108
46	67	33.108
46	68	33.108
46	69	33.108
46	70	33.108
46	71	33.108
46	72	33.108
46	73	33.108
46	74	33.108
46	75	33.108
46	76	33.108
46	77	33.108
46	78	33.108
46	79	33.108
46	80	33.108
46	81	33.108
46	82	33.108
46	83	33.108
46	84	33.108
46	85	33.108
46	86	33.108
46	87	33.108
46	88	33.108
46	89	33.108
46	90	33.108
46	91	33.108
46	92	33.108
46	93	33.108
46	94	33.108
46	95	33.108
46	96	33.108
46	97	33.108
46	98	33.108
46	99	33.108
46	100	33.108
46	101	33.108
46	102	33.108
46	103	33.108
46	104	33.108
46	105	33.108
46	106	33.108
46	107	33.108
46	108	33.108
46	109	33.108
46	110	33.108
46	111	33.108
46	112	33.108
46	113	33.108
46	114	33.108
46	115	33.108
46	116	33.108
46	117	33.108
47	48	226.8
47	49	69.884
47	50	52.351
47	51	43.979
47	52	18.808
47	53	19.745
47	54	18.771
47	55	29.371
47	56	20.645
47	57	18.993
47	58	17.242
47	59	7.5692
47	60	14.886
47	61	8.2783
47	62	22.292
47	63	15.264
47	64	16.758
47	65	15.668
47	66	10.961
47	67	13.778
47	68	12.321
47	69	15.403
47	70	18.489
47	71	13.473
47	72	7.436
47	73	10.745
47	74	10.881
47	75	16.827
47	76	15.333
47	77	13.291
47	78	14.402
47	79	14.274
47	80	11.214
47	81	5.963
47	82	9.9394
47	83	17.052
47	84	11.58
47	85	6.6975
47	86	9.6272
47	87	13.792
47	88	17.493
47	89	6.5263
47	90	12.397
47	91	16.874
47	92	12.406
47	93	12.121
47	94	6.1982
47	95	9.8241
47	96	11.871
47	97	6.7489
47	98	7.4107
47	99	12.893
47	100	11.94
47	101	11.002
47	102	11.594
47	103	4.9207
47	104	8.2416
47	105	3.5009
47	106	3.7046
47	107	4.5512
47	108	5.6781
47	109	2.1914
47	110	4.4185
47	111	3.1557
47	112	3.972
47	113	1.5745
47	114	1.0856
47	115	1.3468
47	116	2.5775
47	117	3.0522
48	49	186.67
48	50	66.734
48	51	42.704
48	52	34.26
48	53	36.655
48	54	29.619
48	55	40.327
48	56	33.434
48	57	31.271
48	58	16.965
48	59	18.406
48	60	17.978
48	61	15.118
48	62	21.954
48	63	15.403
48	64	14.302
48	65	15.78
48	66	21.879
48	67	15.937
48	68	11.247
48	69	9.6796
48	70	12.615
48	71	5.189
48	72	11.454
48	73	9.6739
48	74	11.926
48	75	11.365
48	76	11.821
48	77	10.569
48	78	9.0032
48	79	16.179
48	80	13.008
48	81	18.455
48	82	7.6936
48	83	20.418
48	84	10.142
48	85	9.8284
48	86	11.146
48	87	9.6316
48	88	8.3775
48	89	5.0444
48	90	4.4218
48	91	10.288
48	92	7.7169
48	93	9.3394
48	94	8.9831
48	95	7.581
48	96	9.7843
48	97	10.445
48	98	14.78
48	99	12.71
48	100	8.7802
48	101	9.1002
48	102	10.428
48	103	7.042
48	104	6.3541
48	105	4.6219
48	106	3.2595
48	107	2.5026
48	108	1.7485
48	109	4.2159
48	110	3.8915
48	111	2.8352
48	112	1.2218
48	113	1.2105
48	114	3.8966
48	115	0.69021
48	116	1.9827
48	117	2.3482
49	50	153.43
49	51	103.69
49	52	77.233
49	53	54.114
49	54	37.49
49	55	28.713
49	56	37.645
49	57	28.479
49	58	24.853
49	59	12.52
49	60	18.688
49	61	19.48
49	62	18.996
49	63	11.719
49	64	10.071
49	65	14.28
49	66	14.004
49	67	14.099
49	68	10.275
49	69	10.269
49	70	14.097
49	71	5.7456
49	72	7.9052
49	73	5.089
49	74	6.4984
49	75	7.9769
49	76	10.237
49	77	8.0526
49	78	10.471
49	79	17.322
49	80	16.207
49	81	10.348
49	82	9.6327
49	83	15.449
49	84	18.491
49	85	13.472
49	86	12.411
49	87	9.3745
49	88	7.4303
49	89	7.154
49	90	6.3877
49	91	11.836
49	92	9.3714
49	93	12.292
49	94	12.647
49	95	11.924
49	96	9.097
49	97	11.18
49	98	11.761
49	99	8.81
49	100	7.1176
49	101	5.9785
49	102	3.0325
49	103	7.2616
49	104	4.183
49	105	1.8703
49	106	2.9602
49	107	1.8146
49	108	1.5864
49	109	1.0205
49	110	2.9612
49	111	1.4751
49	112	0.73849
49	113	1.0972
49	114	2.694
49	115	2.0821
49	116	2.878
49	117	2.8412
50	51	340.12
50	52	111.51
50	53	86.808
50	54	46.733
50	55	36.259
50	56	27.368
50	57	13.148
50	58	22.695
50	59	16.263
50	60	20.334
50	61	11.243
50	62	15.169
50	63	10.429
50	64	14.815
50	65	17.521
50	66	15.162
50	67	11.816
50	68	7.5505
50	69	8.4143
50	70	6.9649
50	71	8.3427
50	72	3.3767
50	73	7.0416
50	74	7.8689
50	75	7.2442
50	76	9.9968
50	77	9.1889
50	78	8.8344
50	79	15.149
50	80	14.971
50	81	14.337
50	82	15.579
50	83	10.13
50	84	6.1464
50	85	10.664
50	86	7.4586
50	87	11.032
50	88	14.832
50	89	5.5738
50	90	6.6333
50	91	11.409
50	92	9.2557
50	93	5.9209
50	94	8.5022
50	95	9.1495
50	96	11.024
50	97	5.8105
50	98	7.3269
50	99	5.626
50	100	7.38
50	101	6.2067
50	102	8.1785
50	103	2.7389
50	104	5.5802
50	105	2.9094
50	106	3.5803
50	107	3.7617
50	108	1.0966
50	109	1.0579
50	110	3.0714
50	111	3.0595
50	112	1.5313
50	113	1.5167
50	114	1.3968
50	115	0.8635
50	116	2.9844
50	117	2.9844
51	52	176.3
51	53	108.96
51	54	54.942
51	55	36.099
51	56	31.94
51	57	22.67
51	58	20.023
51	59	17.772
51	60	14.15
51	61	6.8989
51	62	15.453
51	63	12.399
51	64	22.2
51	65	16.492
51	66	16.041
51	67	9.7188
51	68	13.505
51	69	5.138
51	70	13.435
51	71	7.2439
51	72	7.8196
51	73	7.1577
51	74	8.5697
51	75	14.733
51	76	10.78
51	77	12.705
51	78	11.789
51	79	16.447
51	80	10.544
51	81	6.1175
51	82	14.853
51	83	6.024
51	84	18.847
51	85	6.8162
51	86	9.6672
51	87	7.2771
51	88	11.468
51	89	13.295
51	90	16.449
51	91	8.9401
51	92	9.8322
51	93	8.3217
51	94	8.6983
51	95	9.8687
51	96	6.4385
51	97	10.923
51	98	6.2249
51	99	17.868
51	100	10.67
51	101	3.1612
51	102	5.7426
51	103	3.4684
51	104	3.7755
51	105	3.9231
51	106	3.6152
51	107	1.2645
51	108	1.1066
51	109	3.7383
51	110	1.2439
51	111	1.5471
51	112	1.9318
51	113	1.5309
51	114	1.763
51	115	1.3054
51	116	1.0039
51	117	2.9739
52	53	307.45
52	54	93.735
52	55	39.741
52	56	24.866
52	57	32.921
52	58	17.175
52	59	25.178
52	60	15.665
52	61	17.333
52	62	18.27
52	63	17.462
52	64	12.605
52	65	10.574
52	66	9.0541
52	67	9.4171
52	68	6.3349
52	69	8.0848
52	70	6.6444
52	71	2.12
52	72	4.5794
52	73	9.4809
52	74	6.0575
52	75	7.4379
52	76	5.9593
52	77	5.4648
52	78	9.8654
52	79	10.338
52	80	19.448
52	81	16.045
52	82	17.793
52	83	22.399
52	84	15.871
52	85	12.984
52	86	8.9712
52	87	6.2667
52	88	9.2549
52	89	3.3872
52	90	9.1843
52	91	8.4521
52	92	3.8302
52	93	5.9751
52	94	7.533
52	95	8.4275
52	96	12.44
52	97	20.181
52	98	14.74
52	99	5.0482
52	100	3.7402
52	101	4.6698
52	102	6.7353
52	103	4.0608
52	104	1.4785
52	105	2.2907
52	106	0.60112
52	107	1.4681
52	108	1.9313
52	109	4.3509
52	110	4.3509
52	111	1.2044
52	112	0.44958
52	113	1.7816
52	114	1.643
52	115	0.50508
52	116	1.1678
52	117	1.1678
53	54	167.75
53	55	99.53
53	56	60.948
53	57	36.262
53	58	27.821
53	59	23.337
53	60	14.902
53	61	13.734
53	62	25.301
53	63	13.103
53	64	10.312
53	65	10.877
53	66	12.22
53	67	12.704
53	68	11.467
53	69	9.0597
53	70	5.9808
53	71	7.6796
53	72	6.7387
53	73	5.67
53	74	6.6486
53	75	6.6664
53	76	8.0561
53	77	7.1877
53	78	16.097
53	79	16.301
53	80	15.123
53	81	11.568
53	82	21.584
53	83	21.772
53	84	8.275
53	85	11.506
53	86	10.939
53	87	9.0859
53	88	12.123
53	89	8.9986
53	90	8.1535
53	91	10.374
53	92	8.4464
53	93	5.8795
53	94	12.49
53	95	9.8516
53	96	11.026
53	97	9.3869
53	98	9.8591
53	99	10.578
53	100	10.743
53	101	6.6747
53	102	4.7271
53	103	5.8791
53	104	1.9987
53	105	3.6419
53	106	4.9319
53	107	2.6825
53	108	1.1744
53	109	1.7012
53	110	1.3175
53	111	1.3175
53	112	1.6433
53	113	2.0359
53	114	1.4996
53	115	1.3879
53	116	2.6659
53	117	2.6659
54	55	198.33
54	56	68.204
54	57	58.711
54	58	38.582
54	59	26.719
54	60	22.81
54	61	26.766
54	62	27.128
54	63	13.812
54	64	16.323
54	65	15.491
54	66	12.926
54	67	14.39
54	68	8.3327
54	69	7.1669
54	70	8.315
54	71	6.6092
54	72	6.1712
54	73	4.5014
54	74	3.8317
54	75	6.1737
54	76	4.2618
54	77	6.7681
54	78	14.458
54	79	16.916
54	80	19.081
54	81	15.232
54	82	19.837
54	83	17.97
54	84	14.375
54	85	11.331
54	86	15.017
54	87	10.495
54	88	10.615
54	89	4.74
54	90	9.6775
54	91	8.2225
54	92	7.1107
54	93	8.5422
54	94	13.143
54	95	14.208
54	96	16.743
54	97	12.339
54	98	12.475
54	99	5.9944
54	100	6.3009
54	101	4.6249
54	102	2.1467
54	103	4.089
54	104	2.6431
54	105	3.7254
54	106	1.3107
54	107	1.0717
54	108	0.93668
54	109	0.90359
54	110	1.5727
54	111	3.0471
54	112	3.0471
54	113	1.9424
54	114	2.3846
54	115	2.3846
54	116	1.274
54	117	5.0311
55	56	139.7
55	57	59.418
55	58	43.996
55	59	32.224
55	60	36.731
55	61	20.475
55	62	26.33
55	63	24.241
55	64	21.683
55	65	15.552
55	66	23.799
55	67	15.642
55	68	8.4301
55	69	11.53
55	70	11.871
55	71	9.6934
55	72	9.1548
55	73	8.6505
55	74	9.0588
55	75	11.082
55	76	8.4235
55	77	11.314
55	78	16.256
55	79	21.71
55	80	22.943
55	81	15.68
55	82	9.6763
55	83	11.225
55	84	12.871
55	85	11.758
55	86	13.892
55	87	9.2303
55	88	11.13
55	89	8.1793
55	90	5.8569
55	91	10.915
55	92	10.913
55	93	17.217
55	94	10.195
55	95	11.508
55	96	9.7229
55	97	13.521
55	98	17.356
55	99	21.397
55	100	7.1587
55	101	4.8303
55	102	6.793
55	103	4.3259
55	104	6.1295
55	105	3.5188
55	106	2.3276
55	107	1.1436
55	108	1.9977
55	109	2.8919
55	110	2.2197
55	111	2.3131
55	112	2.7964
55	113	2.0789
55	114	0.9554
55	115	0.78986
55	116	1.3603
55	117	2.6858
56	57	162.34
56	58	77.651
56	59	57.681
56	60	47.377
56	61	47.246
56	62	50.396
56	63	32.922
56	64	23.328
56	65	20.922
56	66	18.995
56	67	18.736
56	68	9.5699
56	69	13.246
56	70	15.698
56	71	6.4121
56	72	8.826
56	73	14.152
56	74	7.2419
56	75	5.5434
56	76	6.0423
56	77	11.246
56	78	12.362
56	79	26.284
56	80	20.936
56	81	25.429
56	82	13.005
56	83	16.247
56	84	14.771
56	85	14.255
56	86	15.261
56	87	11.127
56	88	8.9114
56	89	6.9402
56	90	6.0728
56	91	11.269
56	92	11.472
56	93	6.858
56	94	10.724
56	95	15.007
56	96	15.984
56	97	13.394
56	98	16.35
56	99	8.2991
56	100	6.242
56	101	7.4773
56	102	7.4355
56	103	6.6259
56	104	3.3306
56	105	3.6566
56	106	2.2045
56	107	1.3509
56	108	2.9546
56	109	1.1406
56	110	1.9819
56	111	3.2959
56	112	0.41307
56	113	2.0468
56	114	3.0141
56	115	3.0141
56	116	1.0719
56	117	3.177
57	58	217.54
57	59	146.65
57	60	96.274
57	61	90.125
57	62	57.992
57	63	30.746
57	64	18.021
57	65	24.231
57	66	12.522
57	67	18.757
57	68	10.419
57	69	13.128
57	70	11.924
57	71	8.0653
57	72	6.9628
57	73	5.5473
57	74	8.0991
57	75	6.5195
57	76	5.0683
57	77	8.6666
57	78	9.1588
57	79	13.599
57	80	24.315
57	81	22.482
57	82	29.865
57	83	16.692
57	84	11.723
57	85	11.365
57	86	12.2
57	87	13.42
57	88	9.6132
57	89	10.835
57	90	8.5098
57	91	10.259
57	92	8.777
57	93	8.6225
57	94	10.4
57	95	15.495
57	96	11.31
57	97	12.14
57	98	8.7832
57	99	8.8667
57	100	5.7113
57	101	3.4886
57	102	2.8361
57	103	3.706
57	104	2.7941
57	105	2.1895
57	106	1.3867
57	107	2.2672
57	108	0.99104
57	109	2.8685
57	110	2.8685
57	111	1.3816
57	112	0.69208
57	113	2.3996
57	114	1.5778
57	115	0.39029
57	116	0.89878
57	117	0.89878
58	59	232.74
58	60	112.07
58	61	97.278
58	62	73.745
58	63	37.057
58	64	31.965
58	65	19.553
58	66	14.001
58	67	24.937
58	68	10.582
58	69	9.0852
58	70	13.658
58	71	8.1184
58	72	8.2121
58	73	6.7566
58	74	7.6636
58	75	9.7116
58	76	6.92
58	77	10.31
58	78	12.179
58	79	21.031
58	80	28.791
58	81	17.367
58	82	18.085
58	83	12.973
58	84	11.809
58	85	14.79
58	86	12.147
58	87	9.9612
58	88	12.139
58	89	8.7288
58	90	7.2844
58	91	6.7411
58	92	7.482
58	93	10.862
58	94	8.5831
58	95	8.7194
58	96	14.118
58	97	6.6247
58	98	11.459
58	99	4.7967
58	100	4.9382
58	101	10.59
58	102	5.8971
58	103	2.3328
58	104	1.0563
58	105	2.0634
58	106	1.7412
58	107	1.0673
58	108	0.93292
58	109	1.3502
58	110	2.0928
58	111	1.7358
58	112	1.302
58	113	0.64462
58	114	2.078
58	115	1.8354
58	116	1.6923
58	117	1.6923
59	60	231.16
59	61	163.29
59	62	50.916
59	63	21.854
59	64	17.45
59	65	12.71
59	66	12.594
59	67	13.865
59	68	6.7575
59	69	11.219
59	70	4.8943
59	71	4.8731
59	72	5.0742
59	73	6.196
59	74	3.9604
59	75	8.5021
59	76	3.6597
59	77	6.3566
59	78	8.0212
59	79	22.37
59	80	24.416
59	81	16.979
59	82	23.819
59	83	18.889
59	84	18.174
59	85	10.266
59	86	13.565
59	87	10.714
59	88	4.1849
59	89	8.788
59	90	1.1187
59	91	6.1962
59	92	4.3191
59	93	4.8051
59	94	13.73
59	95	15.853
59	96	14.901
59	97	10.347
59	98	10.079
59	99	7.426
59	100	1.8446
59	101	1.8263
59	102	2.2079
59	103	2.2079
59	104	2.1788
59	105	1.1306
59	106	2.3782
59	107	0.72708
59	108	0.72708
59	109	0.61496
59	110	2.8677
59	111	2.8677
59	112	1.335
59	113	1.3228
59	114	1.6252
59	115	0.50075
59	116	1.7338
59	117	1.7338
60	61	215.83
60	62	90.028
60	63	30.576
60	64	23.849
60	65	17.751
60	66	19.285
60	67	14.888
60	68	5.9004
60	69	5.1331
60	70	6.3759
60	71	3.0425
60	72	9.3625
60	73	2.6809
60	74	5.7168
60	75	5.2507
60	76	3.8185
60	77	9.811
60	78	8.2567
60	79	12.43
60	80	19.791
60	81	21.638
60	82	30.162
60	83	23.062
60	84	10.091
60	85	14.829
60	86	15.134
60	87	11.847
60	88	7.2328
60	89	4.6879
60	90	6.7013
60	91	9.7777
60	92	5.6797
60	93	4.6446
60	94	11.699
60	95	7.1022
60	96	11.935
60	97	11.682
60	98	7.4265
60	99	6.4326
60	100	3.2305
60	101	3.1463
60	102	1.2817
60	103	1.2817
60	104	2.5263
60	105	1.9832
60	106	1.047
60	107	1.047
60	108	1.1227
60	109	1.1227
60	110	2.5067
60	111	0.52143
60	112	1.1784
60	113	1.1784
60	114	0.35816
60	115	1.3295
60	116	1.0195
60	117	3.0195
61	62	139.11
61	63	42.196
61	64	21.408
61	65	23.176
61	66	16.57
61	67	14.752
61	68	6.5453
61	69	7.3456
61	70	8.5697
61	71	2.4426
61	72	6.3226
61	73	5.0533
61	74	3.6829
61	75	9.3358
61	76	8.705
61	77	9.2359
61	78	8.3416
61	79	14.732
61	80	24.485
61	81	18.587
61	82	24.563
61	83	12.454
61	84	11.314
61	85	13.068
61	86	11.11
61	87	11.68
61	88	5.3451
61	89	6.8432
61	90	2.3289
61	91	4.3161
61	92	5.313
61	93	5.9678
61	94	16.437
61	95	14.976
61	96	5.7981
61	97	10.298
61	98	14.494
61	99	4.0356
61	100	3.4613
61	101	5.719
61	102	1.5482
61	103	1.6847
61	104	1.0162
61	105	1.5909
61	106	1.6798
61	107	1.0308
61	108	0.45018
61	109	0.86823
61	110	2.5204
61	111	0.41825
61	112	0.6276
61	113	1.2426
61	114	0.57222
61	115	2.4786
61	116	2.4786
61	117	4.8311
62	63	164.39
62	64	78.005
62	65	42.228
62	66	35.739
62	67	20.888
62	68	14.332
62	69	13.665
62	70	10.008
62	71	12.16
62	72	4.9183
62	73	12.602
62	74	13.258
62	75	13.057
62	76	12.685
62	77	10.988
62	78	14.161
62	79	24.379
62	80	13.111
62	81	12.812
62	82	14.581
62	83	23.982
62	84	12.749
62	85	14.36
62	86	17.057
62	87	10.848
62	88	13.465
62	89	12.324
62	90	7.8848
62	91	13.226
62	92	11.85
62	93	11.944
62	94	9.5947
62	95	12.625
62	96	14.378
62	97	10.349
62	98	11.737
62	99	12.447
62	100	8.5415
62	101	7.7964
62	102	5.3325
62	103	4.6548
62	104	4.1953
62	105	3.3125
62	106	2.6312
62	107	1.6178
62	108	1.8823
62	109	1.8149
62	110	1.5686
62	111	0.87085
62	112	3.2852
62	113	2.9286
62	114	1.7953
62	115	1.857
62	116	1.2796
62	117	10.103
63	64	249.37
63	65	63.618
63	66	48.859
63	67	34.777
63	68	18.403
63	69	20.49
63	70	16.633
63	71	10.052
63	72	14.069
63	73	14.154
63	74	14.814
63	75	11.304
63	76	10.89
63	77	15.135
63	78	17.297
63	79	20.427
63	80	16.498
63	81	9.042
63	82	15.325
63	83	17.245
63	84	8.2757
63	85	11.378
63	86	11.285
63	87	11.175
63	88	11.799
63	89	9.4148
63	90	7.8307
63	91	10.665
63	92	10.244
63	93	12.049
63	94	12.701
63	95	13.417
63	96	12.476
63	97	10.344
63	98	12.463
63	99	9.9555
63	100	9.951
63	101	6.4489
63	102	5.6994
63	103	4.4417
63	104	5.6031
63	105	6.3191
63	106	3.3476
63	107	3.2954
63	108	3.2332
63	109	2.0775
63	110	0.79838
63	111	1.9935
63	112	2.2551
63	113	2.2328
63	114	3.4226
63	115	2.2674
63	116	3.5808
63	117	3.854
64	65	158.98
64	66	77.652
64	67	46.807
64	68	30.681
64	69	18.922
64	70	22.259
64	71	16.245
64	72	17.367
64	73	22.092
64	74	16.289
64	75	12.973
64	76	15.747
64	77	18.682
64	78	18.862
64	79	11.739
64	80	15.071
64	81	4.5293
64	82	12.577
64	83	16.995
64	84	10.982
64	85	14.601
64	86	16.309
64	87	10.585
64	88	15.445
64	89	13.273
64	90	9.0523
64	91	14.329
64	92	11.755
64	93	11.924
64	94	8.085
64	95	10.349
64	96	6.0055
64	97	11.898
64	98	10.544
64	99	6.7944
64	100	14.922
64	101	9.6896
64	102	8.5516
64	103	5.9958
64	104	4.2064
64	105	3.3168
64	106	5.0143
64	107	1.8485
64	108	2.6899
64	109	2.0755
64	110	2.9927
64	111	1.9931
64	112	2.2541
64	113	3.3491
64	114	1.0267
64	115	2.1217
64	116	1.9504
64	117	1.9504
65	66	259.97
65	67	92.408
65	68	35.328
65	69	30.467
65	70	31.232
65	71	20.137
65	72	20.639
65	73	17.71
65	74	16.764
65	75	21.575
65	76	11.215
65	77	16.602
65	78	13.569
65	79	16.756
65	80	10.29
65	81	9.6378
65	82	10.552
65	83	11.881
65	84	16.419
65	85	11.288
65	86	16.119
65	87	13.949
65	88	10.599
65	89	8.8932
65	90	13.293
65	91	15.626
65	92	12.548
65	93	11.584
65	94	14.779
65	95	10.79
65	96	15.67
65	97	7.7923
65	98	12.216
65	99	11.538
65	100	10.711
65	101	6.9091
65	102	4.7123
65	103	5.6531
65	104	5.1007
65	105	9.1334
65	106	3.4787
65	107	2.8495
65	108	2.9028
65	109	3.1992
65	110	3.2313
65	111	2.3051
65	112	3.7646
65	113	2.5819
65	114	2.6388
65	115	1.9634
65	116	3.3846
65	117	3.3846
66	67	166.99
66	68	67.452
66	69	36.872
66	70	35.263
66	71	19.739
66	72	22.212
66	73	16.844
66	74	15.166
66	75	21.958
66	76	16.07
66	77	16.814
66	78	18.487
66	79	18.367
66	80	10.887
66	81	9.8123
66	82	9.0363
66	83	19.488
66	84	10.103
66	85	12.445
66	86	19.107
66	87	14.561
66	88	13.855
66	89	10.274
66	90	9.878
66	91	16.634
66	92	13.424
66	93	7.1644
66	94	7.9911
66	95	11.744
66	96	12.544
66	97	15.172
66	98	11.126
66	99	13.481
66	100	12.589
66	101	9.8109
66	102	7.2113
66	103	6.895
66	104	8.4128
66	105	4.2213
66	106	2.6124
66	107	2.7575
66	108	2.405
66	109	3.091
66	110	3.5453
66	111	2.9593
66	112	2.518
66	113	4.989
66	114	4.0746
66	115	2.2142
66	116	2.9016
66	117	4.3008
67	68	120.22
67	69	60.31
67	70	38.908
67	71	16.418
67	72	20.993
67	73	14.997
67	74	17.4
67	75	22.16
67	76	16.285
67	77	21.893
67	78	9.7057
67	79	20.453
67	80	20.537
67	81	11.661
67	82	12.081
67	83	12.098
67	84	14.204
67	85	15.174
67	86	14.031
67	87	14.981
67	88	14.196
67	89	7.4346
67	90	3.5195
67	91	7.1325
67	92	10.149
67	93	10.426
67	94	18.029
67	95	10.786
67	96	10.683
67	97	14.696
67	98	7.2363
67	99	12.444
67	100	9.5056
67	101	11.646
67	102	7.6221
67	103	2.6298
67	104	9.4557
67	105	6.2587
67	106	2.6571
67	107	3.2733
67	108	2.4967
67	109	2.0624
67	110	4.7329
67	111	4.2782
67	112	4.4792
67	113	3.4509
67	114	3.8506
67	115	1.9709
67	116	1.9371
67	117	11.48
68	69	150.26
68	70	96.426
68	71	35.122
68	72	28.36
68	73	31.904
68	74	20.089
68	75	18.177
68	76	21.254
68	77	15.366
68	78	13.701
68	79	11.091
68	80	8.0793
68	81	3.4465
68	82	6.3155
68	83	10.026
68	84	5.9825
68	85	10.996
68	86	9.8075
68	87	12.202
68	88	8.6255
68	89	12.203
68	90	14.873
68	91	15.702
68	92	11.738
68	93	8.0886
68	94	10.104
68	95	8.5671
68	96	6.9085
68	97	4.6219
68	98	8.7649
68	99	14.534
68	100	7.9036
68	101	7.3221
68	102	8.9861
68	103	12.275
68	104	8.8067
68	105	6.78
68	106	5.8758
68	107	2.3084
68	108	4.3052
68	109	4.4216
68	110	4.4272
68	111	3.432
68	112	4.3882
68	113	3.1588
68	114	5.0786
68	115	3.8323
68	116	4.1346
68	117	10.742
69	70	278.86
69	71	50.111
69	72	33.196
69	73	30.301
69	74	27.781
69	75	23.279
69	76	16.893
69	77	19.762
69	78	13.005
69	79	11.06
69	80	12.53
69	81	16.025
69	82	8.7344
69	83	8.8943
69	84	13.674
69	85	9.7959
69	86	7.1739
69	87	11.254
69	88	9.9976
69	89	9.1208
69	90	12.854
69	91	9.815
69	92	8.8257
69	93	8.8727
69	94	9.9311
69	95	8.6935
69	96	7.2543
69	97	9.4045
69	98	12.483
69	99	9.6887
69	100	12.728
69	101	9.1546
69	102	10.712
69	103	8.6568
69	104	8.9627
69	105	7.7104
69	106	6.212
69	107	2.4155
69	108	8.073
69	109	3.7201
69	110	5.8416
69	111	5.1885
69	112	4.1552
69	113	4.3555
69	114	5.5634
69	115	2.21
69	116	3.4899
69	117	3.7612
70	71	190.33
70	72	66.641
70	73	46.086
70	74	38.772
70	75	30.661
70	76	29.067
70	77	25.212
70	78	17.26
70	79	15.185
70	80	4.2349
70	81	6.3023
70	82	4.9757
70	83	7.1613
70	84	12.9
70	85	8.1422
70	86	11.597
70	87	12.057
70	88	15.757
70	89	9.9105
70	90	7.2595
70	91	11.547
70	92	12.969
70	93	8.2709
70	94	5.2875
70	95	8.7848
70	96	9.6254
70	97	5.8133
70	98	12.281
70	99	15.973
70	100	13.049
70	101	13.226
70	102	14.418
70	103	11.95
70	104	8.3056
70	105	7.764
70	106	6.5847
70	107	4.0505
70	108	3.9778
70	109	3.8355
70	110	6.8431
70	111	5.3063
70	112	5.5539
70	113	6.422
70	114	4.7764
70	115	1.7414
70	116	4.3949
70	117	7.1159
71	72	210.01
71	73	71.874
71	74	38.777
71	75	31.324
71	76	37.466
71	77	20.085
71	78	17.502
71	79	11.153
71	80	13.245
71	81	3.8448
71	82	1.4103
71	83	7.2816
71	84	9.5361
71	85	7.8304
71	86	9.5387
71	87	7.7708
71	88	12.79
71	89	9.7016
71	90	6.8563
71	91	15.789
71	92	10.933
71	93	8.6938
71	94	5.5261
71	95	5.7598
71	96	3.6078
71	97	6.815
71	98	4.4682
71	99	10.463
71	100	12.789
71	101	7.2391
71	102	15.92
71	103	12.687
71	104	8.8612
71	105	8.7551
71	106	11.081
71	107	8.3703
71	108	5.3784
71	109	6.6598
71	110	3.8141
71	111	6.7247
71	112	4.27
71	113	5.2861
71	114	4.8576
71	115	5.1101
71	116	2.07
71	117	6.1632
72	73	147.11
72	74	62.4
72	75	56.328
72	76	34.763
72	77	25.494
72	78	18.879
72	79	12.54
72	80	7.796
72	81	5.6057
72	82	4.5675
72	83	9.0704
72	84	6.9036
72	85	5.6284
72	86	9.5562
72	87	10.474
72	88	8.7286
72	89	12.272
72	90	12.114
72	91	12.782
72	92	9.3516
72	93	8.5297
72	94	8.1313
72	95	7.2784
72	96	8.3414
72	97	7.5257
72	98	8.216
72	99	11.928
72	100	13.883
72	101	8.366
72	102	9.7435
72	103	8.3537
72	104	8.5268
72	105	9.7924
72	106	6.0631
72	107	5.3383
72	108	5.5848
72	109	5.6763
72	110	4.7969
72	111	5.4315
72	112	5.1632
72	113	5.5371
72	114	4.1114
72	115	3.3893
72	116	5.0054
72	117	4.9708
73	74	264.16
73	75	152.21
73	76	58.151
73	77	31.63
73	78	21.108
73	79	19.174
73	80	13.401
73	81	4.5579
73	82	8.4155
73	83	8.203
73	84	9.6294
73	85	10.93
73	86	7.297
73	87	12.027
73	88	13.404
73	89	20.563
73	90	10.074
73	91	18.818
73	92	13.459
73	93	9.9359
73	94	5.9404
73	95	7.373
73	96	8.3573
73	97	7.3634
73	98	6.5453
73	99	11.077
73	100	15.289
73	101	14.387
73	102	16.222
73	103	17.037
73	104	11.046
73	105	9.2381
73	106	10.814
73	107	8.2288
73	108	7.7395
73	109	12.265
73	110	4.288
73	111	7.1586
73	112	5.0248
73	113	4.9811
73	114	3.1687
73	115	7.4199
73	116	4.0067
73	117	2.9709
74	75	287.26
74	76	70.044
74	77	34.293
74	78	22.32
74	79	18.09
74	80	15.964
74	81	4.372
74	82	2.6855
74	83	7.8744
74	84	8.9834
74	85	12.285
74	86	9.7528
74	87	10.097
74	88	14.896
74	89	11.995
74	90	13.471
74	91	19.16
74	92	11.585
74	93	8.6559
74	94	9.4772
74	95	8.0667
74	96	5.8189
74	97	4.114
74	98	7.9788
74	99	14.619
74	100	12.842
74	101	9.6807
74	102	11.589
74	103	6.1107
74	104	8.2439
74	105	12.144
74	106	6.6075
74	107	6.5098
74	108	4.9657
74	109	5.8122
74	110	6.2822
74	111	5.5668
74	112	5.1961
74	113	5.1466
74	114	3.3783
74	115	4.197
74	116	4.1728
74	117	3.8052
75	76	178.49
75	77	44.397
75	78	31.002
75	79	23.607
75	80	21.017
75	81	4.0197
75	82	12.379
75	83	14.453
75	84	9.576
75	85	12.85
75	86	14.802
75	87	9.6651
75	88	9.5781
75	89	11.562
75	90	25.832
75	91	21.095
75	92	10.33
75	93	9.5333
75	94	10.478
75	95	4.9478
75	96	12.501
75	97	5.4146
75	98	6.9901
75	99	7.3108
75	100	10.503
75	101	10.669
75	102	11.706
75	103	9.5842
75	104	12.234
75	105	9.1122
75	106	10.851
75	107	2.963
75	108	6.471
75	109	5.6179
75	110	5.7438
75	111	4.1924
75	112	3.6178
75	113	6.7238
75	114	6.5921
75	115	3.5734
75	116	4.1027
75	117	6.954
76	77	188.92
76	78	68.98
76	79	33.101
76	80	12.022
76	81	8.89
76	82	12.636
76	83	18.72
76	84	19.985
76	85	10.938
76	86	12.31
76	87	11.267
76	88	19.562
76	89	19.692
76	90	20.211
76	91	21.365
76	92	17.667
76	93	13.242
76	94	5.7947
76	95	6.3812
76	96	11.333
76	97	4.5613
76	98	8.0542
76	99	13.864
76	100	18.568
76	101	12.957
76	102	11.182
76	103	11.239
76	104	8.3442
76	105	9.7807
76	106	8.1552
76	107	7.7627
76	108	4.7781
76	109	5.3721
76	110	7.919
76	111	7.3458
76	112	3.3305
76	113	6.5982
76	114	4.0417
76	115	1.8808
76	116	4.674
76	117	10.672
77	78	204.53
77	79	73.865
77	80	28.718
77	81	15.668
77	82	16.843
77	83	23.16
77	84	28.484
77	85	15.821
77	86	20.018
77	87	16.3
77	88	18.443
77	89	11.899
77	90	20.095
77	91	12.295
77	92	15.744
77	93	13.245
77	94	9.5036
77	95	8.8063
77	96	10.105
77	97	11.741
77	98	12.782
77	99	15.649
77	100	12.025
77	101	14.126
77	102	14.466
77	103	8.5655
77	104	8.8646
77	105	6.3667
77	106	4.7646
77	107	4.0241
77	108	2.9641
77	109	5.4496
77	110	5.6415
77	111	7.6857
77	112	3.3746
77	113	3.8978
77	114	4.092
77	115	2.9682
77	116	3.6445
77	117	2.8842
78	79	185.09
78	80	55.38
78	81	12.385
78	82	19.683
78	83	34.637
78	84	30.81
78	85	24.721
78	86	20.779
78	87	20.809
78	88	19.093
78	89	18.624
78	90	19.746
78	91	18.352
78	92	18.516
78	93	12.995
78	94	11.463
78	95	9.2443
78	96	9.3588
78	97	12.878
78	98	13.662
78	99	14.234
78	100	15.915
78	101	15.643
78	102	8.9903
78	103	7.2183
78	104	6.5184
78	105	5.8585
78	106	5.8075
78	107	3.8046
78	108	3.3221
78	109	3.6037
78	110	3.7049
78	111	3.4653
78	112	3.1865
78	113	2.5818
78	114	3.6959
78	115	3.271
78	116	3.01
78	117	4.4571
79	80	201.92
79	81	70.26
79	82	50.457
79	83	62.932
79	84	32.583
79	85	22.761
79	86	20.389
79	87	28.929
79	88	19.702
79	89	18.248
79	90	15.684
79	91	9.0916
79	92	11.563
79	93	15.147
79	94	17.579
79	95	19.54
79	96	13.034
79	97	26.973
79	98	19.616
79	99	10.947
79	100	7.1295
79	101	8.8444
79	102	6.5361
79	103	4.9818
79	104	5.7961
79	105	4.5423
79	106	3.1952
79	107	2.6114
79	108	2.2841
79	109	2.2037
79	110	2.5549
79	111	1.5923
79	112	3.1904
79	113	3.5561
79	114	4.0013
79	115	1.349
79	116	2.0712
79	117	2.0712
80	81	178.49
80	82	136.97
80	83	113.46
80	84	51.742
80	85	35.372
80	86	33.089
80	87	30.369
80	88	19.277
80	89	15.176
80	90	6.7656
80	91	12.499
80	92	11.208
80	93	16.139
80	94	29.214
80	95	18.603
80	96	25.714
80	97	33.731
80	98	21.749
80	99	11.415
80	100	7.4526
80	101	12.622
80	102	10.826
80	103	4.1521
80	104	5.0226
80	105	2.4456
80	106	2.0603
80	107	1.8921
80	108	0.55189
80	109	2.13
80	110	3.1031
80	111	3.0859
80	112	0.76983
80	113	3.0492
80	114	1.7563
80	115	1.7335
80	116	1.0002
80	117	2.9634
81	82	212.68
81	83	109.62
81	84	56.087
81	85	42.662
81	86	30.811
81	87	24.487
81	88	13.854
81	89	16.949
81	90	6.1651
81	91	10.249
81	92	7.1605
81	93	10.023
81	94	22.192
81	95	18.891
81	96	13.347
81	97	26.587
81	98	11.912
81	99	6.3746
81	100	7.4713
81	101	6.0437
81	102	3.2506
81	103	1.7665
81	104	2.406
81	105	1.8738
81	106	2.6278
81	107	0.80327
81	108	1.408
81	109	1.408
81	110	3.9585
81	111	1.3137
81	112	0.49201
81	113	0.97509
81	114	1.3476
81	115	1.3476
81	116	0.63863
81	117	0.63863
82	83	200.29
82	84	71.713
82	85	48.53
82	86	34.183
82	87	28.9
82	88	19.176
82	89	5.6346
82	90	4.5845
82	91	13.714
82	92	7.6431
82	93	15.169
82	94	16.909
82	95	18.749
82	96	17.182
82	97	15.403
82	98	15.439
82	99	8.3984
82	100	9.9587
82	101	8.3883
82	102	0.74719
82	103	0.81066
82	104	2.2128
82	105	3.4289
82	106	2.401
82	107	1.4669
82	108	1.2855
82	109	1.8614
82	110	0.72626
82	111	3.0046
82	112	0.44844
82	113	1.3324
82	114	2.0481
82	115	2.0481
82	116	1.748
82	117	1.748
83	84	248.32
83	85	76.373
83	86	54.876
83	87	38.594
83	88	24.893
83	89	19.704
83	90	30.648
83	91	19.548
83	92	13.524
83	93	19.213
83	94	22.084
83	95	23.043
83	96	24.002
83	97	23.954
83	98	10.205
83	99	12.469
83	100	9.9211
83	101	7.9298
83	102	9.4299
83	103	5.1431
83	104	4.6439
83	105	4.5706
83	106	1.9324
83	107	1.7785
83	108	0.51822
83	109	3.0003
83	110	4.6171
83	111	2.8842
83	112	2.1753
83	113	1.7969
83	114	0.9915
83	115	1.6373
83	116	1.4113
83	117	1.4113
84	85	243.09
84	86	105.47
84	87	74.674
84	88	37.42
84	89	31.955
84	90	21.486
84	91	27.295
84	92	25.356
84	93	17.249
84	94	14.26
84	95	19.902
84	96	19.159
84	97	18.658
84	98	15.39
84	99	13.02
84	100	8.4442
84	101	11.084
84	102	10.068
84	103	4.6137
84	104	5.7399
84	105	5.7226
84	106	1.7259
84	107	1.5877
84	108	4.163
84	109	2.2309
84	110	3.6239
84	111	3.0085
84	112	1.2906
84	113	1.5976
84	114	2.9422
84	115	0.36388
84	116	2.5146
84	117	2.4827
85	86	168.99
85	87	100.97
85	88	54.458
85	89	35.841
85	90	24.867
85	91	17.29
85	92	22.978
85	93	20.571
85	94	17.982
85	95	25.449
85	96	20.044
85	97	16.201
85	98	20.882
85	99	13.343
85	100	10.409
85	101	9.6116
85	102	5.9757
85	103	7.0041
85	104	3.166
85	105	6.0236
85	106	0.74894
85	107	2.3004
85	108	2.4089
85	109	2.322
85	110	3.5935
85	111	2.9806
85	112	1.3981
85	113	1.3835
85	114	2.5484
85	115	2.2111
85	116	1.0913
85	117	4.3045
86	87	246.14
86	88	66.527
86	89	40.63
86	90	31.013
86	91	27.605
86	92	24.436
86	93	26.588
86	94	27.45
86	95	20.987
86	96	28.636
86	97	20.622
86	98	27.851
86	99	12.734
86	100	10.073
86	101	9.8837
86	102	6.6869
86	103	4.6936
86	104	6.577
86	105	4.4556
86	106	3.1469
86	107	1.9353
86	108	3.7995
86	109	3.664
86	110	4.6856
86	111	1.9525
86	112	4.1307
86	113	3.8001
86	114	5.3744
86	115	2.6705
86	116	1.9156
86	117	2.2679
87	88	181.71
87	89	50.739
87	90	42.487
87	91	36.42
87	92	30.94
87	93	20.358
87	94	28.451
87	95	24.241
87	96	25.147
87	97	25.234
87	98	20.917
87	99	17.706
87	100	11.109
87	101	7.2139
87	102	14.553
87	103	4.464
87	104	7.1549
87	105	4.2313
87	106	4.1078
87	107	1.8374
87	108	2.8045
87	109	1.545
87	110	2.2284
87	111	4.079
87	112	2.5148
87	113	2.7668
87	114	3.3085
87	115	2.8431
87	116	1.815
87	117	6.4486
88	89	274.23
88	90	124.12
88	91	64.008
88	92	43.047
88	93	34.294
88	94	16.509
88	95	24.781
88	96	22.507
88	97	16.772
88	98	20.817
88	99	20.977
88	100	13.133
88	101	17.848
88	102	7.5631
88	103	6.884
88	104	6.1941
88	105	4.9062
88	106	3.8162
88	107	2.1353
88	108	4.0961
88	109	4.6672
88	110	4.9511
88	111	4.8158
88	112	3.6407
88	113	6.6976
88	114	3.7879
88	115	2.6487
88	116	3.0383
88	117	3.9978
89	90	353.76
89	91	106.91
89	92	37.684
89	93	27.793
89	94	17.243
89	95	12.573
89	96	19.97
89	97	10.791
89	98	14.877
89	99	20.007
89	100	17.164
89	101	16.543
89	102	12.794
89	103	6.2691
89	104	11.347
89	105	8.8843
89	106	6.7702
89	107	3.1927
89	108	4.4665
89	109	4.8484
89	110	4.3737
89	111	5.7095
89	112	3.1212
89	113	3.092
89	114	3.2023
89	115	3.0814
89	116	6.5891
89	117	6.0017
90	91	388.14
90	92	65.439
90	93	30.443
90	94	11.995
90	95	12.314
90	96	13.05
90	97	9.987
90	98	9.5122
90	99	25.633
90	100	14.89
90	101	9.6746
90	102	24.295
90	103	15.029
90	104	13.588
90	105	9.142
90	106	12.334
90	107	6.5767
90	108	6.9011
90	109	5.5498
90	110	3.8522
90	111	6.4094
90	112	6.8392
90	113	4.7843
90	114	2.9346
90	115	2.7245
90	116	4.7005
90	117	3.0927
91	92	153.18
91	93	46.776
91	94	33.321
91	95	34.442
91	96	24.205
91	97	21.186
91	98	25.978
91	99	22.585
91	100	23.324
91	101	17.271
91	102	11.073
91	103	14.095
91	104	5.4507
91	105	8.5973
91	106	7.576
91	107	7.442
91	108	5.4196
91	109	8.8889
91	110	7.8368
91	111	4.5205
91	112	2.6524
91	113	5.2578
91	114	4.4894
91	115	2.5665
91	116	2.4574
91	117	8.739
92	93	142.48
92	94	54.612
92	95	47.706
92	96	34.442
92	97	25.441
92	98	22.459
92	99	33.453
92	100	19.23
92	101	17.743
92	102	14.835
92	103	18.075
92	104	6.9399
92	105	10.062
92	106	5.0717
92	107	4.1737
92	108	5.4524
92	109	5.5436
92	110	5.989
92	111	5.5678
92	112	4.2174
92	113	4.8044
92	114	4.9856
92	115	4.0503
92	116	4.6374
92	117	12.972
93	94	160.08
93	95	74.949
93	96	51.129
93	97	31.356
93	98	35.224
93	99	35.767
93	100	22.682
93	101	14.962
93	102	9.7933
93	103	8.9142
93	104	7.0461
93	105	7.3917
93	106	4.6014
93	107	5.6741
93	108	5.5251
93	109	4.7614
93	110	5.4607
93	111	4.8234
93	112	5.0579
93	113	5.8086
93	114	4.4181
93	115	2.0575
93	116	2.8847
93	117	3.1128
94	95	197.85
94	96	80.375
94	97	59.671
94	98	53.551
94	99	28.473
94	100	15.559
94	101	11.78
94	102	10.081
94	103	8.083
94	104	3.6593
94	105	6.9491
94	106	4.3127
94	107	3.1725
94	108	3.2356
94	109	3.1213
94	110	5.1798
94	111	3.4387
94	112	2.258
94	113	3.8333
94	114	7.3547
94	115	3.2745
94	116	2.5152
94	117	9.9287
95	96	167.38
95	97	73.429
95	98	64.447
95	99	42.94
95	100	23.648
95	101	12.916
95	102	10.989
95	103	8.2708
95	104	7.4492
95	105	8.24
95	106	3.7433
95	107	4.6072
95	108	2.0085
95	109	2.9042
95	110	3.3452
95	111	5.2613
95	112	1.635
95	113	5.5509
95	114	3.8281
95	115	2.3786
95	116	3.6411
95	117	7.1848
96	97	228.6
96	98	119.35
96	99	56.451
96	100	32.848
96	101	22.064
96	102	7.0689
96	103	12.436
96	104	9.1046
96	105	9.6541
96	106	2.6598
96	107	2.1756
96	108	4.2774
96	109	5.0433
96	110	5.8453
96	111	4.4141
96	112	3.3185
96	113	5.5872
96	114	5.1431
96	115	1.873
96	116	3.4495
96	117	7.6575
97	98	185.46
97	99	60.282
97	100	18.051
97	101	20.357
97	102	12.451
97	103	7.8319
97	104	8.4073
97	105	6.5354
97	106	3.1731
97	107	4.5274
97	108	2.2658
97	109	7.1086
97	110	1.2759
97	111	2.6431
97	112	3.1653
97	113	2.3516
97	114	5.7795
97	115	1.336
97	116	1.5423
97	117	12.18
98	99	161.73
98	100	45.743
98	101	30.798
98	102	17.105
98	103	13.064
98	104	10.938
98	105	9.2869
98	106	5.2685
98	107	2.5913
98	108	4.8985
98	109	6.1767
98	110	5.4478
98	111	5.9303
98	112	6.5793
98	113	4.692
98	114	5.5137
98	115	2.3817
98	116	2.3936
98	117	8.0945
99	100	160.12
99	101	62.375
99	102	29.48
99	103	35.477
99	104	17.683
99	105	24.149
99	106	17.754
99	107	8.1274
99	108	8.866
99	109	12.824
99	110	9.8172
99	111	10.241
99	112	6.1925
99	113	7.3641
99	114	7.8948
99	115	4.5482
99	116	6.0207
99	117	11.903
100	101	218.39
100	102	78.115
100	103	44.415
100	104	32.684
100	105	30.37
100	106	16.62
100	107	11.428
100	108	10.651
100	109	15.56
100	110	9.82
100	111	11.697
100	112	7.906
100	113	11.397
100	114	11.988
100	115	5.4118
100	116	4.9574
100	117	7.3661
101	102	254.81
101	103	90.248
101	104	41.774
101	105	28.732
101	106	19.669
101	107	12.632
101	108	9.1134
101	109	11.101
101	110	5.8697
101	111	14.217
101	112	7.0286
101	113	11.605
101	114	13.723
101	115	7.932
101	116	4.7757
101	117	12.872
102	103	305.53
102	104	52.782
102	105	43.798
102	106	19.863
102	107	13.844
102	108	10.468
102	109	10.479
102	110	12.889
102	111	13.741
102	112	6.1795
102	113	7.5159
102	114	10.484
102	115	7.9269
102	116	5.4533
102	117	5.4533
103	104	162.74
103	105	94.249
103	106	50.409
103	107	16.153
103	108	17.617
103	109	16.125
103	110	17.983
103	111	12.181
103	112	8.5781
103	113	9.4083
103	114	7.2504
103	115	8.971
103	116	5.9396
103	117	16.5
104	105	242.34
104	106	66.469
104	107	22.158
104	108	16.172
104	109	16.725
104	110	19.191
104	111	20.383
104	112	12.362
104	113	10.612
104	114	13.504
104	115	9.2982
104	116	10.315
104	117	12.678
105	106	209.67
105	107	44.386
105	108	29.483
105	109	27.181
105	110	21.955
105	111	16.618
105	112	15.879
105	113	13.546
105	114	12.637
105	115	8.457
105	116	7.9798
105	117	6.7859
106	107	179.37
106	108	54.613
106	109	30.847
106	110	25.167
106	111	22.626
106	112	20.847
106	113	12.999
106	114	9.5894
106	115	19.237
106	116	14.8
106	117	10.816
107	108	264.46
107	109	62.904
107	110	44.232
107	111	43.964
107	112	21.965
107	113	14.327
107	114	13.412
107	115	24.015
107	116	16.366
107	117	8.8946
108	109	215.15
108	110	59.26
108	111	45.647
108	112	28.473
108	113	20.227
108	114	21.314
108	115	18.426
108	116	13.643
108	117	7.7552
109	110	223.88
109	111	95.641
109	112	29.811
109	113	24.249
109	114	24.47
109	115	14.174
109	116	12.812
109	117	13.059
110	111	289.81
110	112	46.867
110	113	32.983
110	114	28.264
110	115	25.656
110	116	16.492
110	117	19.191
111	112	160.51
111	113	57.129
111	114	43.821
111	115	33.409
111	116	18.549
111	117	17.82
112	113	114.78
112	114	69.511
112	115	53.438
112	116	31.507
112	117	22.773
113	114	153.03
113	115	49.602
113	116	21.894
113	117	22.545
114	115	96.782
114	116	31.942
114	117	52.407
115	116	208.92
115	117	42.06
116	117	343.36
