1	2	0.064947
1	3	0.036609
1	4	0.033492
1	5	0.063033
1	6	0.0046431
1	7	0.017242
1	8	0.0043284
1	9	0.0045829
1	10	0.0091125
1	11	0.011417
1	12	0.0039749
1	13	0.01608
1	14	0.0092557
1	15	0.019965
1	16	0.0033451
1	17	0.024845
1	18	0.0060606
1	19	0
1	20	0.011422
1	21	0.0029405
1	22	0.0059834
1	23	0.0066323
1	24	0.0031781
1	25	0.0035028
1	26	0.0032545
1	27	0.0024278
1	28	0
1	29	0.0084027
1	30	0.002643
1	31	0
1	32	0
1	33	0.01404
1	34	0
1	35	0.015999
1	36	0.0024266
1	37	0
1	38	0.0038946
1	39	0.0047177
1	40	0.0032667
1	41	0.0039435
1	42	0
1	43	0.0050408
1	44	0
1	45	0.012182
1	46	0
1	47	0
1	48	0.013561
1	49	0.014268
1	50	0.0065094
1	51	0.0051369
1	52	0.0032289
1	53	0.017074
1	54	0
1	55	0.017088
1	56	0.011045
1	57	0.004296
2	3	0.17593
2	4	0.03403
2	5	0.028052
2	6	0.014767
2	7	0.0082283
2	8	0.024802
2	9	0.0087694
2	10	0.0058153
2	11	0.021819
2	12	0.010132
2	13	0.0025619
2	14	0.005899
2	15	0.0025441
2	16	0.010656
2	17	0.0052749
2	18	0.011581
2	19	0.0094408
2	20	0.0024327
2	21	0.0018804
2	22	0.0038269
2	23	0.002122
2	24	0
2	25	0
2	26	0
2	27	0
2	28	0.0020241
2	29	0
2	30	0
2	31	0
2	32	0
2	33	0.0017954
2	34	0.0068402
2	35	0.0020448
2	36	0.0015511
2	37	0.0079262
2	38	0.014911
2	39	0
2	40	0.016674
2	41	0.0075506
2	42	0.003444
2	43	0.0048292
2	44	0.01489
2	45	0
2	46	0.01802
2	47	0.0085968
2	48	0.0086447
2	49	0.006068
2	50	0.0020788
2	51	0
2	52	0.0020644
2	53	0
2	54	0.0031053
2	55	0.0036421
2	56	0.0017655
2	57	0
3	4	0.16774
3	5	0.024843
3	6	0.029965
3	7	0.017009
3	8	0.013986
3	9	0.0016495
3	10	0.0054704
3	11	0.010256
3	12	0.0057156
3	13	0.008671
3	14	0.0049917
3	15	0.0043051
3	16	0.0072122
3	17	0.00595
3	18	0.013064
3	19	0.002663
3	20	0
3	21	0.0021245
3	22	0
3	23	0
3	24	0
3	25	0
3	26	0.0011784
3	27	0
3	28	0
3	29	0.0020264
3	30	0
3	31	0
3	32	0
3	33	0.0020282
3	34	0.0025751
3	35	0.0011548
3	36	0.001752
3	37	0.0014917
3	38	0.0056105
3	39	0.0033982
3	40	0.003529
3	41	0.0085238
3	42	0.0038891
3	43	0.0018177
3	44	0.010503
3	45	0.0043827
3	46	0.0084718
3	47	0.00485
3	48	0.0097541
3	49	0.0017122
3	50	0.0011737
3	51	0.00092734
3	52	0.001166
3	53	0.0015407
3	54	0.005261
3	55	0.0010287
3	56	0.0019945
3	57	0.003102
4	5	0.10994
4	6	0.031983
4	7	0.023762
4	8	0.011938
4	9	0.0084425
4	10	0.0055986
4	11	0.02363
4	12	0.0073156
4	13	0.0073989
4	14	0.0042592
4	15	0.0055107
4	16	0.010771
4	17	0.0057127
4	18	0.0027873
4	19	0.013633
4	20	0.0035133
4	21	0.0040737
4	22	0.0013818
4	23	0.0015324
4	24	0
4	25	0
4	26	0
4	27	0.0022453
4	28	0.0014618
4	29	0
4	30	0
4	31	0
4	32	0
4	33	0.0012965
4	34	0.0065857
4	35	0.0044297
4	36	0.0033601
4	37	0.0057234
4	38	0.0017944
4	39	0.0043474
4	40	0.00301
4	41	0.0072693
4	42	0
4	43	0.0023247
4	44	0.0080635
4	45	0.0056084
4	46	0.0021685
4	47	0.0041381
4	48	0.0062417
4	49	0.0043814
4	50	0.0015011
4	51	0
4	52	0.0044722
4	53	0.00394
4	54	0.0022423
4	55	0.001315
4	56	0
4	57	0.007932
5	6	0.16453
5	7	0.029807
5	8	0.020581
5	9	0.023787
5	10	0.01314
5	11	0.019744
5	12	0.0051562
5	13	0.01043
5	14	0.014008
5	15	0.010359
5	16	0.0086776
5	17	0.0089508
5	18	0.013101
5	19	0.0096075
5	20	0.0032955
5	21	0.0012729
5	22	0.0012951
5	23	0
5	24	0.0027521
5	25	0.0015169
5	26	0.0014096
5	27	0.0010514
5	28	0
5	29	0.0012129
5	30	0.0011446
5	31	0.001207
5	32	0
5	33	0.0012155
5	34	0.004633
5	35	0.0055395
5	36	0.0031508
5	37	0.0089505
5	38	0.0050543
5	39	0.010204
5	40	0.0056523
5	41	0.005118
5	42	0
5	43	0.0032718
5	44	0.0050483
5	45	0.0052684
5	46	0.0040751
5	47	0.003888
5	48	0.0019548
5	49	0.0144
5	50	0.0042251
5	51	0.0011117
5	52	0.0027953
5	53	0.0036948
5	54	0.004206
5	55	0.0012328
5	56	0
5	57	0.0018595
6	7	0.12349
6	8	0.053734
6	9	0.016047
6	10	0.016437
6	11	0.018171
6	12	0.0075917
6	13	0.010237
6	14	0.010312
6	15	0.013982
6	16	0.019166
6	17	0.0039542
6	18	0.009646
6	19	0.0047149
6	20	0.002424
6	21	0.00093602
6	22	0
6	23	0.0063337
6	24	0.0020233
6	25	0.0033452
6	26	0.003108
6	27	0.0015457
6	28	0
6	29	0.0026748
6	30	0.002524
6	31	0.0017745
6	32	0.0014638
6	33	0.00089389
6	34	0.0045438
6	35	0
6	36	0.0030897
6	37	0.0026338
6	38	0.0074385
6	39	0.0075087
6	40	0.010399
6	41	0.0062764
6	42	0.0017164
6	43	0.0040115
6	44	0.0037153
6	45	0.009048
6	46	0.0074993
6	47	0.0042929
6	48	0.0043168
6	49	0.0060557
6	50	0.0041442
6	51	0.0032704
6	52	0.0020557
6	53	0
6	54	0.0046403
6	55	0.0027197
6	56	0.0035159
6	57	0.0041026
7	8	0.14067
7	9	0.032485
7	10	0.010764
7	11	0.023609
7	12	0.0093934
7	13	0.015438
7	14	0.012303
7	15	0.0070776
7	16	0.0069173
7	17	0.0073398
7	18	0.016114
7	19	0.0087505
7	20	0.0067446
7	21	0.0034718
7	22	0.0044152
7	23	0.0019574
7	24	0.0037518
7	25	0.0010337
7	26	0
7	27	0.00071641
7	28	0.0027987
7	29	0
7	30	0.0023398
7	31	0
7	32	0.0013573
7	33	0.0033157
7	34	0.0010535
7	35	0.0047234
7	36	0.0014327
7	37	0.004886
7	38	0.0046006
7	39	0.006966
7	40	0.0028941
7	41	0.0034935
7	42	0.003184
7	43	0.00074416
7	44	0.0017235
7	45	0.0047974
7	46	0.0069589
7	47	0.0026557
7	48	0.0040057
7	49	0.0070229
7	50	0.00096097
7	51	0.0015164
7	52	0.0019063
7	53	0.0025201
7	54	0.0043035
7	55	0
7	56	0.0016302
7	57	0.006341
8	9	0.10182
8	10	0.02069
8	11	0.023692
8	12	0.01296
8	13	0.0095324
8	14	0.012345
8	15	0.0082859
8	16	0.0059499
8	17	0.0098216
8	18	0.010781
8	19	0.015364
8	20	0.0056338
8	21	0.0052181
8	22	0.0044238
8	23	0.0029413
8	24	0.0037584
8	25	0.0010353
8	26	0
8	27	0
8	28	0
8	29	0
8	30	0.00078112
8	31	0.00082388
8	32	0.0054395
8	33	0.0066453
8	34	0.0063361
8	35	0.0018937
8	36	0.0014358
8	37	0
8	38	0.0069206
8	39	0.0027944
8	40	0.0058051
8	41	0.0023355
8	42	0.001596
8	43	0.0067143
8	44	0.0086434
8	45	0.0036094
8	46	0.0069819
8	47	0.0093253
8	48	0.0080376
8	49	0.0014088
8	50	0.0067437
8	51	0.0030394
8	52	0.0019103
8	53	0.0037886
8	54	0.0071887
8	55	0.0050543
8	56	0.0024503
8	57	0.0038129
9	10	0.13189
9	11	0.026829
9	12	0.016182
9	13	0.012589
9	14	0.011592
9	15	0.010007
9	16	0.013624
9	17	0.0064891
9	18	0.0056982
9	19	0.0092738
9	20	0.013055
9	21	0.0091505
9	22	0.013962
9	23	0.011339
9	24	0.0079034
9	25	0.008702
9	26	0.010098
9	27	0.0082911
9	28	0.0078532
9	29	0.0060906
9	30	0.0073864
9	31	0.0077931
9	32	0.0071522
9	33	0.0061198
9	34	0.011123
9	35	0.0049856
9	36	0.006802
9	37	0.0038716
9	38	0.0024335
9	39	0.0044215
9	40	0.0040829
9	41	0.0073893
9	42	0.005045
9	43	0.014937
9	44	0.0054729
9	45	0.0012703
9	46	0.0058995
9	47	0.002814
9	48	0.0056592
9	49	0.011892
9	50	0.0050758
9	51	0.0087984
9	52	0.0070369
9	53	0.0093076
9	54	0.006056
9	55	0.0070916
9	56	0.0077359
9	57	0.0053519
10	11	0.058058
10	12	0.02391
10	13	0.019178
10	14	0.013436
10	15	0.012429
10	16	0.0076367
10	17	0.0077381
10	18	0.0062915
10	19	0.0030712
10	20	0.017279
10	21	0.018766
10	22	0.015394
10	23	0.015
10	24	0.016989
10	25	0.0079125
10	26	0.0073441
10	27	0.0084732
10	28	0.0097373
10	29	0.0074805
10	30	0.0097691
10	31	0.0062993
10	32	0.0085164
10	33	0.008098
10	34	0.0051526
10	35	0.010557
10	36	0.012502
10	37	0.0034167
10	38	0.0016111
10	39	0.0058546
10	40	0.0013516
10	41	0.0048919
10	42	0.0089042
10	43	0.010927
10	44	0.0048319
10	45	0.0033649
10	46	0.0019537
10	47	0.0074547
10	48	0.0028111
10	49	0.0078742
10	50	0.0094065
10	51	0.013231
10	52	0.013967
10	53	0.0079185
10	54	0.01102
10	55	0.013489
10	56	0.0079615
10	57	0.0079676
11	12	0.059002
11	13	0.021985
11	14	0.016268
11	15	0.0078006
11	16	0.014377
11	17	0.0097096
11	18	0.016579
11	19	0.01157
11	20	0.0059339
11	21	0.0045784
11	22	0.005822
11	23	0.0025801
11	24	0.0024727
11	25	0
11	26	0
11	27	0.0018876
11	28	0.0012291
11	29	0.0043568
11	30	0
11	31	0.0032518
11	32	0.0071584
11	33	0.0043734
11	34	0.015294
11	35	0.012465
11	36	0.0047251
11	37	0.0080627
11	38	0.0060774
11	39	0.0055212
11	40	0.002549
11	41	0.0015381
11	42	0.004203
11	43	0.0058941
11	44	0.0045548
11	45	0.0015853
11	46	0.0018401
11	47	0.0087773
11	48	0.012357
11	49	0.011135
11	50	0.0038056
11	51	0.005001
11	52	0.0012572
11	53	0
11	54	0.0094638
11	55	0.0022175
11	56	0.0021501
11	57	0.015057
12	13	0.235
12	14	0.02013
12	15	0.0076018
12	16	0.011827
12	17	0.010139
12	18	0.016487
12	19	0.026171
12	20	0.0092879
12	21	0.0095532
12	22	0.0048591
12	23	0.0017943
12	24	0.0025794
12	25	0.004735
12	26	0.00087935
12	27	0.0019688
12	28	0.00085464
12	29	0.00075741
12	30	0.0021436
12	31	0.003015
12	32	0
12	33	0.0053235
12	34	0.0019344
12	35	0.0060699
12	36	0.0052588
12	37	0.0067313
12	38	0.0084579
12	39	0.0089644
12	40	0.0053212
12	41	0.0042809
12	42	0.0043861
12	43	0.0082012
12	44	0.0031697
12	45	0.0055164
12	46	0.0051229
12	47	0.0048872
12	48	0.006143
12	49	0.0077487
12	50	0.0052953
12	51	0.0055657
12	52	0.0017489
12	53	0.0011564
12	54	0.0026333
12	55	0
12	56	0.0059819
12	57	0.004655
13	14	0.043262
13	15	0.020868
13	16	0.016563
13	17	0.014811
13	18	0.02001
13	19	0.018325
13	20	0.015656
13	21	0.0080514
13	22	0.0065523
13	23	0.0072587
13	24	0.0034783
13	25	0
13	26	0.0017787
13	27	0.00066371
13	28	0.0017287
13	29	0.003064
13	30	0.0021679
13	31	0
13	32	0.0062939
13	33	0.00076913
13	34	0.0068473
13	35	0.010524
13	36	0.0059834
13	37	0.0011346
13	38	0.008554
13	39	0.0025904
13	40	0.0017939
13	41	0.0032472
13	42	0.0044359
13	43	0.0027648
13	44	0.0032057
13	45	0.0044633
13	46	0.0025906
13	47	0.0024714
13	48	0.0037277
13	49	0.0091429
13	50	0.0017851
13	51	0.005629
13	52	0.0026532
13	53	0.0035087
13	54	0.0079897
13	55	0.0031197
13	56	0.0030249
13	57	0.0047078
14	15	0.11252
14	16	0.060371
14	17	0.035409
14	18	0.019194
14	19	0.0093743
14	20	0.01081
14	21	0.0064858
14	22	0.0056552
14	23	0.0041764
14	24	0.0040025
14	25	0.0066124
14	26	0.0010233
14	27	0.0022911
14	28	0.0049729
14	29	0.0044072
14	30	0.0024946
14	31	0.0052631
14	32	0.01014
14	33	0.0053107
14	34	0.0067544
14	35	0.0050463
14	36	0.0015302
14	37	0.0039175
14	38	0.0086146
14	39	0.0074534
14	40	0.0082587
14	41	0.004983
14	42	0.0034034
14	43	0.0087504
14	44	0.0036897
14	45	0.0025686
14	46	0.0059637
14	47	0.0028446
14	48	0.0014302
14	49	0.015033
14	50	0.0041089
14	51	0.0024292
14	52	0.0030533
14	53	0
14	54	0.0045974
14	55	0.0035901
14	56	0.0026108
14	57	0.0040634
15	16	0.14078
15	17	0.071309
15	18	0.048041
15	19	0.010115
15	20	0.0093361
15	21	0.004802
15	22	0.0040708
15	23	0.002706
15	24	0.0043222
15	25	0.0066653
15	26	0.00088422
15	27	0
15	28	0.0017186
15	29	0.0030461
15	30	0.0035921
15	31	0.005305
15	32	0.0037539
15	33	0.0091741
15	34	0.0058333
15	35	0.0026149
15	36	0.0019824
15	37	0.0022553
15	38	0.0042502
15	39	0.0064353
15	40	0.0071304
15	41	0.0053781
15	42	0.0029391
15	43	0.0034347
15	44	0.0063708
15	45	0.0066522
15	46	0.0038609
15	47	0.0085944
15	48	0.0098768
15	49	0.0064894
15	50	0.0035483
15	51	0.0013988
15	52	0.0035163
15	53	0.0011625
15	54	0.0039706
15	55	0.00077525
15	56	0.0015034
15	57	0.0011698
16	17	0.12991
16	18	0.040247
16	19	0.020338
16	20	0.012168
16	21	0.0026824
16	22	0.0061398
16	23	0.0030232
16	24	0.0079677
16	25	0
16	26	0.00074095
16	27	0.0022117
16	28	0.0050405
16	29	0.0019144
16	30	0.001204
16	31	0.0012701
16	32	0.0073394
16	33	0.0025623
16	34	0.0081459
16	35	0.002191
16	36	0.0033221
16	37	0.0028344
16	38	0.0053413
16	39	0.0075483
16	40	0.0089611
16	41	0.0081108
16	42	0.0049251
16	43	0.004029
16	44	0.0053376
16	45	0.007431
16	46	0.005391
16	47	0.0030858
16	48	0.003103
16	49	0.0043496
16	50	0.008919
16	51	0.000586
16	52	0.0014732
16	53	0.0068182
16	54	0.0022179
16	55	0.0012992
16	56	0.0025194
16	57	0.0029406
17	18	0.13231
17	19	0.031479
17	20	0.012919
17	21	0
17	22	0.0067611
17	23	0.0037456
17	24	0.0026922
17	25	0
17	26	0.00091813
17	27	0.0013702
17	28	0.0017844
17	29	0.0015813
17	30	0.00074591
17	31	0.0023604
17	32	0.0012989
17	33	0.0079354
17	34	0.003027
17	35	0.00090466
17	36	0.0041152
17	37	0.0058511
17	38	0.0055124
17	39	0.010684
17	40	0.0064736
17	41	0.0022322
17	42	0.0045752
17	43	0.006416
17	44	0.011567
17	45	0.0011502
17	46	0.0080105
17	47	0.0025474
17	48	0.010246
17	49	0.0040398
17	50	0.0018412
17	51	0.0029037
17	52	0.0045623
17	53	0.0024131
17	54	0.004121
17	55	0
17	56	0.0015605
17	57	0
18	19	0.095213
18	20	0.012605
18	21	0.010942
18	22	0.0074207
18	23	0.0027406
18	24	0.0026265
18	25	0.0028934
18	26	0
18	27	0.0010026
18	28	0.0013056
18	29	0
18	30	0.0010916
18	31	0
18	32	0.0038018
18	33	0.0058065
18	34	0.0073832
18	35	0.0039718
18	36	0.0050186
18	37	0.008563
18	38	0.0080675
18	39	0.0019544
18	40	0.0027069
18	41	0.0032669
18	42	0.0044638
18	43	0.0010433
18	44	0.0096738
18	45	0.011784
18	46	0.0078159
18	47	0.0074564
18	48	0.003749
18	49	0.0039416
18	50	0.0040418
18	51	0.0042493
18	52	0.004006
18	53	0.0052972
18	54	0.0080412
18	55	0.0011776
18	56	0.0034255
18	57	0
19	20	0.061498
19	21	0.011859
19	22	0.012064
19	23	0.0016704
19	24	0.0048026
19	25	0.0035262
19	26	0.0016371
19	27	0.0036654
19	28	0.0015911
19	29	0.0014102
19	30	0
19	31	0.0028067
19	32	0.0046351
19	33	0.0070805
19	34	0.0090057
19	35	0.0080738
19	36	0.0061204
19	37	0.014625
19	38	0.0078765
19	39	0.0023852
19	40	0.0099109
19	41	0.0099663
19	42	0
19	43	0
19	44	0.0059038
19	45	0.0041101
19	46	0.0047713
19	47	0.013655
19	48	0.0022886
19	49	0.0024054
19	50	0.0032871
19	51	0.0077731
19	52	0
19	53	0.0064603
19	54	0.0024519
19	55	0.0028719
19	56	0.0069617
19	57	0.010835
20	21	0.12393
20	22	0.063789
20	23	0.033178
20	24	0.032611
20	25	0.012559
20	26	0.0049939
20	27	0.0099445
20	28	0.0056669
20	29	0.0093305
20	30	0.0081221
20	31	0.010715
20	32	0.005905
20	33	0.0086661
20	34	0.012873
20	35	0.010714
20	36	0.0081182
20	37	0.0053369
20	38	0.0050365
20	39	0.0061005
20	40	0.0016902
20	41	0.0020387
20	42	0.0055628
20	43	0.0078019
20	44	0.010576
20	45	0.00421
20	46	0.0012225
20	47	0.0034983
20	48	0.0046904
20	49	0.003693
20	50	0.0025186
20	51	0.011234
20	52	0.0033216
20	53	0.0054938
20	54	0.0087589
20	55	0.0073214
20	56	0.0078096
20	57	0.01216
21	22	0.13488
21	23	0.072661
21	24	0.053951
21	25	0.026221
21	26	0.010241
21	27	0.014342
21	28	0.0087178
21	29	0.013804
21	30	0.014057
21	31	0.0071438
21	32	0.0081808
21	33	0.006672
21	34	0.0084981
21	35	0.0095204
21	36	0.010098
21	37	0.0032893
21	38	0.0031057
21	39	0.0037618
21	40	0.0013029
21	41	0.0015712
21	42	0.0042854
21	43	0.0090156
21	44	0.0011648
21	45	0.0032465
21	46	0.00094291
21	47	0.0017988
21	48	0
21	49	0
21	50	0.0084079
21	51	0.011703
21	52	0.0076719
21	53	0.0008461
21	54	0.0057816
21	55	0.0124
21	56	0.0076519
21	57	0.008512
22	23	0.099185
22	24	0.064433
22	25	0.036487
22	26	0.014968
22	27	0.0175
22	28	0.013297
22	29	0.010668
22	30	0.0095292
22	31	0.0089408
22	32	0.0055463
22	33	0.0073507
22	34	0.010083
22	35	0.010328
22	36	0.010759
22	37	0.0083637
22	38	0.0023693
22	39	0.0019132
22	40	0.00066262
22	41	0.0047944
22	42	0.0021792
22	43	0.0045848
22	44	0.0011849
22	45	0.0024768
22	46	0.0019183
22	47	0.0018298
22	48	0.00184
22	49	0.0019306
22	50	0.0039468
22	51	0.007762
22	52	0.010403
22	53	0.0060234
22	54	0.0098
22	55	0.013756
22	56	0.012784
22	57	0.0095224
23	24	0.1094
23	25	0.058987
23	26	0.015115
23	27	0.024196
23	28	0.01681
23	29	0.019875
23	30	0.023424
23	31	0.014836
23	32	0.0081826
23	33	0.0037545
23	34	0.00079723
23	35	0.011431
23	36	0.011907
23	37	0.0064813
23	38	0
23	39	0.0021185
23	40	0.0014676
23	41	0.0017696
23	42	0.0024125
23	43	0.0062034
23	44	0.0013122
23	45	0.00091445
23	46	0
23	47	0
23	48	0
23	49	0.001069
23	50	0.0050974
23	51	0.0057269
23	52	0.012952
23	53	0.0095237
23	54	0.0054234
23	55	0.01776
23	56	0.0098418
23	57	0.010539
24	25	0.10042
24	26	0.015865
24	27	0.017004
24	28	0.020808
24	29	0.0125
24	30	0.020203
24	31	0.01481
24	32	0.010783
24	33	0.0059969
24	34	0.01146
24	35	0.0089012
24	36	0.012967
24	37	0.0044367
24	38	0.0033525
24	39	0.0030455
24	40	0.0014064
24	41	0.0059356
24	42	0.006936
24	43	0.005945
24	44	0.0025151
24	45	0
24	46	0.0020365
24	47	0.0019425
24	48	0.0019533
24	49	0.0010245
24	50	0.0034894
24	51	0.0087814
24	52	0.0089644
24	53	0.0063889
24	54	0.0093557
24	55	0.014589
24	56	0.0076635
24	57	0.011018
25	26	0.022747
25	27	0.016428
25	28	0.011807
25	29	0.010472
25	30	0.01234
25	31	0.0084679
25	32	0.0043124
25	33	0.0046178
25	34	0.0058847
25	35	0.0045201
25	36	0.0039944
25	37	0.0039061
25	38	0.0018453
25	39	0.0033526
25	40	0.0030967
25	41	0.0037336
25	42	0
25	43	0.0053529
25	44	0
25	45	0
25	46	0
25	47	0
25	48	0
25	49	0
25	50	0.003072
25	51	0.0072453
25	52	0.006827
25	53	0.0060248
25	54	0.0022874
25	55	0.010699
25	56	0.0097267
25	57	0.0030303
26	27	0.11187
26	28	0.06158
26	29	0.033984
26	30	0.034324
26	31	0.024764
26	32	0.011999
26	33	0.012851
26	34	0.0077998
26	35	0.0083872
26	36	0.0089991
26	37	0.0045308
26	38	0.0017128
26	39	0.0010373
26	40	0.0007186
26	41	0.0051979
26	42	0.0035412
26	43	0.004967
26	44	0.0038559
26	45	0.0017919
26	46	0.0010413
26	47	0.0019863
26	48	0
26	49	0.0052352
26	50	0.0042758
26	51	0.0061611
26	52	0.0063328
26	53	0.0027946
26	54	0.0063664
26	55	0.016746
26	56	0.013834
26	57	0.0037482
27	28	0.11707
27	29	0.047604
27	30	0.054708
27	31	0.042867
27	32	0.018672
27	33	0.018738
27	34	0.0075719
27	35	0.0073073
27	36	0.0094881
27	37	0.010149
27	38	0.0025573
27	39	0.0015487
27	40	0.0053644
27	41	0.002587
27	42	0.0070512
27	43	0.009066
27	44	0.0038377
27	45	0.0020062
27	46	0.0031085
27	47	0.0014824
27	48	0.00074534
27	49	0.0015632
27	50	0.0058533
27	51	0.0079478
27	52	0.011036
27	53	0.0069569
27	54	0.0079239
27	55	0.018067
27	56	0.016622
27	57	0.0090976
28	29	0.098039
28	30	0.065143
28	31	0.049964
28	32	0.023349
28	33	0.01905
28	34	0.0083452
28	35	0.010198
28	36	0.017508
28	37	0.0052876
28	38	0.0033306
28	39	0.0040341
28	40	0.004192
28	41	0.0025271
28	42	0.010332
28	43	0.0085878
28	44	0.0049981
28	45	0.00087092
28	46	0.0030362
28	47	0.0038612
28	48	0
28	49	0.0040717
28	50	0.0034654
28	51	0.0098076
28	52	0.014375
28	53	0.01178
28	54	0.0072248
28	55	0.016896
28	56	0.0087776
28	57	0.0063808
29	30	0.091845
29	31	0.079236
29	32	0.028469
29	33	0.033254
29	34	0.017488
29	35	0.012658
29	36	0.012327
29	37	0.0085938
29	38	0.0022142
29	39	0.0017879
29	40	0.004335
29	41	0.0082136
29	42	0.0091598
29	43	0.0080892
29	44	0.0022151
29	45	0.0038595
29	46	0.00089695
29	47	0.0042776
29	48	0.0025808
29	49	0.0027068
29	50	0.010445
29	51	0.0062803
29	52	0.0072835
29	53	0.010445
29	54	0.010981
29	55	0.011771
29	56	0.011934
29	57	0.010507
30	31	0.12041
30	32	0.030096
30	33	0.022895
30	34	0.012051
30	35	0.011368
30	36	0.013346
30	37	0.0044207
30	38	0.0013923
30	39	0.0025296
30	40	0.0035047
30	41	0.0042255
30	42	0.0076785
30	43	0.0089749
30	44	0.0010447
30	45	0.0043688
30	46	0.0016923
30	47	0.0024211
30	48	0
30	49	0.0025531
30	50	0.0046356
30	51	0.010022
30	52	0.0080125
30	53	0.0075762
30	54	0.0086292
30	55	0.021693
30	56	0.012231
30	57	0.0076211
31	32	0.081567
31	33	0.038349
31	34	0.01071
31	35	0.011398
31	36	0.01863
31	37	0.0077752
31	38	0.0036726
31	39	0.0053381
31	40	0.0036979
31	41	0.014119
31	42	0.011142
31	43	0.010418
31	44	0.0044088
31	45	0.00076818
31	46	0.00089262
31	47	0.0025542
31	48	0.0017123
31	49	0.0071834
31	50	0.0061149
31	51	0.01202
31	52	0.012081
31	53	0.0071964
31	54	0.0091072
31	55	0.013312
31	56	0.012394
31	57	0.0048262
32	33	0.12946
32	34	0.024349
32	35	0.0069433
32	36	0.012775
32	37	0.011567
32	38	0.0060684
32	39	0.0058802
32	40	0.0091649
32	41	0.0098239
32	42	0.0083721
32	43	0.0070454
32	44	0.018209
32	45	0.0063442
32	46	0.0058965
32	47	0.0042183
32	48	0.0056556
32	49	0.002967
32	50	0.0090976
32	51	0.0039757
32	52	0.0049954
32	53	0.0119
32	54	0.0045178
32	55	0.0070461
32	56	0.0059788
32	57	0.0053209
33	34	0.081215
33	35	0.018804
33	36	0.018842
33	37	0.018074
33	38	0.0081605
33	39	0.0071887
33	40	0.0074692
33	41	0.019517
33	42	0.010238
33	43	0.01053
33	44	0.0044517
33	45	0.0062033
33	46	0.0036031
33	47	0.0042961
33	48	0.0051839
33	49	0.0072538
33	50	0.012361
33	51	0.010212
33	52	0.0091658
33	53	0.012938
33	54	0.011972
33	55	0.0080807
33	56	0.0094033
33	57	0.0056948
34	35	0.066422
34	36	0.032773
34	37	0.03101
34	38	0.015105
34	39	0.013722
34	40	0.0087122
34	41	0.011464
34	42	0.0052133
34	43	0.014623
34	44	0.01416
34	45	0.009864
34	46	0.0091657
34	47	0.0087431
34	48	0.0065938
34	49	0.0069221
34	50	0.013376
34	51	0.0086703
34	52	0.010117
34	53	0.010297
34	54	0.015244
34	55	0.0061752
34	56	0.011311
34	57	0.01554
35	36	0.15159
35	37	0.052005
35	38	0.017771
35	39	0.015375
35	40	0.0078099
35	41	0.0068507
35	42	0.017523
35	43	0.020754
35	44	0.0076162
35	45	0.0053058
35	46	0.0071901
35	47	0.0029393
35	48	0.0059114
35	49	0.0041369
35	50	0.0077576
35	51	0.017207
35	52	0.012555
35	53	0.017535
35	54	0.0094593
35	55	0.010454
35	56	0.018486
35	57	0.013
36	37	0.075421
36	38	0.017317
36	39	0.017091
36	40	0.0064574
36	41	0.007788
36	42	0.014164
36	43	0.019038
36	44	0.0057727
36	45	0.0046921
36	46	0.0015573
36	47	0.0029709
36	48	0.0029874
36	49	0.0047032
36	50	0.01817
36	51	0.019345
36	52	0.022723
36	53	0.010489
36	54	0.012742
36	55	0.011647
36	56	0.01762
36	57	0.018292
37	38	0.093114
37	39	0.031845
37	40	0.024814
37	41	0.017738
37	42	0.027231
37	43	0.018388
37	44	0.018072
37	45	0.0034331
37	46	0.0079744
37	47	0.010142
37	48	0.0076491
37	49	0.012048
37	50	0.018265
37	51	0.0086285
37	52	0.0081323
37	53	0.011955
37	54	0.014975
37	55	0.0047802
37	56	0.0061804
37	57	0.0048113
38	39	0.15517
38	40	0.038133
38	41	0.027185
38	42	0.017129
38	43	0.0080076
38	44	0.01704
38	45	0.014024
38	46	0.0087684
38	47	0.0071696
38	48	0.0096126
38	49	0.01136
38	50	0.0068935
38	51	0.0061089
38	52	0.0085305
38	53	0.0033853
38	54	0.0077094
38	55	0.0075219
38	56	0.0021881
38	57	0.0022709
39	40	0.10078
39	41	0.030396
39	42	0.015561
39	43	0.015357
39	44	0.0093819
39	45	0.0065335
39	46	0.013656
39	47	0.0057897
39	48	0.0029109
39	49	0.0045867
39	50	0.0083499
39	51	0.00082216
39	52	0.0030998
39	53	0.0027336
39	54	0.0062254
39	55	0.0027333
39	56	0.0026503
39	57	0.0068765
40	41	0.11842
40	42	0.028742
40	43	0.022393
40	44	0.018193
40	45	0.022624
40	46	0.016813
40	47	0.013031
40	48	0.0070558
40	49	0.018001
40	50	0.016627
40	51	0.0051254
40	52	0.0071572
40	53	0.0047337
40	54	0.011858
40	55	0.0056799
40	56	0.00061195
40	57	0.0019053
41	42	0.059226
41	43	0.02296
41	44	0.023519
41	45	0.026206
41	46	0.010144
41	47	0.012096
41	48	0.012163
41	49	0.01022
41	50	0.0087202
41	51	0.0082419
41	52	0.0025895
41	53	0.0091347
41	54	0.0091014
41	55	0.0030443
41	56	0.005166
41	57	0.0045957
42	43	0.12717
42	44	0.027832
42	45	0.022369
42	46	0.0086599
42	47	0.0033043
42	48	0.011629
42	49	0.017443
42	50	0.021419
42	51	0.011242
42	52	0.0058862
42	53	0.018691
42	54	0.017737
42	55	0.012455
42	56	0.0090585
42	57	0.01097
43	44	0.068055
43	45	0.022308
43	46	0.012144
43	47	0.0077231
43	48	0.0093193
43	49	0.0089698
43	50	0.01502
43	51	0.016643
43	52	0.015961
43	53	0.012379
43	54	0.014926
43	55	0.017469
43	56	0.018352
43	57	0.013188
44	45	0.069544
44	46	0.045068
44	47	0.03941
44	48	0.019815
44	49	0.028389
44	50	0.02197
44	51	0.0040729
44	52	0.0025594
44	53	0.011849
44	54	0.0019274
44	55	0.0056422
44	56	0.0054709
44	57	0.006813
45	46	0.11897
45	47	0.053628
45	48	0.026336
45	49	0.022404
45	50	0.019804
45	51	0.0056752
45	52	0.0026748
45	53	0.0058962
45	54	0.0040281
45	55	0.00629
45	56	0.0015247
45	57	0.0071199
46	47	0.097006
46	48	0.03203
46	49	0.018362
46	50	0.013592
46	51	0.0032963
46	52	0.0051788
46	53	0.010958
46	54	0.0093578
46	55	0.0027402
46	56	0.0017713
46	57	0.0041353
47	48	0.11806
47	49	0.035034
47	50	0.015957
47	51	0.0039303
47	52	0.0029639
47	53	0.0078398
47	54	0.0059508
47	55	0.0026137
47	56	0.0050687
47	57	0.0039446
48	49	0.10128
48	50	0.02106
48	51	0.014228
48	52	0.0089413
48	53	0.0026278
48	54	0.0089758
48	55	0.0043804
48	56	0.0076453
48	57	0.0039665
49	50	0.094769
49	51	0.016592
49	52	0.011469
49	53	0.0096536
49	54	0.018844
49	55	0.0045968
49	56	0.014263
49	57	0.015265
50	51	0.072389
50	52	0.037666
50	53	0.03385
50	54	0.022486
50	55	0.018172
50	56	0.013368
50	57	0.022705
51	52	0.14539
51	53	0.056239
51	54	0.028653
51	55	0.028594
51	56	0.026294
51	57	0.024568
52	53	0.081825
52	54	0.036004
52	55	0.030353
52	56	0.027632
52	57	0.02058
53	54	0.10789
53	55	0.045907
53	56	0.023848
53	57	0.018568
54	55	0.07749
54	56	0.035308
54	57	0.023966
55	56	0.11015
55	57	0.073401
56	57	0.15995
