1	2	6.2642
1	3	2.34
1	4	1.1209
1	5	1.4154
1	6	0.88318
1	7	0.91392
1	8	0.72514
1	9	0.38325
1	10	0.47324
1	11	0.38603
1	12	0.28687
1	13	0.36938
1	14	0.27079
1	15	0.40747
1	16	0.57507
1	17	0.34967
1	18	0.52713
1	19	0.31855
1	20	0.53381
1	21	0.34856
1	22	0.4562
1	23	0.35959
1	24	0.29906
1	25	0.29226
1	26	0.26273
1	27	0.40662
1	28	0.32251
1	29	0.10881
1	30	0.19
1	31	0.19912
1	32	0.27242
1	33	0.50522
1	34	0.46345
1	35	0.35458
1	36	0.52178
1	37	0.3145
1	38	0.50983
1	39	0.36525
1	40	18.654
1	41	0
1	42	0
1	43	0
1	44	0
1	45	0
1	46	0
1	47	0.22097
1	48	0.30352
1	49	0.30098
1	50	0.24191
1	51	0.13262
1	52	0.0488
1	53	0.048641
1	54	0.15775
1	55	0.094211
1	56	0.22182
1	57	0.12117
1	58	0.19262
1	59	0.14592
1	60	0.091402
1	61	0.071107
1	62	0.16351
1	63	0.16156
1	64	0.23591
1	65	0.13701
1	66	0.09993
1	67	0.27495
1	68	0.1544
1	69	0.20859
1	70	0.27244
1	71	0.074317
1	72	0.1975
1	73	0.236
1	74	0.12394
1	75	0.43704
1	76	0
1	77	0.062257
1	78	0.075982
1	79	0.052105
1	80	0.1423
1	81	0.090479
1	82	0.054643
1	83	0.14998
1	84	0.076034
1	85	0.16586
1	86	0.02822
1	87	0.19844
1	88	0.076764
1	89	0.12807
1	90	0.10093
1	91	0.087201
1	92	0.092345
1	93	0.06326
1	94	0.081368
1	95	0.10338
1	96	0.11508
1	97	0.097823
1	98	0.075751
1	99	0.18288
1	100	0.37177
1	101	0.060935
1	102	0.25774
1	103	0.24147
1	104	0.28761
1	105	0.2149
1	106	0.14105
1	107	0
1	108	0
1	109	0.13895
1	110	0.13175
1	111	0.20842
1	112	0
1	113	0.11021
1	114	0.084501
1	115	0.25336
1	116	0.23953
1	117	0
2	3	5.306
2	4	1.6944
2	5	1.2039
2	6	0.86326
2	7	0.72367
2	8	0.72071
2	9	0.46027
2	10	0.68284
2	11	0.52983
2	12	0.38161
2	13	0.56547
2	14	0.36386
2	15	0.53142
2	16	0.65874
2	17	0.23854
2	18	0.40905
2	19	0.3803
2	20	0.32876
2	21	0.46368
2	22	0.37461
2	23	0.24677
2	24	0.36836
2	25	0.1512
2	26	0.36676
2	27	0.39442
2	28	0.39157
2	29	0.16083
2	30	0.16048
2	31	0.2733
2	32	0.36239
2	33	0.35004
2	34	0.47951
2	35	0.22462
2	36	0.19281
2	37	0.40675
2	38	0.19947
2	39	0.53986
2	40	0
2	41	0
2	42	0
2	43	2.5065
2	44	0
2	45	0
2	46	0
2	47	0.2994
2	48	0.22431
2	49	0.060664
2	50	0.099322
2	51	0.11762
2	52	0.10819
2	53	0.10784
2	54	0.097152
2	55	0.13925
2	56	0.12295
2	57	0.12537
2	58	0.10676
2	59	0.089868
2	60	0.15762
2	61	0.19269
2	62	0.12084
2	63	0.2189
2	64	0.049813
2	65	0.14176
2	66	0.14771
2	67	0.127
2	68	0.17116
2	69	0.13213
2	70	0.12584
2	71	0.16477
2	72	0.11677
2	73	0.11627
2	74	0.0687
2	75	0.14681
2	76	0.12381
2	77	0.092021
2	78	0.056154
2	79	0.077016
2	80	0.10517
2	81	0.044578
2	82	0.12115
2	83	0.073894
2	84	0.13112
2	85	0.087557
2	86	0.16685
2	87	0.12833
2	88	0.094553
2	89	0.15144
2	90	0.055945
2	91	0.064445
2	92	0.090996
2	93	0.14025
2	94	0.080179
2	95	0.057302
2	96	0.10205
2	97	0.10844
2	98	0.18661
2	99	0.090103
2	100	0.13738
2	101	0.20265
2	102	0.14286
2	103	0.14871
2	104	0.12146
2	105	0
2	106	0.05212
2	107	0.13067
2	108	0.05333
2	109	0.10269
2	110	0.12983
2	111	0.077016
2	112	0
2	113	0.24436
2	114	0
2	115	0.093622
2	116	0.17703
2	117	0
3	4	3.6827
3	5	2.1939
3	6	1.1249
3	7	0.70675
3	8	0.60513
3	9	0.45764
3	10	0.68888
3	11	0.49169
3	12	0.45673
3	13	0.45368
3	14	0.39194
3	15	0.38161
3	16	0.34792
3	17	0.35973
3	18	0.21821
3	19	0.35892
3	20	0.35884
3	21	0.57715
3	22	0.56493
3	23	0.19629
3	24	0.23807
3	25	0.22335
3	26	0.26027
3	27	0.24277
3	28	0.22006
3	29	0.25985
3	30	0.25929
3	31	0.19928
3	32	0.27758
3	33	0.44241
3	34	0.26563
3	35	0.096779
3	36	0.23735
3	37	0.25036
3	38	0.28649
3	39	0.3323
3	40	0
3	41	0
3	42	0
3	43	4.3199
3	44	0.34434
3	45	0
3	46	0
3	47	0.14073
3	48	0.24162
3	49	0.12198
3	50	0.10271
3	51	0.084462
3	52	0.12431
3	53	0.23233
3	54	0.083718
3	55	0.059998
3	56	0.12361
3	57	0.092598
3	58	0.061334
3	59	0.061954
3	60	0.077613
3	61	0.060379
3	62	0.12149
3	63	0.10289
3	64	0.10731
3	65	0.22686
3	66	0.063641
3	67	0.1751
3	68	0.19666
3	69	0.17079
3	70	0.15182
3	71	0.16565
3	72	0.17609
3	73	0.25049
3	74	0.098668
3	75	0.075908
3	76	0.14936
3	77	0.15859
3	78	0.12904
3	79	0.11614
3	80	0.12083
3	81	0.057621
3	82	0.069598
3	83	0.15919
3	84	0.17755
3	85	0.09054
3	86	0.071889
3	87	0.063189
3	88	0.17925
3	89	0.048938
3	90	0.096419
3	91	0.14809
3	92	0.039207
3	93	0.12086
3	94	0.086366
3	95	0.13168
3	96	0.13191
3	97	0.093448
3	98	0.096484
3	99	0.077644
3	100	0.14206
3	101	0.15523
3	102	0.18466
3	103	0.10252
3	104	0.052333
3	105	0.19161
3	106	0.044913
3	107	0.056301
3	108	0.18382
3	109	0.17698
3	110	0.11187
3	111	0.13273
3	112	0
3	113	0.07019
3	114	0.21526
3	115	0
3	116	0.22882
3	117	0
4	5	5.8655
4	6	1.3732
4	7	1.3342
4	8	0.91534
4	9	0.77455
4	10	0.6462
4	11	0.52151
4	12	0.28003
4	13	0.24146
4	14	0.40552
4	15	0.45333
4	16	0.52628
4	17	0.41026
4	18	0.35376
4	19	0.3289
4	20	0.41615
4	21	0.34025
4	22	0.60305
4	23	0.17238
4	24	0.21287
4	25	0.26747
4	26	0.26715
4	27	0.24808
4	28	0.21082
4	29	0.23234
4	30	0.18216
4	31	0.24297
4	32	0.44875
4	33	0.36603
4	34	0.4524
4	35	0.21633
4	36	0.22739
4	37	0.40774
4	38	0.16467
4	39	0.35018
4	40	0
4	41	0
4	42	0
4	43	2.0692
4	44	0.32988
4	45	0
4	46	0
4	47	0.13482
4	48	0.23147
4	49	0.11685
4	50	0.13119
4	51	0.12946
4	52	0.14886
4	53	0.17806
4	54	0.12832
4	55	0.13412
4	56	0.18608
4	57	0.10349
4	58	0.10283
4	59	0.059352
4	60	0.055765
4	61	0.086765
4	62	0.21614
4	63	0.16428
4	64	0.16449
4	65	0.21733
4	66	0.1829
4	67	0.10484
4	68	0.070651
4	69	0.14544
4	70	0.083109
4	71	0.11335
4	72	0.096396
4	73	0.071992
4	74	0.18905
4	75	0.19392
4	76	0.12265
4	77	0.17092
4	78	0.15452
4	79	0.079474
4	80	0.07235
4	81	0.055202
4	82	0.050007
4	83	0.030501
4	84	0.1237
4	85	0.072281
4	86	0.22383
4	87	0.07567
4	88	0.078057
4	89	0.10939
4	90	0.09237
4	91	0.1596
4	92	0.05634
4	93	0.057893
4	94	0.082739
4	95	0.14191
4	96	0.056166
4	97	0.074603
4	98	0.046216
4	99	0.14877
4	100	0.090728
4	101	0.14871
4	102	0.078623
4	103	0.073662
4	104	0.10027
4	105	0.15734
4	106	0.086055
4	107	0.16181
4	108	0.044026
4	109	0.084773
4	110	0.10718
4	111	0.063579
4	112	0
4	113	0.067242
4	114	0.051555
4	115	0.23187
4	116	0.14614
4	117	0.45072
5	6	6.3047
5	7	1.9832
5	8	0.97556
5	9	0.36768
5	10	0.57653
5	11	0.33508
5	12	0.29356
5	13	0.21937
5	14	0.23617
5	15	0.35259
5	16	0.25746
5	17	0.29246
5	18	0.236
5	19	0.18807
5	20	0.37935
5	21	0.41614
5	22	0.3242
5	23	0.16428
5	24	0.15939
5	25	0.16823
5	26	0.18671
5	27	0.34134
5	28	0.26521
5	29	0.22617
5	30	0.22568
5	31	0.16374
5	32	0.17423
5	33	0.22215
5	34	0.77067
5	35	0.35638
5	36	0.26221
5	37	0.42744
5	38	0.3069
5	39	0.43384
5	40	0
5	41	0
5	42	0
5	43	2.1692
5	44	0.17291
5	45	0
5	46	0
5	47	0.30622
5	48	0.064708
5	49	0.105
5	50	0.068764
5	51	0.13572
5	52	0.10924
5	53	0.12444
5	54	0.15134
5	55	0.20085
5	56	0.08867
5	57	0.015499
5	58	0.1078
5	59	0.046665
5	60	0.019487
5	61	0.060638
5	62	0.15687
5	63	0.12055
5	64	0
5	65	0.22783
5	66	0.10652
5	67	0.021982
5	68	0.14813
5	69	0.095292
5	70	0.10891
5	71	0.1426
5	72	0.15158
5	73	0.20125
5	74	0.17836
5	75	0.050823
5	76	0.17143
5	77	0.15927
5	78	0.11339
5	79	0.049989
5	80	0.060677
5	81	0
5	82	0.052423
5	83	0.079937
5	84	0.06484
5	85	0.075774
5	86	0.16244
5	87	0.095191
5	88	0.11456
5	89	0.14744
5	90	0.16139
5	91	0.074363
5	92	0.1575
5	93	0.12138
5	94	0.10408
5	95	0.03306
5	96	0.1472
5	97	0.078208
5	98	0.032299
5	99	0.058483
5	100	0.14267
5	101	0.19487
5	102	0.061817
5	103	0.077221
5	104	0.13139
5	105	0.08247
5	106	0.090213
5	107	0.11309
5	108	0.046153
5	109	0.17774
5	110	0.084266
5	111	0.066651
5	112	0
5	113	0
5	114	0.10809
5	115	0.081023
5	116	0.1532
5	117	0
6	7	5.7459
6	8	0.80189
6	9	0.62107
6	10	0.61506
6	11	0.31984
6	12	0.13702
6	13	0.16202
6	14	0.067187
6	15	0.47428
6	16	0.33352
6	17	0.38541
6	18	0.23379
6	19	0.30095
6	20	0.4047
6	21	0.50737
6	22	0.34586
6	23	0.26288
6	24	0.13604
6	25	0.059825
6	26	0.19918
6	27	0.24276
6	28	0.28293
6	29	0.11136
6	30	0.14816
6	31	0.17469
6	32	0.24164
6	33	0.30163
6	34	0.7273
6	35	0.48388
6	36	0.40688
6	37	0.42918
6	38	0.36833
6	39	0.35602
6	40	0
6	41	0
6	42	0
6	43	0
6	44	0
6	45	0
6	46	0
6	47	0.12564
6	48	0.051774
6	49	0.13069
6	50	0.20174
6	51	0.23528
6	52	0
6	53	0.082971
6	54	0.16145
6	55	0.12856
6	56	0.075676
6	57	0.06614
6	58	0.14785
6	59	0.066377
6	60	0.083154
6	61	0
6	62	0.055783
6	63	0.11024
6	64	0.11498
6	65	0.093484
6	66	0.090913
6	67	0.16415
6	68	0.18437
6	69	0.081328
6	70	0.13942
6	71	0.25354
6	72	0.053903
6	73	0.18786
6	74	0.25371
6	75	0.18976
6	76	0.20575
6	77	0.25487
6	78	0.22466
6	79	0.088881
6	80	0.048549
6	81	0.061736
6	82	0.018642
6	83	0.051167
6	84	0.05188
6	85	0.080837
6	86	0.057766
6	87	0.050776
6	88	0.13967
6	89	0.12234
6	90	0.22382
6	91	0.099165
6	92	0.12602
6	93	0.10791
6	94	0.055519
6	95	0.052904
6	96	0.047111
6	97	0.05006
6	98	0.068915
6	99	0.22877
6	100	0.2283
6	101	0.14552
6	102	0.17586
6	103	0.10984
6	104	0.028035
6	105	0.029327
6	106	0.33684
6	107	0
6	108	0.098474
6	109	0.094807
6	110	0.089896
6	111	0.21332
6	112	0
6	113	0.075201
6	114	0.057657
6	115	0.25931
6	116	0.24516
6	117	0
7	8	3.0297
7	9	0.95496
7	10	0.96889
7	11	0.64665
7	12	0.42608
7	13	0.45375
7	14	0.15395
7	15	0.41221
7	16	0.47201
7	17	0.29437
7	18	0.30905
7	19	0.22986
7	20	0.46365
7	21	0.34513
7	22	0.19812
7	23	0.24094
7	24	0.2143
7	25	0.22847
7	26	0.13692
7	27	0.15893
7	28	0.27012
7	29	0.38275
7	30	0.14852
7	31	0.22237
7	32	0.21295
7	33	0.17279
7	34	1.1955
7	35	0.47517
7	36	0.37875
7	37	0.64535
7	38	0.5392
7	39	0.57104
7	40	0
7	41	0
7	42	0
7	43	0
7	44	0.63399
7	45	0
7	46	0
7	47	0.25911
7	48	0.11863
7	49	0.12833
7	50	0.10506
7	51	0.31102
7	52	0.095369
7	53	0.19012
7	54	0.082209
7	55	0.19639
7	56	0.065025
7	57	0.037887
7	58	0.13175
7	59	0.057035
7	60	0.095267
7	61	0.092642
7	62	0.17042
7	63	0.1263
7	64	0.21076
7	65	0.085681
7	66	0.078117
7	67	0.13433
7	68	0.060349
7	69	0.093175
7	70	0.053243
7	71	0.29048
7	72	0.092632
7	73	0.21523
7	74	0.16956
7	75	0.062117
7	76	0.31429
7	77	0.17033
7	78	0.13859
7	79	0.18329
7	80	0.03708
7	81	0.070728
7	82	0.042715
7	83	0.078161
7	84	0.059437
7	85	0.11114
7	86	0.19854
7	87	0.096954
7	88	0.12002
7	89	0.24028
7	90	0.1578
7	91	0.15905
7	92	0.16844
7	93	0.024725
7	94	0.021202
7	95	0.040407
7	96	0.089956
7	97	0.057352
7	98	0.019739
7	99	0.19061
7	100	0.058124
7	101	0.11908
7	102	0.075554
7	103	0.03146
7	104	0.096356
7	105	0.13439
7	106	0.05513
7	107	0.069108
7	108	0.11282
7	109	0.10862
7	110	0.03433
7	111	0.040731
7	112	0.13063
7	113	0
7	114	0
7	115	0.099028
7	116	0.28087
7	117	0
8	9	5.2645
8	10	2.6316
8	11	1.5357
8	12	0.82461
8	13	0.77422
8	14	0.64866
8	15	0.73205
8	16	0.75764
8	17	0.41881
8	18	0.47351
8	19	0.54296
8	20	0.42624
8	21	0.3479
8	22	0.47052
8	23	0.43069
8	24	0.25372
8	25	0.24503
8	26	0.41957
8	27	0.3957
8	28	0.28971
8	29	0.3258
8	30	0.39011
8	31	0.32367
8	32	0.40785
8	33	0.39711
8	34	0.11102
8	35	0.21235
8	36	0.1116
8	37	0.25897
8	38	0.21552
8	39	0.37497
8	40	0
8	41	0
8	42	0
8	43	0
8	44	0.3238
8	45	0
8	46	0
8	47	0.1985
8	48	0.18176
8	49	0.16386
8	50	0.096579
8	51	0.079424
8	52	0.14612
8	53	0.072822
8	54	0.078724
8	55	0.18806
8	56	0.19926
8	57	0.087075
8	58	0.11535
8	59	0.087387
8	60	0.054737
8	61	0.12775
8	62	0.11424
8	63	0.22576
8	64	0.08073
8	65	0.11487
8	66	0.059844
8	67	0.041164
8	68	0.11558
8	69	0.10707
8	70	0.10197
8	71	0.089012
8	72	0.11827
8	73	0.04711
8	74	0.074226
8	75	0.16655
8	76	0.060194
8	77	0.074566
8	78	0.091006
8	79	0.14042
8	80	0.12783
8	81	0.14449
8	82	0.17998
8	83	0.074847
8	84	0.10625
8	85	0.070949
8	86	0.1183
8	87	0.074275
8	88	0.045971
8	89	0.030679
8	90	0.090667
8	91	0.10444
8	92	0.073736
8	93	0.037884
8	94	0.081214
8	95	0.1393
8	96	0.12405
8	97	0.13181
8	98	0.10585
8	99	0.091266
8	100	0.044528
8	101	0.091229
8	102	0.057881
8	103	0.024101
8	104	0
8	105	0
8	106	0.042234
8	107	0.052943
8	108	0
8	109	0.041605
8	110	0.0526
8	111	0
8	112	0
8	113	0
8	114	0.10121
8	115	0
8	116	0.21517
8	117	0
9	10	4.8351
9	11	1.566
9	12	1.0862
9	13	0.95357
9	14	0.73436
9	15	0.59126
9	16	0.72578
9	17	0.47835
9	18	0.42336
9	19	0.52012
9	20	0.3913
9	21	0.11998
9	22	0.26171
9	23	0.6336
9	24	0.40031
9	25	0.50299
9	26	0.35168
9	27	0.45196
9	28	0.19823
9	29	0.40573
9	30	0.29585
9	31	0.27742
9	32	0.20316
9	33	0.47098
9	34	0.13293
9	35	0.20342
9	36	0.19243
9	37	0.09021
9	38	0.12043
9	39	0.23947
9	40	0
9	41	1.7835
9	42	0
9	43	1.9457
9	44	0.46527
9	45	0
9	46	0
9	47	0.12677
9	48	0.17412
9	49	0.09418
9	50	0.092517
9	51	0.13695
9	52	0.29395
9	53	0.15347
9	54	0.24132
9	55	0.14412
9	56	0.14316
9	57	0.097315
9	58	0.096687
9	59	0.20928
9	60	0.13983
9	61	0.19036
9	62	0.17197
9	63	0.12358
9	64	0.116
9	65	0.1572
9	66	0.019109
9	67	0.1183
9	68	0.044288
9	69	0.051284
9	70	0.078146
9	71	0.10659
9	72	0
9	73	0.067693
9	74	0.053328
9	75	0.091171
9	76	0.057662
9	77	0.089288
9	78	0.043589
9	79	0.10462
9	80	0.095242
9	81	0.15572
9	82	0.12539
9	83	0.05736
9	84	0.072698
9	85	0.054372
9	86	0.12951
9	87	0.042691
9	88	0.029358
9	89	0.088166
9	90	0.10133
9	91	0.0667
9	92	0.10595
9	93	0.018145
9	94	0.031119
9	95	0.059307
9	96	0.14523
9	97	0.070149
9	98	0.072428
9	99	0.087428
9	100	0.042655
9	101	0.052435
9	102	0.092411
9	103	0.13853
9	104	0.023571
9	105	0
9	106	0.080916
9	107	0
9	108	0.082794
9	109	0
9	110	0
9	111	0
9	112	0.095867
9	113	0
9	114	0.096953
9	115	0
9	116	0.068707
9	117	0
10	11	2.6341
10	12	1.5173
10	13	1.1392
10	14	1.023
10	15	0.98316
10	16	0.68282
10	17	0.52262
10	18	0.66857
10	19	0.52901
10	20	0.43216
10	21	0.42641
10	22	0.36933
10	23	0.48519
10	24	0.48422
10	25	0.31548
10	26	0.47266
10	27	0.45263
10	28	0.41029
10	29	0.39639
10	30	0.26369
10	31	0.44524
10	32	0.24995
10	33	0.30676
10	34	0.15008
10	35	0.082018
10	36	0.28161
10	37	0.14852
10	38	0.17805
10	39	0.42242
10	40	0
10	41	0
10	42	0
10	43	0
10	44	0.29182
10	45	0
10	46	0
10	47	0.13914
10	48	0.095558
10	49	0.16244
10	50	0.10155
10	51	0.15748
10	52	0.15803
10	53	0.06563
10	54	0.099329
10	55	0.084745
10	56	0.10475
10	57	0.11771
10	58	0.11695
10	59	0.078756
10	60	0.14799
10	61	0.14072
10	62	0.1765
10	63	0.1308
10	64	0.090946
10	65	0.088735
10	66	0.10787
10	67	0.1484
10	68	0.10417
10	69	0.11258
10	70	0.0919
10	71	0.080221
10	72	0.063956
10	73	0.063686
10	74	0.083619
10	75	0.021443
10	76	0.14466
10	77	0.050401
10	78	0.041009
10	79	0.070305
10	80	0.12801
10	81	0.097666
10	82	0.044237
10	83	0.13491
10	84	0.054716
10	85	0.1151
10	86	0.060924
10	87	0.026776
10	88	0.096672
10	89	0.16589
10	90	0.027238
10	91	0.062751
10	92	0.13291
10	93	0.085356
10	94	0.10247
10	95	0.13949
10	96	0.062108
10	97	0.10559
10	98	0.06814
10	99	0.032901
10	100	0.060195
10	101	0.098663
10	102	0.1391
10	103	0.065163
10	104	0.044351
10	105	0.069592
10	106	0
10	107	0.047714
10	108	0.11684
10	109	0
10	110	0.071108
10	111	0
10	112	0
10	113	0
10	114	0.091214
10	115	0.068371
10	116	0
10	117	0
11	12	5.4181
11	13	3.6938
11	14	1.9671
11	15	1.2663
11	16	0.83548
11	17	0.69275
11	18	0.78324
11	19	0.71201
11	20	0.33294
11	21	0.26087
11	22	0.43517
11	23	0.74632
11	24	0.69122
11	25	0.54042
11	26	0.65545
11	27	0.43635
11	28	0.57809
11	29	0.55687
11	30	0.7349
11	31	0.45085
11	32	0.48573
11	33	0.29193
11	34	0.12242
11	35	0
11	36	0.09845
11	37	0.18173
11	38	0.21785
11	39	0.31012
11	40	0
11	41	0
11	42	0
11	43	0
11	44	0
11	45	0
11	46	0
11	47	0.14593
11	48	0.05011
11	49	0.19876
11	50	0.05325
11	51	0.1051
11	52	0.11279
11	53	0.16061
11	54	0.15626
11	55	0.14517
11	56	0.054932
11	57	0.16003
11	58	0.1431
11	59	0.16061
11	60	0.22132
11	61	0.10957
11	62	0.071986
11	63	0.053347
11	64	0.044512
11	65	0.036191
11	66	0.13198
11	67	0.13618
11	68	0.076473
11	69	0
11	70	0.089958
11	71	0.024539
11	72	0.15651
11	73	0.1039
11	74	0.061388
11	75	0.10495
11	76	0.066378
11	77	0.10278
11	78	0.066903
11	79	0.10323
11	80	0.078313
11	81	0.15934
11	82	0.090213
11	83	0.099044
11	84	0.050212
11	85	0.078238
11	86	0.055909
11	87	0.049143
11	88	0.050694
11	89	0.033831
11	90	0.049991
11	91	0.038391
11	92	0.12197
11	93	0.020888
11	94	0.17911
11	95	0.11947
11	96	0.045596
11	97	0.096901
11	98	0.1334
11	99	0.040257
11	100	0.024551
11	101	0.060361
11	102	0.021276
11	103	0.026577
11	104	0.027133
11	105	0.028384
11	106	0.046573
11	107	0.058382
11	108	0.047654
11	109	0
11	110	0.058004
11	111	0
11	112	0.055178
11	113	0.14557
11	114	0.055803
11	115	0
11	116	0
11	117	0
12	13	4.6949
12	14	2.0803
12	15	1.1363
12	16	0.8297
12	17	0.75768
12	18	0.77864
12	19	0.67341
12	20	0.36675
12	21	0.23947
12	22	0.41791
12	23	0.70587
12	24	0.83898
12	25	0.70279
12	26	0.74208
12	27	0.75079
12	28	0.52229
12	29	0.69149
12	30	0.57809
12	31	0.52768
12	32	0.33689
12	33	0.41219
12	34	0.095522
12	35	0.17401
12	36	0.12803
12	37	0.16206
12	38	0.12363
12	39	0.39434
12	40	0
12	41	0
12	42	0
12	43	0
12	44	0.74295
12	45	0
12	46	0
12	47	0.10121
12	48	0.17377
12	49	0.16919
12	50	0.1108
12	51	0.036448
12	52	0.15087
12	53	0.1838
12	54	0.090316
12	55	0.19418
12	56	0.13335
12	57	0.19979
12	58	0.08271
12	59	0.16709
12	60	0.23026
12	61	0.16284
12	62	0.11234
12	63	0.185
12	64	0.18523
12	65	0.075305
12	66	0.068657
12	67	0.047226
12	68	0.1326
12	69	0.081891
12	70	0.070192
12	71	0.051059
12	72	0.10855
12	73	0.027023
12	74	0.042578
12	75	0.13648
12	76	0.092076
12	77	0.085546
12	78	0.052203
12	79	0.14319
12	80	0.16295
12	81	0.12433
12	82	0.075084
12	83	0.051521
12	84	0.1393
12	85	0.032559
12	86	0.077555
12	87	0.10225
12	88	0.10548
12	89	0.017598
12	90	0.034673
12	91	0.079881
12	92	0.021148
12	93	0.086924
12	94	0.055904
12	95	0.05327
12	96	0.094874
12	97	0.11762
12	98	0.12144
12	99	0.12565
12	100	0.076627
12	101	0.08373
12	102	0.022135
12	103	0.082951
12	104	0.028229
12	105	0.02953
12	106	0
12	107	0.18222
12	108	0
12	109	0
12	110	0.030173
12	111	0.071597
12	112	0.057406
12	113	0.075722
12	114	0
12	115	0.087035
12	116	0
12	117	0
13	14	3.64
13	15	1.7418
13	16	1.0175
13	17	0.83284
13	18	0.84938
13	19	0.60387
13	20	0.46849
13	21	0.13215
13	22	0.40038
13	23	0.74659
13	24	0.74014
13	25	0.90493
13	26	0.77474
13	27	0.56206
13	28	0.30569
13	29	0.53285
13	30	0.6689
13	31	0.62913
13	32	0.3787
13	33	0.41901
13	34	0.23428
13	35	0.12803
13	36	0.070652
13	37	0.12421
13	38	0.1516
13	39	0.36268
13	40	0
13	41	1.9645
13	42	0
13	43	2.1431
13	44	0.17083
13	45	0
13	46	0
13	47	0.069815
13	48	0.14384
13	49	0.19019
13	50	0.10191
13	51	0.10057
13	52	0.15418
13	53	0.10758
13	54	0.18275
13	55	0.11906
13	56	0.22777
13	57	0.15313
13	58	0.1065
13	59	0.15368
13	60	0.11551
13	61	0.1348
13	62	0.086101
13	63	0.085075
13	64	0.085183
13	65	0.086575
13	66	0.10524
13	67	0.15202
13	68	0.048783
13	69	0.075317
13	70	0.021519
13	71	0.046961
13	72	0.14976
13	73	0.024854
13	74	0.05874
13	75	0.10042
13	76	0.021171
13	77	0.05901
13	78	0.096026
13	79	0.18109
13	80	0.2248
13	81	0.17152
13	82	0.17264
13	83	0.11057
13	84	0.096091
13	85	0.089836
13	86	0.071329
13	87	0.031349
13	88	0.12935
13	89	0.1133
13	90	0.03189
13	91	0.073469
13	92	0.077803
13	93	0.05996
13	94	0.085694
13	95	0.097988
13	96	0.087259
13	97	0.092721
13	98	0.047867
13	99	0.07704
13	100	0.14095
13	101	0.057757
13	102	0.081431
13	103	0.076292
13	104	0
13	105	0
13	106	0.044564
13	107	0
13	108	0.045598
13	109	0
13	110	0.027751
13	111	0
13	112	0
13	113	0.13929
13	114	0
13	115	0
13	116	0
13	117	0
14	15	4.8895
14	16	1.3731
14	17	1.0784
14	18	0.79249
14	19	0.76569
14	20	0.62944
14	21	0.2603
14	22	0.50805
14	23	0.75716
14	24	0.79342
14	25	0.7754
14	26	0.6368
14	27	0.59933
14	28	0.39387
14	29	0.48113
14	30	0.49608
14	31	0.57022
14	32	0.44971
14	33	0.39095
14	34	0.19126
14	35	0.05973
14	36	0.10987
14	37	0.18542
14	38	0.17681
14	39	0.18458
14	40	0
14	41	0
14	42	0
14	43	1.9996
14	44	0.15939
14	45	0
14	46	0
14	47	0.17371
14	48	0.16403
14	49	0.11292
14	50	0.12678
14	51	0.18766
14	52	0.18701
14	53	0.15772
14	54	0.13951
14	55	0.074059
14	56	0.16347
14	57	0.1143
14	58	0.14195
14	59	0.11471
14	60	0.16167
14	61	0.19564
14	62	0.0482
14	63	0.095253
14	64	0.099347
14	65	0.16155
14	66	0.13747
14	67	0.14184
14	68	0.045516
14	69	0.17568
14	70	0.020078
14	71	0.043816
14	72	0.13973
14	73	0.02319
14	74	0.16442
14	75	0.11712
14	76	0.079014
14	77	0.07341
14	78	0
14	79	0.10752
14	80	0.12585
14	81	0.16003
14	82	0.16108
14	83	0.088424
14	84	0.05977
14	85	0.069849
14	86	0.033276
14	87	0.087748
14	88	0.045258
14	89	0.09061
14	90	0.014877
14	91	0.034274
14	92	0.018148
14	93	0.14919
14	94	0.11194
14	95	0.091426
14	96	0.10855
14	97	0.043256
14	98	0.089322
14	99	0.12579
14	100	0.021919
14	101	0.071851
14	102	0.056983
14	103	0.047455
14	104	0.024224
14	105	0
14	106	0.041579
14	107	0
14	108	0
14	109	0.04096
14	110	0.10357
14	111	0.06144
14	112	0
14	113	0.064979
14	114	0.14946
14	115	0
14	116	0
14	117	0
15	16	2.6904
15	17	1.2198
15	18	0.99856
15	19	0.67519
15	20	0.52774
15	21	0.57359
15	22	0.6547
15	23	0.56028
15	24	0.40057
15	25	0.43621
15	26	0.33515
15	27	0.43766
15	28	0.64797
15	29	0.28107
15	30	0.40511
15	31	0.26127
15	32	0.43786
15	33	0.36252
15	34	0.37245
15	35	0.20355
15	36	0.17116
15	37	0.22567
15	38	0.20659
15	39	0.44929
15	40	0
15	41	0
15	42	0
15	43	0
15	44	0.46557
15	45	0
15	46	0
15	47	0.25369
15	48	0.13067
15	49	0.17277
15	50	0.18515
15	51	0.060906
15	52	0.16808
15	53	0.12565
15	54	0.12074
15	55	0.16224
15	56	0.191
15	57	0.1252
15	58	0.096749
15	59	0.13961
15	60	0.052469
15	61	0.081637
15	62	0.10951
15	63	0.13912
15	64	0.13542
15	65	0.078649
15	66	0.038243
15	67	0.15783
15	68	0.19943
15	69	0.13684
15	70	0.058647
15	71	0.19198
15	72	0.068024
15	73	0.045158
15	74	0
15	75	0.068422
15	76	0.038466
15	77	0.14295
15	78	0.087235
15	79	0.11964
15	80	0.081689
15	81	0.069252
15	82	0.17252
15	83	0.11479
15	84	0.072745
15	85	0.054407
15	86	0.1296
15	87	0.12815
15	88	0.1322
15	89	0.088223
15	90	0.1014
15	91	0.016686
15	92	0.07068
15	93	0.1271
15	94	0.12456
15	95	0.029672
15	96	0.17175
15	97	0.11231
15	98	0.072474
15	99	0.10498
15	100	0.064024
15	101	0.052469
15	102	0.073976
15	103	0.046205
15	104	0.094344
15	105	0.049346
15	106	0.080968
15	107	0
15	108	0
15	109	0
15	110	0.02521
15	111	0.029911
15	112	0
15	113	0
15	114	0.19403
15	115	0.07272
15	116	0.068751
15	117	0.42408
16	17	3.223
16	18	2.3595
16	19	1.6368
16	20	1.0211
16	21	0.8641
16	22	0.76794
16	23	0.49525
16	24	0.56634
16	25	0.48303
16	26	0.46236
16	27	0.59502
16	28	0.49177
16	29	0.41211
16	30	0.24299
16	31	0.29384
16	32	0.45023
16	33	0.3914
16	34	0.60637
16	35	0.27906
16	36	0.15399
16	37	0.1895
16	38	0.45434
16	39	0.6827
16	40	0
16	41	2.1409
16	42	0
16	43	2.3355
16	44	0.5585
16	45	0
16	46	0
16	47	0.3297
16	48	0.17418
16	49	0.056526
16	50	0.092547
16	51	0.20093
16	52	0.11762
16	53	0.10049
16	54	0.090525
16	55	0.086502
16	56	0.13366
16	57	0.066752
16	58	0.049741
16	59	0.15073
16	60	0.14687
16	61	0.016322
16	62	0.18766
16	63	0.18543
16	64	0.16245
16	65	0.13209
16	66	0.11469
16	67	0.047335
16	68	0.10633
16	69	0.1026
16	70	0.11726
16	71	0.25589
16	72	0.081602
16	73	0.027086
16	74	0.085352
16	75	0.1368
16	76	0.069217
16	77	0.15005
16	78	0.10465
16	79	0.14353
16	80	0.081663
16	81	0.12461
16	82	0.18814
16	83	0.086067
16	84	0.10472
16	85	0.097902
16	86	0.097167
16	87	0.10249
16	88	0.052862
16	89	0.035278
16	90	0.13901
16	91	0.10008
16	92	0.16958
16	93	0.15247
16	94	0.093388
16	95	0.017798
16	96	0.063396
16	97	0.067364
16	98	0.086941
16	99	0.041979
16	100	0.051203
16	101	0.14687
16	102	0.044371
16	103	0.027714
16	104	0.084882
16	105	0.11839
16	106	0.048565
16	107	0
16	108	0
16	109	0
16	110	0.060485
16	111	0.035881
16	112	0.057539
16	113	0
16	114	0
16	115	0
16	116	0.082475
16	117	1.0175
17	18	4.2447
17	19	1.6575
17	20	1.1654
17	21	0.7335
17	22	0.73471
17	23	0.67839
17	24	0.85088
17	25	0.60248
17	26	0.77102
17	27	0.83494
17	28	0.47488
17	29	0.54322
17	30	0.3497
17	31	0.60473
17	32	0.43872
17	33	0.38648
17	34	0.3284
17	35	0.42421
17	36	0.28811
17	37	0.25325
17	38	0.25115
17	39	0.43697
17	40	12.017
17	41	4.0055
17	42	0
17	43	0
17	44	0.52246
17	45	0
17	46	0
17	47	0.11862
17	48	0.097762
17	49	0.10576
17	50	0.15584
17	51	0.15379
17	52	0.062873
17	53	0.094002
17	54	0.16937
17	55	0.12138
17	56	0.08931
17	57	0.1405
17	58	0.10857
17	59	0.141
17	60	0.17664
17	61	0.16796
17	62	0.052666
17	63	0.069385
17	64	0.10855
17	65	0.052956
17	66	0.12875
17	67	0.1107
17	68	0.074599
17	69	0.076784
17	70	0.043876
17	71	0.16756
17	72	0.17812
17	73	0.050676
17	74	0.15969
17	75	0.15357
17	76	0.086334
17	77	0.14037
17	78	0.081579
17	79	0.11748
17	80	0.12223
17	81	0.097143
17	82	0.1056
17	83	0.048308
17	84	0.081635
17	85	0.13738
17	86	0.036359
17	87	0.095877
17	88	0.065935
17	89	0.13201
17	90	0.048765
17	91	0.093624
17	92	0.079318
17	93	0.061127
17	94	0.087362
17	95	0.13319
17	96	0.088957
17	97	0.15754
17	98	0.081331
17	99	0.15708
17	100	0.047899
17	101	0.13739
17	102	0
17	103	0.15556
17	104	0.15881
17	105	0.055376
17	106	0.22716
17	107	0
17	108	0.092972
17	109	0.13426
17	110	0.028291
17	111	0.033566
17	112	0.053826
17	113	0
17	114	0.054435
17	115	0.32643
17	116	0.077153
17	117	0
18	19	4.4547
18	20	1.7784
18	21	0.70406
18	22	1.0239
18	23	0.98899
18	24	0.78655
18	25	0.79328
18	26	0.77392
18	27	0.59355
18	28	0.29082
18	29	0.41209
18	30	0.34266
18	31	0.37708
18	32	0.48148
18	33	0.33884
18	34	0.20478
18	35	0.15987
18	36	0.18821
18	37	0.22333
18	38	0.1893
18	39	0.29643
18	40	0
18	41	0
18	42	0
18	43	0
18	44	0.17065
18	45	0
18	46	0
18	47	0.11624
18	48	0.12773
18	49	0.069085
18	50	0.11876
18	51	0.066973
18	52	0.12321
18	53	0.12281
18	54	0.19915
18	55	0.059468
18	56	0.035005
18	57	0.18356
18	58	0.07599
18	59	0.046055
18	60	0.15385
18	61	0.16458
18	62	0.10321
18	63	0.050991
18	64	0.12764
18	65	0.24215
18	66	0.14718
18	67	0.043389
18	68	0.097462
18	69	0.056428
18	70	0.042993
18	71	0.023456
18	72	0.024933
18	73	0.099312
18	74	0.11736
18	75	0.075238
18	76	0.042298
18	77	0.039298
18	78	0.047962
18	79	0.13156
18	80	0.074855
18	81	0.057112
18	82	0.08623
18	83	0.094671
18	84	0.095989
18	85	0.11965
18	86	0.071254
18	87	0.062631
18	88	0.048455
18	89	0.11318
18	90	0.079639
18	91	0.11009
18	92	0.077721
18	93	0.059897
18	94	0.085603
18	95	0.048942
18	96	0.072638
18	97	0.15437
18	98	0.11157
18	99	0.057719
18	100	0
18	101	0.096159
18	102	0.081345
18	103	0.10162
18	104	0.025935
18	105	0.027131
18	106	0
18	107	0
18	108	0.04555
18	109	0.043854
18	110	0.027721
18	111	0.06578
18	112	0.052742
18	113	0
18	114	0
18	115	0
18	116	0.1512
18	117	0
19	20	4.0552
19	21	1.1319
19	22	1.413
19	23	1.025
19	24	0.70202
19	25	0.65177
19	26	0.68527
19	27	0.70098
19	28	0.50021
19	29	0.41506
19	30	0.30265
19	31	0.41735
19	32	0.30375
19	33	0.50034
19	34	0.24478
19	35	0.11891
19	36	0.10936
19	37	0.25378
19	38	0.2288
19	39	0.30621
19	40	0
19	41	0
19	42	0
19	43	0
19	44	0.79327
19	45	0
19	46	0
19	47	0.086453
19	48	0.14844
19	49	0.096345
19	50	0.15774
19	51	0.10897
19	52	0.21479
19	53	0.099909
19	54	0.16972
19	55	0.1843
19	56	0.17899
19	57	0.15644
19	58	0.25434
19	59	0.099909
19	60	0.089401
19	61	0.12519
19	62	0.20791
19	63	0.11062
19	64	0.09889
19	65	0.14473
19	66	0.058646
19	67	0.060509
19	68	0.11327
19	69	0.087437
19	70	0.11991
19	71	0
19	72	0.1159
19	73	0.046166
19	74	0.10911
19	75	0.093267
19	76	0.058988
19	77	0.018268
19	78	0.10405
19	79	0.091736
19	80	0.013919
19	81	0.053099
19	82	0.096204
19	83	0.10269
19	84	0.074369
19	85	0.041717
19	86	0.066246
19	87	0.11646
19	88	0.0901
19	89	0.075161
19	90	0.014808
19	91	0.034117
19	92	0.14452
19	93	0.055687
19	94	0.063669
19	95	0.10617
19	96	0.094547
19	97	0.057409
19	98	0.088911
19	99	0.053663
19	100	0
19	101	0.10728
19	102	0.037814
19	103	0.023618
19	104	0.048225
19	105	0.075672
19	106	0
19	107	0
19	108	0.084698
19	109	0.081543
19	110	0
19	111	0.030579
19	112	0
19	113	0.06468
19	114	0.19836
19	115	0
19	116	0.14057
19	117	0
20	21	5.0503
20	22	3.2402
20	23	1.0946
20	24	0.61952
20	25	0.58123
20	26	0.39394
20	27	0.61371
20	28	0.44176
20	29	0.2898
20	30	0.26989
20	31	0.26265
20	32	0.5998
20	33	0.56068
20	34	0.395
20	35	0.25185
20	36	0.15883
20	37	0.30714
20	38	0.36211
20	39	0.3706
20	40	0
20	41	0
20	42	0
20	43	0
20	44	0.38402
20	45	0
20	46	0
20	47	0.20926
20	48	0.23354
20	49	0.077734
20	50	0.11454
20	51	0.15072
20	52	0.06932
20	53	0.10364
20	54	0.13071
20	55	0.11152
20	56	0.098468
20	57	0.051636
20	58	0.1026
20	59	0.12092
20	60	0.17312
20	61	0.11784
20	62	0.096778
20	63	0.057375
20	64	0.07181
20	65	0.1557
20	66	0.11829
20	67	0.097642
20	68	0.027416
20	69	0.10582
20	70	0.21769
20	71	0.026392
20	72	0.11222
20	73	0.083809
20	74	0.22008
20	75	0.084657
20	76	0.14278
20	77	0.15476
20	78	0.17989
20	79	0.09252
20	80	0.016845
20	81	0.085684
20	82	0.03881
20	83	0.053262
20	84	0.14401
20	85	0.016829
20	86	0.040087
20	87	0.052854
20	88	0.14539
20	89	0.018193
20	90	0.08961
20	91	0.12387
20	92	0.19677
20	93	0.17972
20	94	0.077056
20	95	0.036713
20	96	0.098079
20	97	0.05211
20	98	0.035868
20	99	0.064945
20	100	0.079216
20	101	0.17312
20	102	0.022882
20	103	0.057169
20	104	0.029183
20	105	0.030527
20	106	0.20036
20	107	0
20	108	0
20	109	0
20	110	0.093576
20	111	0.11102
20	112	0.11869
20	113	0
20	114	0.12003
20	115	0.17995
20	116	0
20	117	0
21	22	3.8789
21	23	0.71471
21	24	0.38834
21	25	0.35783
21	26	0.32492
21	27	0.4243
21	28	0.51281
21	29	0.34819
21	30	0.24169
21	31	0.30079
21	32	0.43966
21	33	0.52719
21	34	0.79955
21	35	0.56381
21	36	0.35261
21	37	0.32817
21	38	0.58415
21	39	0.63884
21	40	0
21	41	0
21	42	0
21	43	0
21	44	0.30091
21	45	0
21	46	0
21	47	0.24595
21	48	0.16891
21	49	0.1675
21	50	0.16454
21	51	0.22143
21	52	0.081475
21	53	0.16242
21	54	0.087791
21	55	0.19224
21	56	0.18517
21	57	0.12138
21	58	0.080397
21	59	0.054139
21	60	0.10174
21	61	0.079145
21	62	0.075831
21	63	0.13487
21	64	0.18756
21	65	0.091498
21	66	0.11123
21	67	0.11476
21	68	0.15037
21	69	0.16583
21	70	0.18952
21	71	0.12408
21	72	0.10991
21	73	0.15323
21	74	0.10347
21	75	0.15478
21	76	0.14917
21	77	0.086619
21	78	0.12686
21	79	0.11599
21	80	0.026399
21	81	0.016785
21	82	0.10644
21	83	0.097378
21	84	0.08463
21	85	0.15824
21	86	0.062821
21	87	0.082829
21	88	0.1424
21	89	0.11404
21	90	0.26682
21	91	0.14559
21	92	0.051392
21	93	0.17603
21	94	0.090567
21	95	0.04315
21	96	0.076851
21	97	0.040831
21	98	0.070262
21	99	0.10178
21	100	0.16552
21	101	0.067823
21	102	0.14344
21	103	0.13438
21	104	0.022866
21	105	0.04784
21	106	0.078497
21	107	0.0492
21	108	0.040159
21	109	0
21	110	0.048882
21	111	0.057996
21	112	0.0465
21	113	0
21	114	0.14108
21	115	0.070501
21	116	0.13331
21	117	0
22	23	3.6326
22	24	1.1194
22	25	0.99346
22	26	0.76194
22	27	0.89471
22	28	0.5733
22	29	0.34674
22	30	0.24713
22	31	0.3108
22	32	0.57875
22	33	0.6325
22	34	0.39383
22	35	0.33822
22	36	0.13574
22	37	0.26249
22	38	0.20024
22	39	0.50675
22	40	0
22	41	0
22	42	0
22	43	0
22	44	0.65639
22	45	0
22	46	0
22	47	0.29061
22	48	0.16888
22	49	0.14948
22	50	0.14684
22	51	0.22541
22	52	0.11849
22	53	0.20667
22	54	0.11171
22	55	0.15249
22	56	0.13464
22	57	0.029419
22	58	0.13153
22	59	0.073812
22	60	0.11096
22	61	0.10071
22	62	0.13233
22	63	0.11441
22	64	0.06137
22	65	0.049898
22	66	0.14153
22	67	0.14603
22	68	0.11715
22	69	0.16279
22	70	0.10336
22	71	0.203
22	72	0.11988
22	73	0.23875
22	74	0.056426
22	75	0.19293
22	76	0.040674
22	77	0.15116
22	78	0.15374
22	79	0.094883
22	80	0.086378
22	81	0.10984
22	82	0.11609
22	83	0.10621
22	84	0.092305
22	85	0.043148
22	86	0.051389
22	87	0.12045
22	88	0.046596
22	89	0.13993
22	90	0.04595
22	91	0.088218
22	92	0.093422
22	93	0.038398
22	94	0.16463
22	95	0.10982
22	96	0.05588
22	97	0.10391
22	98	0.076634
22	99	0.055504
22	100	0
22	101	0.055481
22	102	0.097778
22	103	0.048858
22	104	0.09976
22	105	0.078268
22	106	0.042808
22	107	0.053662
22	108	0.087603
22	109	0.04217
22	110	0.053315
22	111	0.063255
22	112	0
22	113	0
22	114	0.051292
22	115	0.15379
22	116	0.1454
22	117	0
23	24	4.2158
23	25	2.5529
23	26	2.1369
23	27	1.7665
23	28	0.68019
23	29	0.66933
23	30	0.4842
23	31	0.48996
23	32	0.28488
23	33	0.46618
23	34	0.3136
23	35	0.28044
23	36	0.091706
23	37	0.096731
23	38	0.16603
23	39	0.25678
23	40	0
23	41	0
23	42	0
23	43	2.0863
23	44	0.3326
23	45	0
23	46	0
23	47	0.09062
23	48	0.2645
23	49	0.11782
23	50	0.11574
23	51	0.11422
23	52	0.12008
23	53	0.14961
23	54	0.12938
23	55	0.11591
23	56	0.18762
23	57	0.2087
23	58	0.20735
23	59	0.22441
23	60	0.18742
23	61	0.21871
23	62	0.050291
23	63	0.11595
23	64	0.041462
23	65	0.13485
23	66	0.10245
23	67	0.12685
23	68	0.071235
23	69	0.054991
23	70	0.083795
23	71	0.045716
23	72	0.17009
23	73	0.14517
23	74	0.057183
23	75	0.073321
23	76	0.061831
23	77	0
23	78	0.093481
23	79	0.16026
23	80	0.20425
23	81	0.14842
23	82	0.21849
23	83	0.092259
23	84	0.077953
23	85	0.058303
23	86	0.22568
23	87	0.061036
23	88	0.031481
23	89	0.078783
23	90	0.077611
23	91	0.01788
23	92	0.075741
23	93	0.038914
23	94	0.15016
23	95	0.095391
23	96	0.11326
23	97	0.045132
23	98	0.077663
23	99	0.056249
23	100	0
23	101	0.037484
23	102	0
23	103	0.024757
23	104	0.025275
23	105	0.052879
23	106	0.043383
23	107	0
23	108	0
23	109	0.042736
23	110	0.054031
23	111	0.032052
23	112	0
23	113	0.067798
23	114	0
23	115	0
23	116	0
23	117	0
24	25	4.4657
24	26	3.2582
24	27	1.532
24	28	0.87997
24	29	0.76308
24	30	0.74521
24	31	0.7131
24	32	0.32519
24	33	0.39578
24	34	0.19363
24	35	0.060468
24	36	0.15572
24	37	0.14078
24	38	0.1074
24	39	0.15572
24	40	0
24	41	1.8556
24	42	44.535
24	43	2.0243
24	44	0.32271
24	45	0
24	46	0
24	47	0.10991
24	48	0.16606
24	49	0.097986
24	50	0.1123
24	51	0.14249
24	52	0.18932
24	53	0.18871
24	54	0.18831
24	55	0.18744
24	56	0.11585
24	57	0.23142
24	58	0.17245
24	59	0.24677
24	60	0.21822
24	61	0.22635
24	62	0.11386
24	63	0.09643
24	64	0.12069
24	65	0.09813
24	66	0.11929
24	67	0.10257
24	68	0.046078
24	69	0.10671
24	70	0.12196
24	71	0.044357
24	72	0.047151
24	73	0.023476
24	74	0.073978
24	75	0.047428
24	76	0
24	77	0.074317
24	78	0.075585
24	79	0.10885
24	80	0.099092
24	81	0.18001
24	82	0.16307
24	83	0.059678
24	84	0.13615
24	85	0.098997
24	86	0.13475
24	87	0.10364
24	88	0.06109
24	89	0.076441
24	90	0.030121
24	91	0.086744
24	92	0.036745
24	93	0.075514
24	94	0.097131
24	95	0.12341
24	96	0.068684
24	97	0.13137
24	98	0.030142
24	99	0.072769
24	100	0.02219
24	101	0.072739
24	102	0.038458
24	103	0.096083
24	104	0.049047
24	105	0.051307
24	106	0
24	107	0.052766
24	108	0
24	109	0.082932
24	110	0.078637
24	111	0
24	112	0
24	113	0
24	114	0.050436
24	115	0
24	116	0.071484
24	117	0
25	26	4.8427
25	27	2.5438
25	28	0.88685
25	29	0.95201
25	30	0.91194
25	31	0.73672
25	32	0.22882
25	33	0.57466
25	34	0.064879
25	35	0.2482
25	36	0.13044
25	37	0.13759
25	38	0.10496
25	39	0.36523
25	40	0
25	41	0
25	42	0
25	43	0
25	44	0.94615
25	45	0
25	46	0
25	47	0.18045
25	48	0.23015
25	49	0.09576
25	50	0.11288
25	51	0.092832
25	52	0.068316
25	53	0.11916
25	54	0.20243
25	55	0.10991
25	56	0.15527
25	57	0.10177
25	58	0.10112
25	59	0.2213
25	60	0.27724
25	61	0.33181
25	62	0.17168
25	63	0.13193
25	64	0.18872
25	65	0.05754
25	66	0.20984
25	67	0.096227
25	68	0.054038
25	69	0.18772
25	70	0.023837
25	71	0.02601
25	72	0.082944
25	73	0.11013
25	74	0.065067
25	75	0.11124
25	76	0
25	77	0.043577
25	78	0.070913
25	79	0.10941
25	80	0.083006
25	81	0.14777
25	82	0.11474
25	83	0.15747
25	84	0.12418
25	85	0.099512
25	86	0.19753
25	87	0.15627
25	88	0.035821
25	89	0.035858
25	90	0.052987
25	91	0.14242
25	92	0.064638
25	93	0.02214
25	94	0.17086
25	95	0.14472
25	96	0.096658
25	97	0.085591
25	98	0.070697
25	99	0.12801
25	100	0.078068
25	101	0.042652
25	102	0.090203
25	103	0.05634
25	104	0.02876
25	105	0
25	106	0
25	107	0.061881
25	108	0
25	109	0
25	110	0.03074
25	111	0
25	112	0.058485
25	113	0.077145
25	114	0
25	115	0.088671
25	116	0
25	117	0
26	27	4.1577
26	28	1.0791
26	29	1.2742
26	30	0.9678
26	31	0.63641
26	32	0.51423
26	33	0.50775
26	34	0.097204
26	35	0.21249
26	36	0.13028
26	37	0.19239
26	38	0.1887
26	39	0.47424
26	40	0
26	41	2.1736
26	42	0
26	43	0
26	44	0.75603
26	45	0
26	46	0
26	47	0.23173
26	48	0.1061
26	49	0.15304
26	50	0.15033
26	51	0.11127
26	52	0.17059
26	53	0.11902
26	54	0.20219
26	55	0.065866
26	56	0.11631
26	57	0.25414
26	58	0.11783
26	59	0.18704
26	60	0.17041
26	61	0.21543
26	62	0.20958
26	63	0.075303
26	64	0.047124
26	65	0.15326
26	66	0.16302
26	67	0.14417
26	68	0.053974
26	69	0.062499
26	70	0.14286
26	71	0
26	72	0.082847
26	73	0.082498
26	74	0.10832
26	75	0.027777
26	76	0.046849
26	77	0.043526
26	78	0.088537
26	79	0.036429
26	80	0.16582
26	81	0.18977
26	82	0.13371
26	83	0.10486
26	84	0.088597
26	85	0.049698
26	86	0.09865
26	87	0.06937
26	88	0.053669
26	89	0.08954
26	90	0
26	91	0.10161
26	92	0.043041
26	93	0.044227
26	94	0.037925
26	95	0.090347
26	96	0.11263
26	97	0.08549
26	98	0.14123
26	99	0.085239
26	100	0.025992
26	101	0.042602
26	102	0.067573
26	103	0.056274
26	104	0.14363
26	105	0.060099
26	106	0.049306
26	107	0.061808
26	108	0
26	109	0
26	110	0.092112
26	111	0.036429
26	112	0.11683
26	113	0
26	114	0.059078
26	115	0.17713
26	116	0
26	117	0
27	28	2.8603
27	29	1.5232
27	30	1.4042
27	31	0.95226
27	32	0.82903
27	33	1.0186
27	34	0.19745
27	35	0.27748
27	36	0.068053
27	37	0.19142
27	38	0.29205
27	39	0.34934
27	40	11.354
27	41	0
27	42	0
27	43	0
27	44	0.65818
27	45	0
27	46	0
27	47	0.13449
27	48	0.20013
27	49	0.066614
27	50	0.098158
27	51	0.17759
27	52	0.10396
27	53	0.088816
27	54	0.14402
27	55	0.26759
27	56	0.13501
27	57	0.1475
27	58	0.14655
27	59	0.19243
27	60	0.20398
27	61	0.18754
27	62	0.14928
27	63	0.098335
27	64	0.10256
27	65	0.1501
27	66	0.081097
27	67	0.14643
27	68	0.070483
27	69	0.12696
27	70	0.12437
27	71	0
27	72	0.048083
27	73	0.04788
27	74	0.056579
27	75	0.14509
27	76	0.16314
27	77	0.15157
27	78	0.13874
27	79	0.12686
27	80	0.10105
27	81	0.14685
27	82	0.13303
27	83	0.12171
27	84	0.13883
27	85	0.072109
27	86	0.085882
27	87	0.15098
27	88	0.12459
27	89	0.093541
27	90	0.076791
27	91	0.15922
27	92	0.074941
27	93	0.096258
27	94	0.14857
27	95	0.094384
27	96	0.084049
27	97	0.1042
27	98	0.12295
27	99	0
27	100	0.022628
27	101	0.055632
27	102	0
27	103	0.073486
27	104	0.025008
27	105	0.02616
27	106	0.042925
27	107	0
27	108	0
27	109	0
27	110	0.02673
27	111	0.063428
27	112	0
27	113	0
27	114	0.051432
27	115	0
27	116	0.072896
27	117	0
28	29	3.6919
28	30	2.1863
28	31	1.9304
28	32	2.1492
28	33	1.9512
28	34	0.51138
28	35	0.27947
28	36	0.26731
28	37	0.26027
28	38	0.182
28	39	0.51817
28	40	0
28	41	3.4305
28	42	0
28	43	0
28	44	0.59661
28	45	0
28	46	0
28	47	0.28446
28	48	0.16745
28	49	0.13586
28	50	0.20761
28	51	0.13171
28	52	0.10769
28	53	0.080507
28	54	0.17406
28	55	0.12128
28	56	0.12238
28	57	0.080219
28	58	0.19925
28	59	0.10734
28	60	0.10086
28	61	0.17
28	62	0.19546
28	63	0.11885
28	64	0.074374
28	65	0.1663
28	66	0.14702
28	67	0.20858
28	68	0.042593
28	69	0.14796
28	70	0.093943
28	71	0.14351
28	72	0.043585
28	73	0.021701
28	74	0.017095
28	75	0.08768
28	76	0.07394
28	77	0.08587
28	78	0.11179
28	79	0.14374
28	80	0.15702
28	81	0.14975
28	82	0.13566
28	83	0.096537
28	84	0.069915
28	85	0.16995
28	86	0.12456
28	87	0.068427
28	88	0.084704
28	89	0.042395
28	90	0.097451
28	91	0.064146
28	92	0.1019
28	93	0.087253
28	94	0.11971
28	95	0.099814
28	96	0.088884
28	97	0.067463
28	98	0.041793
28	99	0.1009
28	100	0.16409
28	101	0.13447
28	102	0.017775
28	103	0
28	104	0.068005
28	105	0.071139
28	106	0
28	107	0
28	108	0.039812
28	109	0.03833
28	110	0.072689
28	111	0.086242
28	112	0
28	113	0
28	114	0.046621
28	115	0.13978
28	116	0.19823
28	117	0.40758
29	30	5.181
29	31	3.2431
29	32	1.7392
29	33	1.3988
29	34	0.15096
29	35	0.36301
29	36	0.21853
29	37	0.12806
29	38	0.23445
29	39	0.30594
29	40	0
29	41	2.0254
29	42	0
29	43	4.4191
29	44	0.17612
29	45	0
29	46	0
29	47	0.16795
29	48	0.098867
29	49	0.17825
29	50	0.087554
29	51	0.19008
29	52	0.095376
29	53	0.11091
29	54	0.1199
29	55	0.10229
29	56	0.12645
29	57	0.14209
29	58	0.078428
29	59	0.1426
29	60	0.39698
29	61	0.27795
29	62	0.071015
29	63	0.1228
29	64	0.13173
29	65	0.14281
29	66	0.065102
29	67	0.13434
29	68	0.10059
29	69	0.097064
29	70	0
29	71	0.072624
29	72	0.077199
29	73	0.051249
29	74	0.020187
29	75	0.10354
29	76	0.021827
29	77	0.060838
29	78	0.099001
29	79	0.1867
29	80	0.16996
29	81	0.15719
29	82	0.19579
29	83	0.065139
29	84	0.049534
29	85	0.061746
29	86	0.14708
29	87	0.096961
29	88	0.11669
29	89	0.083436
29	90	0.016439
29	91	0.075746
29	92	0.080214
29	93	0.041212
29	94	0.14136
29	95	0.06735
29	96	0.059975
29	97	0.15932
29	98	0.11515
29	99	0.079428
29	100	0.02422
29	101	0.019849
29	102	0
29	103	0.026219
29	104	0.053535
29	105	0.028001
29	106	0
29	107	0
29	108	0
29	109	0.090521
29	110	0.057222
29	111	0
29	112	0
29	113	0.071802
29	114	0
29	115	0
29	116	0.15605
29	117	0
30	31	5.7139
30	32	2.5146
30	33	1.7858
30	34	0.21089
30	35	0.29636
30	36	0.072683
30	37	0.15333
30	38	0.13647
30	39	0.47486
30	40	0
30	41	2.021
30	42	0
30	43	0
30	44	0.52721
30	45	0
30	46	0
30	47	0.071822
30	48	0.1973
30	49	0.10672
30	50	0.17472
30	51	0.086213
30	52	0.12689
30	53	0.094857
30	54	0.085454
30	55	0.12248
30	56	0.072098
30	57	0.063012
30	58	0.12521
30	59	0.26876
30	60	0.19805
30	61	0.16949
30	62	0.124
30	63	0.08752
30	64	0.10954
30	65	0.12469
30	66	0.19488
30	67	0.11171
30	68	0.025092
30	69	0.096852
30	70	0.066413
30	71	0.04831
30	72	0.051354
30	73	0.10227
30	74	0.10071
30	75	0.051655
30	76	0.1089
30	77	0.080941
30	78	0.065857
30	79	0.15242
30	80	0.16959
30	81	0.11763
30	82	0.19536
30	83	0.081246
30	84	0.098853
30	85	0.13863
30	86	0.11007
30	87	0.0645
30	88	0.066534
30	89	0.066603
30	90	0
30	91	0.11337
30	92	0.04002
30	93	0.020561
30	94	0.10579
30	95	0.050402
30	96	0.11969
30	97	0.079488
30	98	0.032828
30	99	0
30	100	0.096669
30	101	0.11883
30	102	0.12566
30	103	0.052323
30	104	0.053418
30	105	0.02794
30	106	0
30	107	0
30	108	0
30	109	0
30	110	0.028548
30	111	0
30	112	0.054315
30	113	0.071645
30	114	0.054931
30	115	0
30	116	0.15571
30	117	0
31	32	4.9739
31	33	2.4094
31	34	0.18944
31	35	0.27608
31	36	0.15235
31	37	0.21426
31	38	0.14302
31	39	0.46212
31	40	0
31	41	0
31	42	0
31	43	0
31	44	0.55254
31	45	0
31	46	0
31	47	0.075272
31	48	0.15509
31	49	0.093204
31	50	0.14649
31	51	0.090355
31	52	0.033246
31	53	0.18226
31	54	0.19703
31	55	0.085578
31	56	0.075561
31	57	0.13208
31	58	0.19684
31	59	0.16569
31	60	0.12454
31	61	0.20992
31	62	0.055698
31	63	0.1651
31	64	0.04592
31	65	0.074673
31	66	0.13616
31	67	0.11707
31	68	0.026298
31	69	0.1015
31	70	0.069603
31	71	0.075947
31	72	0.16146
31	73	0
31	74	0
31	75	0.16241
31	76	0.091304
31	77	0.084829
31	78	0.06902
31	79	0.088746
31	80	0.21006
31	81	0.16438
31	82	0.13029
31	83	0.051089
31	84	0.086334
31	85	0.032286
31	86	0.13458
31	87	0.067598
31	88	0.017433
31	89	0.069802
31	90	0.017191
31	91	0.039605
31	92	0.10485
31	93	0.021549
31	94	0.12935
31	95	0.088039
31	96	0.10976
31	97	0.099968
31	98	0.10322
31	99	0.062296
31	100	0.025328
31	101	0.020757
31	102	0
31	103	0.027418
31	104	0.055984
31	105	0.029282
31	106	0.048047
31	107	0
31	108	0
31	109	0
31	110	0.059839
31	111	0.14199
31	112	0.056925
31	113	0.075087
31	114	0
31	115	0.086305
31	116	0
31	117	0
32	33	4.3675
32	34	1.149
32	35	0.59488
32	36	0.41337
32	37	0.41037
32	38	0.46959
32	39	0.51064
32	40	0
32	41	0
32	42	0
32	43	0
32	44	0.35276
32	45	0
32	46	0
32	47	0.24028
32	48	0.08251
32	49	0.16066
32	50	0.12275
32	51	0.17306
32	52	0.063677
32	53	0.14281
32	54	0.05146
32	55	0.081954
32	56	0.16281
32	57	0.094863
32	58	0.12567
32	59	0.095203
32	60	0.23853
32	61	0.15464
32	62	0.14224
32	63	0.070272
32	64	0.19789
32	65	0.07151
32	66	0.021732
32	67	0.11212
32	68	0.075552
32	69	0.038882
32	70	0.11109
32	71	0.048487
32	72	0.051541
32	73	0.051324
32	74	0.10108
32	75	0.051843
32	76	0.087437
32	77	0.16247
32	78	0.049573
32	79	0.06799
32	80	0.18569
32	81	0.098385
32	82	0.1426
32	83	0.13047
32	84	0.13228
32	85	0.12367
32	86	0.036824
32	87	0.080919
32	88	0.083472
32	89	0.10027
32	90	0.082314
32	91	0.075856
32	92	0.18075
32	93	0.12382
32	94	0.10617
32	95	0.050586
32	96	0.030031
32	97	0.063823
32	98	0.065896
32	99	0.09943
32	100	0
32	101	0.099389
32	102	0.084077
32	103	0.13129
32	104	0.026807
32	105	0.028042
32	106	0.092024
32	107	0
32	108	0.14124
32	109	0.13598
32	110	0.057305
32	111	0
32	112	0
32	113	0.071907
32	114	0.27566
32	115	0
32	116	0.078139
32	117	0
33	34	3.8552
33	35	0.91938
33	36	0.62007
33	37	0.44594
33	38	0.58967
33	39	0.63135
33	40	0
33	41	2.3511
33	42	0
33	43	0
33	44	0.20444
33	45	0
33	46	0
33	47	0.22281
33	48	0.26779
33	49	0.16554
33	50	0.24392
33	51	0.22065
33	52	0.16607
33	53	0.2207
33	54	0.1193
33	55	0.18999
33	56	0.14678
33	57	0.12828
33	58	0.09104
33	59	0.16553
33	60	0.023041
33	61	0.10755
33	62	0.16487
33	63	0.020363
33	64	0.1784
33	65	0.16578
33	66	0.10076
33	67	0.18194
33	68	0.11677
33	69	0.045069
33	70	0.12877
33	71	0.1124
33	72	0.14936
33	73	0.11898
33	74	0.11717
33	75	0.21032
33	76	0.12669
33	77	0.1177
33	78	0.19154
33	79	0.09851
33	80	0.017936
33	81	0.15966
33	82	0.020662
33	83	0.20794
33	84	0.115
33	85	0.14335
33	86	0.17073
33	87	0.093795
33	88	0.096754
33	89	0.058112
33	90	0.095412
33	91	0.13189
33	92	0.069835
33	93	0.095679
33	94	0.041023
33	95	0.058635
33	96	0.087025
33	97	0.12946
33	98	0.057286
33	99	0.092201
33	100	0.084345
33	101	0.1152
33	102	0.024364
33	103	0.06087
33	104	0.093216
33	105	0.097512
33	106	0
33	107	0
33	108	0
33	109	0.10508
33	110	0.066424
33	111	0.11821
33	112	0.12638
33	113	0
33	114	0.12781
33	115	0.1916
33	116	0
33	117	0
34	35	7.7589
34	36	2.9371
34	37	2.269
34	38	1.6976
34	39	1.1583
34	40	0
34	41	0
34	42	0
34	43	0
34	44	0.60013
34	45	0
34	46	0
34	47	0.40877
34	48	0.056148
34	49	0.12148
34	50	0.179
34	51	0.23553
34	52	0.081247
34	53	0.080982
34	54	0.14591
34	55	0.27885
34	56	0.061552
34	57	0.080693
34	58	0.13362
34	59	0.080982
34	60	0.033817
34	61	0.078924
34	62	0.030248
34	63	0.17932
34	64	0.26184
34	65	0.2129
34	66	0.18486
34	67	0.11444
34	68	0.12853
34	69	0.16537
34	70	0.1512
34	71	0.12373
34	72	0.17537
34	73	0.43657
34	74	0.13757
34	75	0.1764
34	76	0.2975
34	77	0.2764
34	78	0.19678
34	79	0.08675
34	80	0.026325
34	81	0.033475
34	82	0.1213
34	83	0.027745
34	84	0.11252
34	85	0
34	86	0.12529
34	87	0.082597
34	88	0.17041
34	89	0.17058
34	90	0.16804
34	91	0.12905
34	92	0.20499
34	93	0.035107
34	94	0.060209
34	95	0.2008
34	96	0.076636
34	97	0.054289
34	98	0.14013
34	99	0.13532
34	100	0.24759
34	101	0.13527
34	102	0.071518
34	103	0.13401
34	104	0.13681
34	105	0.23853
34	106	0.15656
34	107	0.098125
34	108	0.32038
34	109	0.077111
34	110	0.09749
34	111	0.11567
34	112	0.092741
34	113	0
34	114	0.28137
34	115	0.42182
34	116	0.26587
34	117	0
35	36	9.3143
35	37	3.3862
35	38	1.5645
35	39	0.94951
35	40	0
35	41	0
35	42	0
35	43	0
35	44	0.32797
35	45	0
35	46	0
35	47	0.31276
35	48	0.27616
35	49	0.16597
35	50	0.22826
35	51	0.19308
35	52	0.20721
35	53	0.088514
35	54	0.095687
35	55	0.038098
35	56	0.13455
35	57	0.058799
35	58	0.11684
35	59	0.088514
35	60	0.036962
35	61	0
35	62	0.19836
35	63	0.13067
35	64	0.2862
35	65	0.33243
35	66	0.12123
35	67	0.29187
35	68	0.18732
35	69	0.1446
35	70	0.20657
35	71	0.6762
35	72	0.19168
35	73	0.23859
35	74	0.26314
35	75	0.1446
35	76	0.44711
35	77	0.18882
35	78	0.18436
35	79	0
35	80	0.11509
35	81	0
35	82	0.033146
35	83	0.06065
35	84	0.092242
35	85	0.11498
35	86	0.13694
35	87	0.15047
35	88	0.18626
35	89	0.18645
35	90	0.061224
35	91	0.2821
35	92	0.18672
35	93	0.15349
35	94	0
35	95	0.094063
35	96	0.055842
35	97	0.059338
35	98	0.061266
35	99	0.11093
35	100	0.31572
35	101	0.22177
35	102	0.11725
35	103	0.43942
35	104	0.24923
35	105	0.41714
35	106	0.25667
35	107	0.32175
35	108	0.35018
35	109	0.084283
35	110	0.26639
35	111	0.25285
35	112	0.10137
35	113	0.26742
35	114	0.10251
35	115	0.30737
35	116	0.1453
35	117	0.89624
36	37	6.4917
36	38	2.1415
36	39	1.0712
36	40	0
36	41	0
36	42	0
36	43	0
36	44	0.48262
36	45	0
36	46	0
36	47	0.19724
36	48	0.18061
36	49	0.21981
36	50	0.26391
36	51	0.071029
36	52	0.1089
36	53	0.10854
36	54	0.11734
36	55	0.056062
36	56	0.074249
36	57	0.086524
36	58	0.15044
36	59	0.086834
36	60	0
36	61	0.10578
36	62	0.17027
36	63	0.21632
36	64	0.090246
36	65	0.12229
36	66	0.20813
36	67	0.18407
36	68	0.13782
36	69	0.29258
36	70	0.21278
36	71	0.36485
36	72	0.31732
36	73	0.31598
36	74	0.11063
36	75	0.21278
36	76	0.32897
36	77	0.25007
36	78	0.20347
36	79	0.069764
36	80	0.02117
36	81	0.026921
36	82	0
36	83	0.11156
36	84	0.090491
36	85	0.0423
36	86	0.12595
36	87	0.13285
36	88	0.2284
36	89	0.20577
36	90	0.15766
36	91	0.15567
36	92	0.082428
36	93	0.14117
36	94	0.09684
36	95	0.13842
36	96	0.06163
36	97	0.10915
36	98	0.13523
36	99	0.27207
36	100	0.39822
36	101	0.19037
36	102	0.14379
36	103	0.28739
36	104	0.036675
36	105	0.38365
36	106	0.31475
36	107	0.39456
36	108	0.38647
36	109	0.12403
36	110	0.3136
36	111	0.32557
36	112	0.14916
36	113	0.29513
36	114	0.30171
36	115	0.56538
36	116	0.42762
36	117	0
37	38	7.5108
37	39	2.8985
37	40	17.563
37	41	0
37	42	0
37	43	0
37	44	1.2727
37	45	0
37	46	0
37	47	0.52012
37	48	0.19051
37	49	0.12881
37	50	0.07592
37	51	0.17482
37	52	0.091892
37	53	0.11449
37	54	0.074261
37	55	0.059134
37	56	0.15664
37	57	0.11408
37	58	0.068007
37	59	0.022898
37	60	0.086057
37	61	0.022316
37	62	0.1796
37	63	0.20282
37	64	0.22211
37	65	0.077397
37	66	0.094086
37	67	0.097077
37	68	0.36343
37	69	0.084167
37	70	0.22444
37	71	0.10496
37	72	0.11157
37	73	0.44439
37	74	0.14587
37	75	0.37407
37	76	0.28391
37	77	0.20516
37	78	0.095385
37	79	0.098116
37	80	0.11165
37	81	0.028396
37	82	0.077171
37	83	0.11767
37	84	0.071587
37	85	0.044618
37	86	0.07971
37	87	0.093419
37	88	0.072275
37	89	0.24116
37	90	0.14255
37	91	0.054734
37	92	0.28981
37	93	0.26802
37	94	0.10215
37	95	0.048667
37	96	0.043338
37	97	0.023026
37	98	0.047547
37	99	0.086092
37	100	0.14001
37	101	0.057371
37	102	0.30333
37	103	0.34102
37	104	0.23211
37	105	0.2428
37	106	0.2656
37	107	0.33294
37	108	0.27176
37	109	0.065411
37	110	0.37214
37	111	0.14717
37	112	0.31467
37	113	0.3113
37	114	0.15912
37	115	0.11927
37	116	0.11276
37	117	0
38	39	7.7952
38	40	0
38	41	2.233
38	42	0
38	43	0
38	44	0.97087
38	45	0
38	46	0
38	47	0.44968
38	48	0.14533
38	49	0.11791
38	50	0.19305
38	51	0.22862
38	52	0.1402
38	53	0.15721
38	54	0.018884
38	55	0.203
38	56	0.21907
38	57	0.052217
38	58	0.10376
38	59	0.052404
38	60	0.087533
38	61	0.068096
38	62	0.17616
38	63	0.21274
38	64	0.36309
38	65	0.23617
38	66	0.14355
38	67	0.14811
38	68	0.2218
38	69	0.27823
38	70	0.09784
38	71	0.26689
38	72	0.36882
38	73	0.19776
38	74	0.22256
38	75	0.28537
38	76	0.3369
38	77	0.089432
38	78	0.18191
38	79	0.037424
38	80	0.06814
38	81	0.043324
38	82	0.058871
38	83	0.089769
38	84	0.12743
38	85	0.13615
38	86	0.14188
38	87	0.1069
38	88	0.16541
38	89	0.18397
38	90	0.21748
38	91	0.2714
38	92	0.19898
38	93	0.18174
38	94	0.077923
38	95	0.037126
38	96	0.033061
38	97	0.087827
38	98	0.054408
38	99	0.24081
38	100	0.13351
38	101	0.24071
38	102	0.18512
38	103	0.14453
38	104	0.20658
38	105	0.12348
38	106	0.30392
38	107	0.19049
38	108	0.15549
38	109	0.049899
38	110	0.031543
38	111	0
38	112	0.30007
38	113	0
38	114	0.12139
38	115	0.090988
38	116	0
38	117	0.53061
39	40	0
39	41	0
39	42	0
39	43	0
39	44	0
39	45	0
39	46	0
39	47	0.41421
39	48	0.34768
39	49	0.13677
39	50	0.20153
39	51	0.26518
39	52	0.18295
39	53	0.21274
39	54	0.16427
39	55	0.2747
39	56	0.2772
39	57	0.21198
39	58	0.18053
39	59	0.091176
39	60	0.11422
39	61	0.23696
39	62	0.13622
39	63	0.2019
39	64	0.25269
39	65	0.2397
39	66	0.29138
39	67	0.12885
39	68	0.096474
39	69	0.18619
39	70	0.042557
39	71	0.092871
39	72	0.29616
39	73	0.24576
39	74	0.23233
39	75	0.1986
39	76	0.41869
39	77	0.1556
39	78	0.34816
39	79	0.19534
39	80	0.088915
39	81	0.075378
39	82	0.17071
39	83	0.093711
39	84	0.095016
39	85	0.11844
39	86	0.14106
39	87	0.092994
39	88	0.19186
39	89	0.12804
39	90	0.1892
39	91	0.14529
39	92	0.2308
39	93	0.11858
39	94	0.23726
39	95	0.19378
39	96	0.086282
39	97	0.091684
39	98	0.094662
39	99	0.22854
39	100	0.092917
39	101	0.038074
39	102	0.24156
39	103	0.10059
39	104	0.15403
39	105	0
39	106	0
39	107	0.22095
39	108	0.090176
39	109	0.086818
39	110	0
39	111	0.39068
39	112	0.20883
39	113	0
39	114	0.31679
39	115	0
39	116	0.29933
39	117	0
40	41	0
40	42	0
40	43	0
40	44	0
40	45	0
40	46	0
40	47	0
40	48	0
40	49	0
40	50	0
40	51	0
40	52	0
40	53	0
40	54	0
40	55	0
40	56	0
40	57	0
40	58	0
40	59	0
40	60	0
40	61	0
40	62	0
40	63	0
40	64	0
40	65	0
40	66	0
40	67	0
40	68	0
40	69	0
40	70	0
40	71	0
40	72	0
40	73	0
40	74	0
40	75	0
40	76	0
40	77	0
40	78	0
40	79	0
40	80	0
40	81	0
40	82	0
40	83	0
40	84	0
40	85	0
40	86	0
40	87	0
40	88	0
40	89	0
40	90	0
40	91	0
40	92	0
40	93	0
40	94	0
40	95	0
40	96	0
40	97	0
40	98	0
40	99	0
40	100	0
40	101	0
40	102	0
40	103	0
40	104	0
40	105	0
40	106	0
40	107	0
40	108	0
40	109	0
40	110	0
40	111	0
40	112	0
40	113	0
40	114	0
40	115	0
40	116	0
40	117	0
41	42	0
41	43	0
41	44	0
41	45	0
41	46	0
41	47	2.7422
41	48	0
41	49	0
41	50	2.0013
41	51	0
41	52	0
41	53	0
41	54	1.9576
41	55	0
41	56	0
41	57	0
41	58	0
41	59	0
41	60	2.2686
41	61	0
41	62	2.0291
41	63	2.0049
41	64	2.5093
41	65	0
41	66	0
41	67	2.559
41	68	0
41	69	0
41	70	0
41	71	0
41	72	0
41	73	0
41	74	0
41	75	0
41	76	0
41	77	0
41	78	0
41	79	0
41	80	0
41	81	0
41	82	0
41	83	0
41	84	0
41	85	0
41	86	0
41	87	1.847
41	88	0
41	89	0
41	90	0
41	91	2.1643
41	92	0
41	93	0
41	94	0
41	95	0
41	96	0
41	97	0
41	98	0
41	99	0
41	100	0
41	101	0
41	102	0
41	103	0
41	104	0
41	105	0
41	106	0
41	107	0
41	108	0
41	109	0
41	110	0
41	111	0
41	112	0
41	113	0
41	114	0
41	115	0
41	116	0
41	117	0
42	43	0
42	44	0
42	45	0
42	46	0
42	47	0
42	48	0
42	49	0
42	50	0
42	51	0
42	52	0
42	53	0
42	54	0
42	55	0
42	56	0
42	57	0
42	58	0
42	59	0
42	60	0
42	61	0
42	62	0
42	63	0
42	64	0
42	65	0
42	66	0
42	67	0
42	68	0
42	69	0
42	70	0
42	71	0
42	72	0
42	73	0
42	74	0
42	75	0
42	76	0
42	77	0
42	78	0
42	79	0
42	80	0
42	81	0
42	82	0
42	83	0
42	84	0
42	85	0
42	86	0
42	87	0
42	88	0
42	89	0
42	90	0
42	91	0
42	92	0
42	93	0
42	94	0
42	95	0
42	96	0
42	97	0
42	98	0
42	99	0
42	100	0
42	101	0
42	102	0
42	103	0
42	104	0
42	105	0
42	106	0
42	107	0
42	108	0
42	109	0
42	110	0
42	111	0
42	112	0
42	113	0
42	114	0
42	115	0
42	116	0
42	117	0
43	44	0
43	45	0
43	46	0
43	47	2.9915
43	48	0
43	49	2.2225
43	50	2.1833
43	51	0
43	52	0
43	53	0
43	54	0
43	55	0
43	56	0
43	57	0
43	58	0
43	59	0
43	60	0
43	61	1.9253
43	62	0
43	63	0
43	64	0
43	65	0
43	66	0
43	67	0
43	68	0
43	69	0
43	70	0
43	71	0
43	72	0
43	73	0
43	74	0
43	75	0
43	76	0
43	77	0
43	78	0
43	79	0
43	80	0
43	81	2.4498
43	82	2.2192
43	83	0
43	84	0
43	85	0
43	86	0
43	87	0
43	88	0
43	89	2.0806
43	90	0
43	91	0
43	92	0
43	93	0
43	94	0
43	95	0
43	96	0
43	97	1.9865
43	98	0
43	99	2.4758
43	100	0
43	101	0
43	102	0
43	103	0
43	104	0
43	105	0
43	106	0
43	107	0
43	108	0
43	109	0
43	110	0
43	111	0
43	112	0
43	113	0
43	114	0
43	115	0
43	116	0
43	117	0
44	45	0
44	46	0
44	47	4.5306
44	48	1.3101
44	49	0.35431
44	50	0.17403
44	51	0.51522
44	52	0.31596
44	53	0.62986
44	54	0.51068
44	55	0.40665
44	56	0.35905
44	57	0.47071
44	58	0.15589
44	59	0.31493
44	60	0.98633
44	61	0.61385
44	62	0
44	63	0.17434
44	64	0.43641
44	65	0
44	66	0.21567
44	67	0.66758
44	68	0.24992
44	69	0.19293
44	70	0.22049
44	71	0.48118
44	72	0.76724
44	73	0.764
44	74	0
44	75	0
44	76	0.43386
44	77	0.60463
44	78	0.16399
44	79	0.16868
44	80	0.46068
44	81	0.19527
44	82	0.1769
44	83	0.16184
44	84	0.49229
44	85	0
44	86	0.18272
44	87	0
44	88	0.16567
44	89	0.33169
44	90	0
44	91	0
44	92	0.1993
44	93	0.20479
44	94	0.17561
44	95	0.16734
44	96	0.29803
44	97	0.15834
44	98	0
44	99	0.39469
44	100	0.72213
44	101	0
44	102	0.41719
44	103	0.52115
44	104	0.53205
44	105	0
44	106	0
44	107	0.5724
44	108	0
44	109	0
44	110	0
44	111	0
44	112	0
44	113	0
44	114	0
44	115	0
44	116	0
44	117	0
45	46	0
45	47	0
45	48	0
45	49	0
45	50	0
45	51	0
45	52	0
45	53	0
45	54	0
45	55	0
45	56	0
45	57	0
45	58	0
45	59	0
45	60	0
45	61	0
45	62	0
45	63	0
45	64	0
45	65	0
45	66	0
45	67	0
45	68	0
45	69	0
45	70	0
45	71	0
45	72	0
45	73	0
45	74	0
45	75	0
45	76	0
45	77	0
45	78	0
45	79	0
45	80	0
45	81	0
45	82	0
45	83	0
45	84	0
45	85	0
45	86	0
45	87	0
45	88	0
45	89	0
45	90	0
45	91	0
45	92	0
45	93	0
45	94	0
45	95	0
45	96	0
45	97	0
45	98	0
45	99	0
45	100	0
45	101	0
45	102	0
45	103	0
45	104	0
45	105	0
45	106	0
45	107	0
45	108	0
45	109	0
45	110	0
45	111	0
45	112	0
45	113	0
45	114	0
45	115	0
45	116	0
45	117	0
46	47	0
46	48	0
46	49	0
46	50	0
46	51	0
46	52	0
46	53	0
46	54	0
46	55	0
46	56	0
46	57	0
46	58	0
46	59	0
46	60	0
46	61	0
46	62	0
46	63	0
46	64	0
46	65	0
46	66	0
46	67	0
46	68	0
46	69	0
46	70	0
46	71	0
46	72	0
46	73	0
46	74	0
46	75	0
46	76	0
46	77	0
46	78	0
46	79	0
46	80	0
46	81	0
46	82	0
46	83	0
46	84	0
46	85	0
46	86	0
46	87	0
46	88	0
46	89	0
46	90	0
46	91	0
46	92	0
46	93	0
46	94	0
46	95	0
46	96	0
46	97	0
46	98	0
46	99	0
46	100	0
46	101	0
46	102	0
46	103	0
46	104	0
46	105	0
46	106	0
46	107	0
46	108	0
46	109	0
46	110	0
46	111	0
46	112	0
46	113	0
46	114	0
46	115	0
46	116	0
46	117	0
47	48	3.9265
47	49	1.8824
47	50	0.87719
47	51	0.84225
47	52	0.58108
47	53	0.64354
47	54	0.44061
47	55	0.74787
47	56	0.80707
47	57	0.36337
47	58	0.53092
47	59	0.17161
47	60	0.16124
47	61	0.22997
47	62	0.67303
47	63	0.40376
47	64	0.35671
47	65	0.41088
47	66	0.23505
47	67	0.090943
47	68	0.13619
47	69	0.34168
47	70	0.4806
47	71	0.49163
47	72	0.31356
47	73	0.24285
47	74	0.51929
47	75	0.35044
47	76	0.14776
47	77	0.41184
47	78	0.35743
47	79	0.27575
47	80	0.27195
47	81	0.23942
47	82	0.19279
47	83	0.30867
47	84	0.33532
47	85	0.1881
47	86	0.2987
47	87	0.26255
47	88	0.45139
47	89	0.27111
47	90	0.26708
47	91	0.25638
47	92	0.2172
47	93	0.44638
47	94	0.16746
47	95	0.34194
47	96	0.1015
47	97	0.19414
47	98	0.26726
47	99	0.3495
47	100	0.29512
47	101	0.26873
47	102	0.45466
47	103	0.21299
47	104	0.28992
47	105	0.34119
47	106	0.12441
47	107	0.38989
47	108	0.25459
47	109	0.24511
47	110	0.15494
47	111	0.13788
47	112	0.1474
47	113	0.097212
47	114	0.14907
47	115	0.22347
47	116	0
47	117	0.65161
48	49	3.7293
48	50	1.5468
48	51	1.173
48	52	0.81293
48	53	0.85448
48	54	0.70076
48	55	0.70385
48	56	0.67185
48	57	0.42571
48	58	0.36462
48	59	0.29465
48	60	0.31375
48	61	0.2728
48	62	0.37968
48	63	0.2936
48	64	0.4083
48	65	0.31538
48	66	0.44392
48	67	0.47885
48	68	0.23383
48	69	0.41516
48	70	0.26818
48	71	0.22509
48	72	0.19142
48	73	0.23826
48	74	0.28155
48	75	0.16847
48	76	0.22325
48	77	0.26399
48	78	0.44493
48	79	0.44189
48	80	0.40228
48	81	0.20096
48	82	0.41376
48	83	0.25741
48	84	0.21494
48	85	0.12918
48	86	0.37609
48	87	0.36063
48	88	0.32551
48	89	0.20171
48	90	0.13757
48	91	0.10565
48	92	0.2797
48	93	0.2874
48	94	0.1643
48	95	0.17222
48	96	0.32066
48	97	0.42962
48	98	0.27532
48	99	0.31388
48	100	0.33781
48	101	0.12919
48	102	0.15613
48	103	0.17065
48	104	0.12445
48	105	0.15622
48	106	0.085442
48	107	0.10711
48	108	0.21856
48	109	0.042085
48	110	0.23943
48	111	0
48	112	0.15184
48	113	0.066763
48	114	0.10238
48	115	0.076738
48	116	0.07255
48	117	0
49	50	4.0159
49	51	1.7729
49	52	1.2951
49	53	1.1953
49	54	1.0165
49	55	0.80257
49	56	0.65411
49	57	0.4764
49	58	0.47333
49	59	0.35062
49	60	0.39931
49	61	0.24851
49	62	0.51788
49	63	0.3529
49	64	0.55211
49	65	0.35913
49	66	0.30559
49	67	0.42792
49	68	0.40472
49	69	0.15621
49	70	0.24548
49	71	0.1461
49	72	0.31061
49	73	0.23197
49	74	0.16244
49	75	0.23432
49	76	0.26347
49	77	0.28558
49	78	0.19916
49	79	0.23901
49	80	0.32638
49	81	0.37551
49	82	0.25065
49	83	0.39313
49	84	0.36538
49	85	0.24843
49	86	0.33287
49	87	0.1788
49	88	0.18445
49	89	0.18464
49	90	0.2811
49	91	0.24762
49	92	0.2824
49	93	0.20727
49	94	0.2666
49	95	0.27098
49	96	0.24131
49	97	0.24039
49	98	0.33093
49	99	0.31957
49	100	0.26798
49	101	0.23958
49	102	0.29557
49	103	0.13186
49	104	0.16155
49	105	0.084496
49	106	0.18486
49	107	0.057932
49	108	0.047287
49	109	0.13658
49	110	0.057557
49	111	0.034145
49	112	0.10951
49	113	0.21667
49	114	0
49	115	0.083013
49	116	0
49	117	0.48411
50	51	4.8834
50	52	1.9948
50	53	1.2368
50	54	0.88008
50	55	0.60646
50	56	0.71396
50	57	0.4212
50	58	0.37198
50	59	0.32877
50	60	0.31381
50	61	0.16784
50	62	0.4912
50	63	0.20801
50	64	0.36881
50	65	0.31751
50	66	0.47174
50	67	0.26549
50	68	0.17394
50	69	0.15346
50	70	0.30691
50	71	0.26312
50	72	0.35598
50	73	0.27852
50	74	0.13963
50	75	0.20461
50	76	0.28038
50	77	0.16031
50	78	0.32608
50	79	0.30188
50	80	0.45803
50	81	0.27181
50	82	0.26381
50	83	0.27355
50	84	0.24473
50	85	0.27456
50	86	0.29066
50	87	0.17565
50	88	0.19766
50	89	0.2968
50	90	0.22741
50	91	0.18711
50	92	0.31704
50	93	0.28506
50	94	0.2619
50	95	0.18301
50	96	0.20742
50	97	0.2204
50	98	0.1788
50	99	0.11773
50	100	0.19146
50	101	0.21574
50	102	0.18665
50	103	0.10363
50	104	0.1587
50	105	0.13834
50	106	0.1362
50	107	0.11382
50	108	0.092905
50	109	0
50	110	0.11308
50	111	0.10063
50	112	0.10757
50	113	0.070948
50	114	0
50	115	0.1631
50	116	0.1542
50	117	0.95113
51	52	3.5651
51	53	2.0703
51	54	1.1023
51	55	0.89773
51	56	0.66934
51	57	0.35408
51	58	0.42827
51	59	0.309
51	60	0.30968
51	61	0.2108
51	62	0.38086
51	63	0.44475
51	64	0.38537
51	65	0.26111
51	66	0.27509
51	67	0.1965
51	68	0.19617
51	69	0.11358
51	70	0.19471
51	71	0.25966
51	72	0.22583
51	73	0.22488
51	74	0.059053
51	75	0.1262
51	76	0.36183
51	77	0.2373
51	78	0.27352
51	79	0.29791
51	80	0.28627
51	81	0.30655
51	82	0.26034
51	83	0.31759
51	84	0.16101
51	85	0.19568
51	86	0.21513
51	87	0.17334
51	88	0.22757
51	89	0.29289
51	90	0.33663
51	91	0.24005
51	92	0.23465
51	93	0.20093
51	94	0.24122
51	95	0.1806
51	96	0.13159
51	97	0.20197
51	98	0.20853
51	99	0.21299
51	100	0.070852
51	101	0.23226
51	102	0.16373
51	103	0.2301
51	104	0.026101
51	105	0.027304
51	106	0.17921
51	107	0
51	108	0.13752
51	109	0.088268
51	110	0.083696
51	111	0.066201
51	112	0.05308
51	113	0.21004
51	114	0.16104
51	115	0
51	116	0.076084
51	117	0
52	53	5.5569
52	54	1.6286
52	55	1.0277
52	56	0.79395
52	57	0.45316
52	58	0.50652
52	59	0.469
52	60	0.44511
52	61	0.44323
52	62	0.36627
52	63	0.2675
52	64	0.39388
52	65	0.28823
52	66	0.25305
52	67	0.36151
52	68	0.18046
52	69	0.13931
52	70	0.17911
52	71	0.065143
52	72	0.23082
52	73	0.068955
52	74	0.19918
52	75	0.25539
52	76	0.13705
52	77	0.16371
52	78	0.32561
52	79	0.5024
52	80	0.29105
52	81	0.61685
52	82	0.35125
52	83	0.36518
52	84	0.2814
52	85	0.26308
52	86	0.29684
52	87	0.28991
52	88	0.14953
52	89	0.11975
52	90	0.088473
52	91	0.15287
52	92	0.21585
52	93	0.1109
52	94	0.26944
52	95	0.16613
52	96	0.36313
52	97	0.30012
52	98	0.28035
52	99	0.17811
52	100	0.15208
52	101	0.053413
52	102	0.094133
52	103	0.11759
52	104	0.04802
52	105	0.1507
52	106	0.041212
52	107	0.10332
52	108	0.042169
52	109	0
52	110	0.025664
52	111	0.12179
52	112	0.14648
52	113	0.12881
52	114	0
52	115	0.074028
52	116	0
52	117	0
53	54	3.1699
53	55	1.6645
53	56	0.83981
53	57	0.69164
53	58	0.61706
53	59	0.39664
53	60	0.4614
53	61	0.44178
53	62	0.42857
53	63	0.43915
53	64	0.31408
53	65	0.17557
53	66	0.38804
53	67	0.28026
53	68	0.2698
53	69	0.20828
53	70	0.19836
53	71	0.21644
53	72	0.25308
53	73	0.18328
53	74	0.12634
53	75	0.16199
53	76	0.15612
53	77	0.30823
53	78	0.16228
53	79	0.2428
53	80	0.44206
53	81	0.3689
53	82	0.27053
53	83	0.33487
53	84	0.19191
53	85	0.28983
53	86	0.29587
53	87	0.31786
53	88	0.19375
53	89	0.16411
53	90	0.19107
53	91	0.20317
53	92	0.26894
53	93	0.14739
53	94	0.15798
53	95	0.25592
53	96	0.22789
53	97	0.32763
53	98	0.2059
53	99	0.15978
53	100	0.064963
53	101	0.17746
53	102	0.16889
53	103	0.16409
53	104	0.11966
53	105	0.10014
53	106	0.041078
53	107	0.051493
53	108	0.12609
53	109	0.040466
53	110	0.02558
53	111	0.060699
53	112	0.048668
53	113	0.12839
53	114	0.049219
53	115	0.14757
53	116	0.13952
53	117	0
54	55	4.0339
54	56	1.5189
54	57	0.99184
54	58	0.80351
54	59	0.64318
54	60	0.57553
54	61	0.67161
54	62	0.44615
54	63	0.3391
54	64	0.36075
54	65	0.36233
54	66	0.35656
54	67	0.3679
54	68	0.31597
54	69	0.28145
54	70	0.23588
54	71	0.14039
54	72	0.27359
54	73	0.12383
54	74	0.11707
54	75	0.25017
54	76	0.10548
54	77	0.27441
54	78	0.23922
54	79	0.54135
54	80	0.34348
54	81	0.3988
54	82	0.24085
54	83	0.44071
54	84	0.25534
54	85	0.2984
54	86	0.28431
54	87	0.34362
54	88	0.11278
54	89	0.2258
54	90	0.095332
54	91	0.10982
54	92	0.34888
54	93	0.239
54	94	0.30741
54	95	0.22783
54	96	0.30433
54	97	0.35418
54	98	0.31799
54	99	0.21111
54	100	0.30432
54	101	0.11511
54	102	0.16229
54	103	0.17739
54	104	0.12936
54	105	0.18945
54	106	0.044407
54	107	0.055667
54	108	0
54	109	0
54	110	0.11061
54	111	0.13124
54	112	0
54	113	0
54	114	0.26604
54	115	0.079767
54	116	0
54	117	0.46517
55	56	3.2115
55	57	1.367
55	58	0.88731
55	59	0.71337
55	60	0.48121
55	61	0.71306
55	62	0.86083
55	63	0.48605
55	64	0.45624
55	65	0.4534
55	66	0.30063
55	67	0.33604
55	68	0.20322
55	69	0.26894
55	70	0.38419
55	71	0.25153
55	72	0.14854
55	73	0.29583
55	74	0.30296
55	75	0.3287
55	76	0.17639
55	77	0.46824
55	78	0.24764
55	79	0.39189
55	80	0.33892
55	81	0.43098
55	82	0.39042
55	83	0.4324
55	84	0.32405
55	85	0.37424
55	86	0.33959
55	87	0.2985
55	88	0.23094
55	89	0.15412
55	90	0.1708
55	91	0.19675
55	92	0.32411
55	93	0.45199
55	94	0.44878
55	95	0.31101
55	96	0.20772
55	97	0.31269
55	98	0.2089
55	99	0.20632
55	100	0.22369
55	101	0.1604
55	102	0.19384
55	103	0.15134
55	104	0.12361
55	105	0.1293
55	106	0.15912
55	107	0.19947
55	108	0.16282
55	109	0.20901
55	110	0.06606
55	111	0.23513
55	112	0.31421
55	113	0.082892
55	114	0.063554
55	115	0.19055
55	116	0.18015
55	117	0
56	57	2.6553
56	58	1.487
56	59	0.90442
56	60	0.99139
56	61	0.97587
56	62	0.88674
56	63	0.60796
56	64	0.76092
56	65	0.43672
56	66	0.4424
56	67	0.5934
56	68	0.3076
56	69	0.25724
56	70	0.31661
56	71	0.27143
56	72	0.15738
56	73	0.18284
56	74	0.22635
56	75	0.36938
56	76	0.31149
56	77	0.41343
56	78	0.26911
56	79	0.41522
56	80	0.45675
56	81	0.32045
56	82	0.30843
56	83	0.33199
56	84	0.3871
56	85	0.25176
56	86	0.35606
56	87	0.23061
56	88	0.28887
56	89	0.22113
56	90	0.23459
56	91	0.32814
56	92	0.36794
56	93	0.37808
56	94	0.28818
56	95	0.29177
56	96	0.3668
56	97	0.35729
56	98	0.25152
56	99	0.26313
56	100	0.17282
56	101	0.20232
56	102	0.32091
56	103	0.13363
56	104	0.16371
56	105	0.057084
56	106	0.23416
56	107	0.11741
56	108	0.09584
56	109	0.13841
56	110	0
56	111	0
56	112	0.11097
56	113	0.073189
56	114	0.11223
56	115	0
56	116	0.079533
56	117	0
57	58	3.8149
57	59	2.6819
57	60	2.4049
57	61	2.1598
57	62	1.0122
57	63	0.59386
57	64	0.31295
57	65	0.39759
57	66	0.25132
57	67	0.31915
57	68	0.17922
57	69	0.39777
57	70	0.29648
57	71	0.15096
57	72	0.25217
57	73	0.1598
57	74	0.1079
57	75	0.23059
57	76	0.19446
57	77	0.1626
57	78	0.22049
57	79	0.54434
57	80	0.45425
57	81	0.49011
57	82	0.47571
57	83	0.24663
57	84	0.27948
57	85	0.35755
57	86	0.29482
57	87	0.28793
57	88	0.11881
57	89	0.059465
57	90	0.05858
57	91	0.13496
57	92	0.21438
57	93	0.31208
57	94	0.28335
57	95	0.375
57	96	0.16029
57	97	0.17033
57	98	0.35172
57	99	0.10614
57	100	0.15104
57	101	0.1061
57	102	0.074793
57	103	0
57	104	0.023846
57	105	0.024945
57	106	0.12279
57	107	0.10262
57	108	0
57	109	0.040321
57	110	0.025489
57	111	0.12096
57	112	0
57	113	0
57	114	0
57	115	0
57	116	0.069511
57	117	0
58	59	3.534
58	60	2.0028
58	61	1.7631
58	62	1.2571
58	63	0.68319
58	64	0.56357
58	65	0.34762
58	66	0.4802
58	67	0.37655
58	68	0.2671
58	69	0.25774
58	70	0.19637
58	71	0.36426
58	72	0.13666
58	73	0.1134
58	74	0.23228
58	75	0.11455
58	76	0.11592
58	77	0.19745
58	78	0.23368
58	79	0.49576
58	80	0.42397
58	81	0.43478
58	82	0.56716
58	83	0.36035
58	84	0.26306
58	85	0.38257
58	86	0.179
58	87	0.3719
58	88	0.23608
58	89	0.17724
58	90	0.13095
58	91	0.21789
58	92	0.23075
58	93	0.3283
58	94	0.29716
58	95	0.26826
58	96	0.19907
58	97	0.18333
58	98	0.20384
58	99	0.19333
58	100	0.10719
58	101	0.087843
58	102	0.018578
58	103	0.069621
58	104	0.071078
58	105	0.024784
58	106	0
58	107	0.10196
58	108	0
58	109	0.12018
58	110	0.025324
58	111	0.060092
58	112	0.048181
58	113	0.063553
58	114	0.097453
58	115	0
58	116	0.069062
58	117	0
59	60	4.8979
59	61	3.41
59	62	1.3333
59	63	0.56462
59	64	0.3926
59	65	0.43093
59	66	0.40744
59	67	0.28026
59	68	0.17987
59	69	0.17356
59	70	0.15869
59	71	0.086574
59	72	0.13804
59	73	0.2291
59	74	0.21658
59	75	0.18513
59	76	0.13661
59	77	0.14505
59	78	0.073762
59	79	0.27314
59	80	0.41443
59	81	0.68511
59	82	0.57289
59	83	0.27663
59	84	0.22144
59	85	0.30363
59	86	0.44381
59	87	0.27452
59	88	0.20866
59	89	0.14919
59	90	0.05879
59	91	0.27089
59	92	0.14343
59	93	0.27635
59	94	0.39495
59	95	0.18065
59	96	0.26811
59	97	0.39885
59	98	0.30886
59	99	0.19529
59	100	0.043309
59	101	0.088731
59	102	0.037531
59	103	0.093766
59	104	0.11966
59	105	0.05007
59	106	0.082156
59	107	0.051493
59	108	0
59	109	0
59	110	0
59	111	0.030349
59	112	0
59	113	0.12839
59	114	0
59	115	0
59	116	0
59	117	0
60	61	5.1021
60	62	1.551
60	63	0.66804
60	64	0.49183
60	65	0.41989
60	66	0.48612
60	67	0.50157
60	68	0.169
60	69	0.1522
60	70	0.12425
60	71	0.10846
60	72	0.37469
60	73	0.20091
60	74	0.11305
60	75	0.11596
60	76	0.14669
60	77	0.18171
60	78	0.16633
60	79	0.39921
60	80	0.43265
60	81	0.66021
60	82	0.39872
60	83	0.21888
60	84	0.36987
60	85	0.27664
60	86	0.20592
60	87	0.2715
60	88	0.14937
60	89	0.11214
60	90	0.1473
60	91	0.14847
60	92	0.13477
60	93	0.13848
60	94	0.4552
60	95	0.26402
60	96	0.20152
60	97	0.37475
60	98	0.2948
60	99	0.066722
60	100	0.054255
60	101	0.044463
60	102	0.11754
60	103	0.029366
60	104	0.11992
60	105	0.062725
60	106	0
60	107	0
60	108	0
60	109	0
60	110	0.12818
60	111	0.076041
60	112	0
60	113	0
60	114	0.061659
60	115	0
60	116	0
60	117	0
61	62	2.2122
61	63	0.97827
61	64	0.70785
61	65	0.51331
61	66	0.49163
61	67	0.50726
61	68	0.24103
61	69	0.27064
61	70	0.25131
61	71	0.14766
61	72	0.26907
61	73	0.066984
61	74	0.1759
61	75	0.11277
61	76	0.095096
61	77	0.14136
61	78	0.20128
61	79	0.38452
61	80	0.41737
61	81	0.59921
61	82	0.68241
61	83	0.38312
61	84	0.27336
61	85	0.34972
61	86	0.30437
61	87	0.25346
61	88	0.24693
61	89	0.10178
61	90	0.085944
61	91	0.1155
61	92	0.22716
61	93	0.26933
61	94	0.29253
61	95	0.36678
61	96	0.2221
61	97	0.27765
61	98	0.28667
61	99	0.19032
61	100	0.084416
61	101	0.15566
61	102	0.073154
61	103	0
61	104	0.023324
61	105	0.073196
61	106	0
61	107	0.050185
61	108	0.040963
61	109	0
61	110	0.02493
61	111	0.11831
61	112	0.094862
61	113	0.12513
61	114	0.047968
61	115	0
61	116	0.13597
61	117	0
62	63	4.2706
62	64	1.8256
62	65	0.87632
62	66	0.58699
62	67	0.67294
62	68	0.42828
62	69	0.44731
62	70	0.31117
62	71	0.60631
62	72	0.2578
62	73	0.20537
62	74	0.28313
62	75	0.23338
62	76	0.19681
62	77	0.3657
62	78	0.36367
62	79	0.39108
62	80	0.37151
62	81	0.23621
62	82	0.19615
62	83	0.4568
62	84	0.397
62	85	0.2629
62	86	0.31311
62	87	0.37236
62	88	0.23381
62	89	0.21733
62	90	0.18116
62	91	0.32251
62	92	0.32144
62	93	0.37159
62	94	0.30094
62	95	0.30363
62	96	0.2103
62	97	0.19154
62	98	0.3296
62	99	0.25861
62	100	0.14559
62	101	0.21874
62	102	0.18924
62	103	0.13133
62	104	0.053633
62	105	0.056104
62	106	0.046029
62	107	0
62	108	0.094194
62	109	0.18137
62	110	0.11465
62	111	0.17004
62	112	0.054534
62	113	0.071933
62	114	0.1103
62	115	0
62	116	0
62	117	0.48216
63	64	5.0857
63	65	1.5197
63	66	1.0956
63	67	0.86441
63	68	0.52276
63	69	0.59572
63	70	0.54905
63	71	0.38341
63	72	0.78966
63	73	0.20292
63	74	0.47959
63	75	0.40996
63	76	0.51857
63	77	0.32119
63	78	0.47367
63	79	0.45363
63	80	0.41297
63	81	0.40844
63	82	0.21143
63	83	0.25792
63	84	0.31055
63	85	0.36673
63	86	0.30939
63	87	0.33593
63	88	0.24752
63	89	0.28082
63	90	0.179
63	91	0.18745
63	92	0.29776
63	93	0.18358
63	94	0.26237
63	95	0.26668
63	96	0.22263
63	97	0.25234
63	98	0.24426
63	99	0.27519
63	100	0.23975
63	101	0.21613
63	102	0.20777
63	103	0.18168
63	104	0.079491
63	105	0.083154
63	106	0.13644
63	107	0.11402
63	108	0
63	109	0.17921
63	110	0.16993
63	111	0.033602
63	112	0.16165
63	113	0.21323
63	114	0.054494
63	115	0
63	116	0
63	117	0
64	65	3.0964
64	66	1.6938
64	67	1.1096
64	68	0.65427
64	69	0.57723
64	70	0.52226
64	71	0.62984
64	72	0.54199
64	73	0.31747
64	74	0.47519
64	75	0.32068
64	76	0.40564
64	77	0.55275
64	78	0.55195
64	79	0.54673
64	80	0.32543
64	81	0.21909
64	82	0.17642
64	83	0.40351
64	84	0.36822
64	85	0.32512
64	86	0.45555
64	87	0.32034
64	88	0.41306
64	89	0.18607
64	90	0.22403
64	91	0.32845
64	92	0.29814
64	93	0.30635
64	94	0.17513
64	95	0.29205
64	96	0.24149
64	97	0.15791
64	98	0.38723
64	99	0.36902
64	100	0.60014
64	101	0.2951
64	102	0.23403
64	103	0.064967
64	104	0.16582
64	105	0.20815
64	106	0.28461
64	107	0.14271
64	108	0.23298
64	109	0.11215
64	110	0.14179
64	111	0.084112
64	112	0.13488
64	113	0
64	114	0.27282
64	115	0
64	116	0.19334
64	117	0
65	66	5.2683
65	67	2.1878
65	68	1.1653
65	69	0.82133
65	70	0.62577
65	71	0.65842
65	72	0.41475
65	73	0.49044
65	74	0.48804
65	75	0.52148
65	76	0.46174
65	77	0.32685
65	78	0.19946
65	79	0.37614
65	80	0.38912
65	81	0.35627
65	82	0.46618
65	83	0.31168
65	84	0.13306
65	85	0.2799
65	86	0.42596
65	87	0.3093
65	88	0.25189
65	89	0.30258
65	90	0.18216
65	91	0.24798
65	92	0.30301
65	93	0.33212
65	94	0.26699
65	95	0.35618
65	96	0.21145
65	97	0.33704
65	98	0.49712
65	99	0.36005
65	100	0.29278
65	101	0.23994
65	102	0.25371
65	103	0.21129
65	104	0.13482
65	105	0.25386
65	106	0.046282
65	107	0.23207
65	108	0.047357
65	109	0.18237
65	110	0.25939
65	111	0.068389
65	112	0
65	113	0.21699
65	114	0.16636
65	115	0
65	116	0.1572
65	117	0
66	67	4.8805
66	68	2.2172
66	69	1.0935
66	70	0.84221
66	71	0.38537
66	72	0.8193
66	73	0.53344
66	74	0.44496
66	75	0.66562
66	76	0.53458
66	77	0.34767
66	78	0.26267
66	79	0.60273
66	80	0.39734
66	81	0.26466
66	82	0.21796
66	83	0.37889
66	84	0.20219
66	85	0.26464
66	86	0.38273
66	87	0.33641
66	88	0.42868
66	89	0.22478
66	90	0.18117
66	91	0.27826
66	92	0.24557
66	93	0.58036
66	94	0.15146
66	95	0.18557
66	96	0.31213
66	97	0.09755
66	98	0.22158
66	99	0.48632
66	100	0.17795
66	101	0.31598
66	102	0.17991
66	103	0.32106
66	104	0.19667
66	105	0.41146
66	106	0.11252
66	107	0.070528
66	108	0.11514
66	109	0.11085
66	110	0.17518
66	111	0.083136
66	112	0.19997
66	113	0.3517
66	114	0.067412
66	115	0.10106
66	116	0
66	117	0
67	68	4.0669
67	69	1.8396
67	70	1.1493
67	71	0.73407
67	72	0.78031
67	73	0.48564
67	74	0.33157
67	75	0.45785
67	76	0.49641
67	77	0.4612
67	78	0.37526
67	79	0.55756
67	80	0.37092
67	81	0.37238
67	82	0.29236
67	83	0.3292
67	84	0.33379
67	85	0.33156
67	86	0.41812
67	87	0.26543
67	88	0.33699
67	89	0.23192
67	90	0.16616
67	91	0.23926
67	92	0.35472
67	93	0.33846
67	94	0.22325
67	95	0.31911
67	96	0.341
67	97	0.22143
67	98	0.49882
67	99	0.30106
67	100	0.36722
67	101	0.40125
67	102	0.21215
67	103	0.23189
67	104	0.1691
67	105	0.17689
67	106	0
67	107	0.072769
67	108	0.059398
67	109	0
67	110	0.18074
67	111	0.17156
67	112	0.068776
67	113	0.36288
67	114	0.069555
67	115	0.20855
67	116	0.19717
67	117	0
68	69	5.2065
68	70	2.802
68	71	1.4771
68	72	0.73032
68	73	0.65452
68	74	0.57292
68	75	0.7346
68	76	0.61948
68	77	0.89209
68	78	0.39805
68	79	0.57804
68	80	0.32889
68	81	0.33458
68	82	0.22732
68	83	0.32352
68	84	0.30459
68	85	0.4381
68	86	0.31307
68	87	0.34398
68	88	0.33118
68	89	0.26048
68	90	0.30326
68	91	0.24184
68	92	0.48376
68	93	0.32165
68	94	0.17552
68	95	0.28672
68	96	0.2766
68	97	0.067826
68	98	0.23343
68	99	0.30995
68	100	0.34369
68	101	0.36616
68	102	0.3574
68	103	0.11162
68	104	0.49379
68	105	0.23841
68	106	0.26079
68	107	0.32691
68	108	0.33355
68	109	0.12845
68	110	0.1218
68	111	0.096339
68	112	0.23173
68	113	0.10189
68	114	0.078119
68	115	0.70267
68	116	0.22144
68	117	0
69	70	6.6592
69	71	1.7237
69	72	1.3813
69	73	0.87018
69	74	0.70763
69	75	0.59544
69	76	0.54995
69	77	0.62202
69	78	0.5061
69	79	0.46482
69	80	0.33852
69	81	0.12914
69	82	0.31197
69	83	0.35678
69	84	0.16279
69	85	0.25365
69	86	0.14098
69	87	0.26554
69	88	0.38348
69	89	0.20108
69	90	0.2341
69	91	0.35265
69	92	0.19771
69	93	0.22573
69	94	0.15485
69	95	0.18445
69	96	0.1971
69	97	0.20944
69	98	0.19822
69	99	0.34804
69	100	0.5041
69	101	0.36964
69	102	0.36787
69	103	0.34466
69	104	0.43984
69	105	0.4601
69	106	0.15099
69	107	0.25237
69	108	0.20599
69	109	0.39664
69	110	0.062683
69	111	0.18593
69	112	0.05963
69	113	0.39327
69	114	0.24122
69	115	0.18081
69	116	0.25642
69	117	0
70	71	4.4854
70	72	2.0618
70	73	1.0587
70	74	0.78345
70	75	0.87493
70	76	0.84713
70	77	0.60933
70	78	0.45446
70	79	0.33998
70	80	0.1741
70	81	0.14759
70	82	0.15599
70	83	0.3262
70	84	0.18604
70	85	0.17393
70	86	0.20715
70	87	0.3844
70	88	0.2087
70	89	0.16713
70	90	0.26755
70	91	0.18966
70	92	0.22595
70	93	0.30957
70	94	0.28758
70	95	0.29511
70	96	0.22526
70	97	0.2992
70	98	0.28832
70	99	0.32318
70	100	0.48515
70	101	0.39759
70	102	0.36787
70	103	0.36107
70	104	0.20107
70	105	0.24539
70	106	0.2876
70	107	0
70	108	0.23542
70	109	0.28332
70	110	0.28655
70	111	0.29748
70	112	0.27259
70	113	0.35957
70	114	0.3446
70	115	0.30996
70	116	0.39073
70	117	0.60254
71	72	6.0462
71	73	1.8902
71	74	1.1582
71	75	1.0254
71	76	1.2225
71	77	0.49864
71	78	0.49588
71	79	0.18548
71	80	0.18996
71	81	0.10736
71	82	0.29177
71	83	0.22245
71	84	0.18044
71	85	0.18978
71	86	0.1758
71	87	0.15453
71	88	0.36435
71	89	0.34193
71	90	0.47158
71	91	0.46562
71	92	0.24654
71	93	0.33778
71	94	0.12069
71	95	0.25301
71	96	0.24578
71	97	0.13059
71	98	0.11236
71	99	0.434
71	100	0.59554
71	101	0.1898
71	102	0.57343
71	103	0.39397
71	104	0.65818
71	105	0.53551
71	106	0.5021
71	107	0.078676
71	108	0.57797
71	109	0.37096
71	110	0.469
71	111	0.23185
71	112	0.3718
71	113	0.29425
71	114	0.3008
71	115	0.56369
71	116	0.31976
71	117	0
72	73	4.5395
72	74	2.1105
72	75	1.3907
72	76	1.6165
72	77	0.64785
72	78	0.43128
72	79	0.49292
72	80	0.2468
72	81	0.22825
72	82	0.28431
72	83	0.16553
72	84	0.33567
72	85	0.35864
72	86	0.32036
72	87	0.37546
72	88	0.31468
72	89	0.41193
72	90	0.31032
72	91	0.19248
72	92	0.46591
72	93	0.32914
72	94	0.17961
72	95	0.073349
72	96	0.13063
72	97	0.11568
72	98	0.3583
72	99	0.51901
72	100	0.31653
72	101	0.2594
72	102	0.24382
72	103	0.49494
72	104	0.50529
72	105	0.4066
72	106	0.26686
72	107	0.083632
72	108	0.13653
72	109	0.32861
72	110	0.29082
72	111	0.24646
72	112	0.23713
72	113	0.31279
72	114	0.31975
72	115	0.23968
72	116	0.1133
72	117	0
73	74	5.8963
73	75	3.4433
73	76	1.4834
73	77	1.1143
73	78	0.52489
73	79	0.2945
73	80	0.2681
73	81	0.22729
73	82	0.2059
73	83	0.30611
73	84	0.191
73	85	0.20089
73	86	0.10634
73	87	0.18694
73	88	0.40977
73	89	0.48258
73	90	0.26147
73	91	0.35596
73	92	0.49294
73	93	0.32775
73	94	0.1022
73	95	0.19477
73	96	0.26017
73	97	0.1843
73	98	0.095145
73	99	0.37326
73	100	0.63039
73	101	0.57401
73	102	0.42488
73	103	0.22747
73	104	0.15482
73	105	0.40489
73	106	0.13287
73	107	0.33312
73	108	0.33988
73	109	0.45812
73	110	0.16548
73	111	0.19634
73	112	0.31484
73	113	0.31147
73	114	0.55721
73	115	0.23867
73	116	0.22564
73	117	1.3918
74	75	6.3982
74	76	2.1134
74	77	0.97023
74	78	0.63906
74	79	0.42535
74	80	0.29921
74	81	0.20144
74	82	0.30413
74	83	0.1113
74	84	0.24451
74	85	0.12309
74	86	0.25131
74	87	0.23931
74	88	0.30383
74	89	0.26612
74	90	0.39324
74	91	0.3667
74	92	0.41118
74	93	0.21126
74	94	0.26166
74	95	0.07672
74	96	0.32451
74	97	0.32668
74	98	0.18739
74	99	0.40715
74	100	0.24831
74	101	0.29393
74	102	0.35863
74	103	0.32853
74	104	0.3354
74	105	0.12759
74	106	0.31402
74	107	0.065607
74	108	0.1071
74	109	0.10311
74	110	0.29332
74	111	0.23201
74	112	0.12401
74	113	0.49074
74	114	0.12542
74	115	0.28203
74	116	0.4444
74	117	0
75	76	4.6228
75	77	1.244
75	78	0.72301
75	79	0.61976
75	80	0.40623
75	81	0.22959
75	82	0.38996
75	83	0.23785
75	84	0.19293
75	85	0.18037
75	86	0.29538
75	87	0.23603
75	88	0.14609
75	89	0.41434
75	90	0.38417
75	91	0.30424
75	92	0.32219
75	93	0.42136
75	94	0.38713
75	95	0.31971
75	96	0.2409
75	97	0.20944
75	98	0.16819
75	99	0.46405
75	100	0.42451
75	101	0.34789
75	102	0.2759
75	103	0.15318
75	104	0.31277
75	105	0.20449
75	106	0.20132
75	107	0.084122
75	108	0.27466
75	109	0.33054
75	110	0.25073
75	111	0.34706
75	112	0.23852
75	113	0.31462
75	114	0.56285
75	115	0.48217
75	116	0.22793
75	117	0
76	77	4.4461
76	78	1.4023
76	79	0.52263
76	80	0.32353
76	81	0.1452
76	82	0.19731
76	83	0.18052
76	84	0.24405
76	85	0.39928
76	86	0.22645
76	87	0.41799
76	88	0.45171
76	89	0.24664
76	90	0.40496
76	91	0.46648
76	92	0.4199
76	93	0.43147
76	94	0.3047
76	95	0.31108
76	96	0.11081
76	97	0.17662
76	98	0.24314
76	99	0.41578
76	100	0.38782
76	101	0.36672
76	102	0.59459
76	103	0.45211
76	104	0.49454
76	105	0.24142
76	106	0.5659
76	107	0.28376
76	108	0.46323
76	109	0.16724
76	110	0.21144
76	111	0.12543
76	112	0.33523
76	113	0.53063
76	114	0
76	115	0.30495
76	116	0.38442
76	117	0.5928
77	78	4.6827
77	79	1.6898
77	80	0.72495
77	81	0.38223
77	82	0.3259
77	83	0.33544
77	84	0.30232
77	85	0.3533
77	86	0.54701
77	87	0.42533
77	88	0.51506
77	89	0.36282
77	90	0.37624
77	91	0.36839
77	92	0.52781
77	93	0.33013
77	94	0.14154
77	95	0.21195
77	96	0.27453
77	97	0.32818
77	98	0.37649
77	99	0.6817
77	100	0.38803
77	101	0.45428
77	102	0.28822
77	103	0.27003
77	104	0.45947
77	105	0.4486
77	106	0.26288
77	107	0.13182
77	108	0.10759
77	109	0.051794
77	110	0.1637
77	111	0.11654
77	112	0.24917
77	113	0.32866
77	114	0.062997
77	115	0.18888
77	116	0.35715
77	117	0
78	79	3.4293
78	80	1.0358
78	81	0.34759
78	82	0.46404
78	83	0.59134
78	84	0.55345
78	85	0.43119
78	86	0.29101
78	87	0.4514
78	88	0.49668
78	89	0.32628
78	90	0.5051
78	91	0.35263
78	92	0.41078
78	93	0.24942
78	94	0.18097
78	95	0.23516
78	96	0.34901
78	97	0.32636
78	98	0.3676
78	99	0.42524
78	100	0.49613
78	101	0.40658
78	102	0.35176
78	103	0.24412
78	104	0.39877
78	105	0.28679
78	106	0.17112
78	107	0
78	108	0.21886
78	109	0.25285
78	110	0.15984
78	111	0.22124
78	112	0.15205
78	113	0.13371
78	114	0.25629
78	115	0.076842
78	116	0.072649
78	117	0
79	80	3.818
79	81	1.2232
79	82	0.97169
79	83	1.123
79	84	0.75907
79	85	0.60616
79	86	0.47542
79	87	0.41789
79	88	0.33528
79	89	0.1758
79	90	0.33063
79	91	0.30832
79	92	0.28809
79	93	0.39471
79	94	0.42308
79	95	0.40315
79	96	0.38773
79	97	0.412
79	98	0.42539
79	99	0.28527
79	100	0.25517
79	101	0.36119
79	102	0.16082
79	103	0.17578
79	104	0.051273
79	105	0.13409
79	106	0.13201
79	107	0
79	108	0.045025
79	109	0.13004
79	110	0.054804
79	111	0.032511
79	112	0.20854
79	113	0.13754
79	114	0.15817
79	115	0.079043
79	116	0.14946
79	117	0
80	81	3.1008
80	82	2.6072
80	83	2.3996
80	84	1.2093
80	85	0.82101
80	86	0.60913
80	87	0.53542
80	88	0.30523
80	89	0.34919
80	90	0.30099
80	91	0.33021
80	92	0.26227
80	93	0.35933
80	94	0.493
80	95	0.41106
80	96	0.37912
80	97	0.40285
80	98	0.41594
80	99	0.2597
80	100	0.27453
80	101	0.19037
80	102	0.1281
80	103	0.091441
80	104	0.11669
80	105	0.073242
80	106	0
80	107	0.050217
80	108	0
80	109	0.11839
80	110	0.099783
80	111	0.029597
80	112	0.14238
80	113	0.12521
80	114	0.047999
80	115	0
80	116	0.13606
80	117	0
81	82	5.4467
81	83	2.3833
81	84	1.0801
81	85	0.92421
81	86	0.59113
81	87	0.91378
81	88	0.40662
81	89	0.22202
81	90	0.14581
81	91	0.27294
81	92	0.35574
81	93	0.20562
81	94	0.52896
81	95	0.42937
81	96	0.53197
81	97	0.67126
81	98	0.38301
81	99	0.1321
81	100	0.053707
81	101	0.24208
81	102	0.046542
81	103	0.058139
81	104	0.059356
81	105	0.093137
81	106	0.10188
81	107	0
81	108	0.052123
81	109	0.050182
81	110	0
81	111	0
81	112	0.060353
81	113	0
81	114	0.18311
81	115	0
81	116	0.17302
81	117	0.53361
82	83	4.1872
82	84	1.3433
82	85	1.0698
82	86	1.0525
82	87	0.68171
82	88	0.35161
82	89	0.26817
82	90	0.31371
82	91	0.26627
82	92	0.28198
82	93	0.31045
82	94	0.56792
82	95	0.62572
82	96	0.45179
82	97	0.43206
82	98	0.33045
82	99	0.039888
82	100	0.024327
82	101	0.17942
82	102	0.1054
82	103	0.13167
82	104	0.026885
82	105	0.056248
82	106	0.046147
82	107	0.1157
82	108	0
82	109	0.045459
82	110	0.028737
82	111	0.034095
82	112	0
82	113	0.072117
82	114	0.055293
82	115	0.082892
82	116	0.31347
82	117	0
83	84	4.2029
83	85	1.4327
83	86	1.115
83	87	0.7128
83	88	0.5821
83	89	0.32202
83	90	0.34744
83	91	0.38283
83	92	0.58969
83	93	0.43552
83	94	0.29227
83	95	0.37134
83	96	0.39957
83	97	0.27817
83	98	0.42326
83	99	0.3102
83	100	0.22257
83	101	0.21888
83	102	0.13501
83	103	0.07228
83	104	0.22138
83	105	0.077193
83	106	0.04222
83	107	0.10585
83	108	0.0864
83	109	0.12477
83	110	0.052583
83	111	0.031193
83	112	0.050021
83	113	0.13196
83	114	0.10118
83	115	0.37919
83	116	0
83	117	0.44227
84	85	4.4011
84	86	2.1412
84	87	1.2347
84	88	0.97851
84	89	0.57527
84	90	0.4595
84	91	0.51166
84	92	0.57922
84	93	0.57598
84	94	0.51037
84	95	0.43926
84	96	0.2794
84	97	0.20782
84	98	0.47513
84	99	0.46253
84	100	0.24823
84	101	0.16644
84	102	0.15645
84	103	0.12214
84	104	0.19952
84	105	0.15654
84	106	0.17123
84	107	0
84	108	0.13141
84	109	0.084341
84	110	0.10663
84	111	0.063255
84	112	0.25359
84	113	0.066899
84	114	0.20517
84	115	0.076895
84	116	0.1454
84	117	0
85	86	3.3951
85	87	1.9848
85	88	0.78412
85	89	0.58143
85	90	0.52982
85	91	0.49485
85	92	0.57644
85	93	0.43078
85	94	0.67723
85	95	0.49866
85	96	0.40488
85	97	0.40247
85	98	0.28658
85	99	0.36323
85	100	0.12658
85	101	0.12103
85	102	0.14626
85	103	0.15987
85	104	0.1399
85	105	0.073173
85	106	0.080043
85	107	0.050169
85	108	0.12285
85	109	0.07885
85	110	0.074766
85	111	0.029569
85	112	0.047416
85	113	0.18763
85	114	0.28772
85	115	0.21567
85	116	0.067965
85	117	1.2577
86	87	4.2248
86	88	1.4527
86	89	0.65786
86	90	0.49458
86	91	0.6483
86	92	0.89459
86	93	0.61995
86	94	0.78825
86	95	0.66378
86	96	0.60665
86	97	0.39669
86	98	0.39252
86	99	0.45321
86	100	0.35178
86	101	0.16474
86	102	0.13065
86	103	0.24481
86	104	0.11108
86	105	0.1162
86	106	0.047665
86	107	0.1195
86	108	0.048772
86	109	0.14087
86	110	0.029682
86	111	0
86	112	0
86	113	0.07449
86	114	0.11422
86	115	0
86	116	0.16189
86	117	0.49931
87	88	3.5267
87	89	1.1565
87	90	0.73454
87	91	0.67346
87	92	0.62175
87	93	0.77042
87	94	0.53173
87	95	0.59881
87	96	0.50589
87	97	0.53756
87	98	0.42002
87	99	0.59755
87	100	0.28712
87	101	0.2896
87	102	0.24881
87	103	0.19127
87	104	0.19527
87	105	0.17874
87	106	0.16759
87	107	0.05252
87	108	0.34296
87	109	0.12382
87	110	0.13045
87	111	0.18573
87	112	0.14892
87	113	0.2619
87	114	0.050201
87	115	0.075259
87	116	0.071151
87	117	0.43888
88	89	4.8975
88	90	2.0721
88	91	1.3182
88	92	0.86773
88	93	0.71719
88	94	0.39892
88	95	0.60186
88	96	0.36671
88	97	0.38967
88	98	0.34043
88	99	0.42961
88	100	0.38731
88	101	0.35475
88	102	0.33564
88	103	0.17264
88	104	0.35251
88	105	0.1317
88	106	0.12966
88	107	0.10836
88	108	0.13267
88	109	0.12773
88	110	0.10765
88	111	0.095794
88	112	0.15361
88	113	0.27017
88	114	0.15535
88	115	0.15527
88	116	0.44038
88	117	0.90546
89	90	4.9844
89	91	1.7118
89	92	0.6798
89	93	0.69853
89	94	0.39933
89	95	0.42808
89	96	0.38121
89	97	0.28505
89	98	0.20137
89	99	0.44875
89	100	0.25087
89	101	0.33643
89	102	0.37551
89	103	0.27158
89	104	0.22685
89	105	0.29004
89	106	0.12979
89	107	0.1627
89	108	0.22134
89	109	0.29833
89	110	0.13471
89	111	0.095893
89	112	0.15377
89	113	0.067611
89	114	0.15551
89	115	0.15543
89	116	0.22042
89	117	0
90	91	6.1832
90	92	1.5626
90	93	0.61167
90	94	0.31143
90	95	0.37485
90	96	0.40335
90	97	0.32515
90	98	0.28993
90	99	0.38682
90	100	0.35948
90	101	0.42348
90	102	0.31152
90	103	0.31618
90	104	0.19864
90	105	0.46754
90	106	0.29834
90	107	0.16028
90	108	0.17444
90	109	0.08397
90	110	0.10616
90	111	0.18893
90	112	0.20198
90	113	0.26642
90	114	0.20427
90	115	0.5359
90	116	0.28951
90	117	0
91	92	4.5
91	93	1.0129
91	94	0.69861
91	95	0.53976
91	96	0.41657
91	97	0.32347
91	98	0.36913
91	99	0.76386
91	100	0.46585
91	101	0.4454
91	102	0.31399
91	103	0.19612
91	104	0.31463
91	105	0.47873
91	106	0.19638
91	107	0.24617
91	108	0.20094
91	109	0.24182
91	110	0.21401
91	111	0.10882
91	112	0.1745
91	113	0.23017
91	114	0.2353
91	115	0.088188
91	116	0.25012
91	117	0
92	93	2.9847
92	94	1.2197
92	95	1.1241
92	96	0.81441
92	97	0.68511
92	98	0.89351
92	99	0.71904
92	100	0.65778
92	101	0.33691
92	102	0.45126
92	103	0.32636
92	104	0.33319
92	105	0.31686
92	106	0.15597
92	107	0
92	108	0.15959
92	109	0.20487
92	110	0.25901
92	111	0.11524
92	112	0.061598
92	113	0.1625
92	114	0.24918
92	115	0.09339
92	116	0.44147
92	117	0
93	94	4.7051
93	95	2.3102
93	96	1.0461
93	97	0.88924
93	98	1.0138
93	99	1.1083
93	100	0.59142
93	101	0.32312
93	102	0.34167
93	103	0.33535
93	104	0.1245
93	105	0.42327
93	106	0.26712
93	107	0.20091
93	108	0.32798
93	109	0.21051
93	110	0.13307
93	111	0.078942
93	112	0.37977
93	113	0.25047
93	114	0.19204
93	115	0.095963
93	116	0.18145
93	117	0
94	95	3.8614
94	96	1.9884
94	97	1.5092
94	98	1.2466
94	99	0.73257
94	100	0.74864
94	101	0.2177
94	102	0.20928
94	103	0.13071
94	104	0.21352
94	105	0.19544
94	106	0.18325
94	107	0
94	108	0.14062
94	109	0.13539
94	110	0.085583
94	111	0.13539
94	112	0.054276
94	113	0.14319
94	114	0.43912
94	115	0.16458
94	116	0.077798
94	117	0
95	96	3.7894
95	97	1.9074
95	98	1.7818
95	99	0.83013
95	100	0.52928
95	101	0.37718
95	102	0.27918
95	103	0.39858
95	104	0.12716
95	105	0.13302
95	106	0.043653
95	107	0.10944
95	108	0.089333
95	109	0.12901
95	110	0.10873
95	111	0.22577
95	112	0.20688
95	113	0.27288
95	114	0.10461
95	115	0.078413
95	116	0.074133
95	117	0
96	97	4.2462
96	98	3.3682
96	99	1.0584
96	100	0.71723
96	101	0.38626
96	102	0.17758
96	103	0.28838
96	104	0.24912
96	105	0.18953
96	106	0.15549
96	107	0.04873
96	108	0.11933
96	109	0.11488
96	110	0.14524
96	111	0.086162
96	112	0.27633
96	113	0.30375
96	114	0.18631
96	115	0.069827
96	116	0.066016
96	117	0
97	98	3.9635
97	99	1.089
97	100	0.5226
97	101	0.46397
97	102	0.30192
97	103	0.094288
97	104	0.19252
97	105	0.15105
97	106	0.24784
97	107	0.05178
97	108	0.084531
97	109	0.20346
97	110	0.051445
97	111	0.15259
97	112	0.19576
97	113	0.25821
97	114	0.14848
97	115	0.1484
97	116	0.1403
97	117	0.8654
98	99	2.8939
98	100	1.2815
98	101	0.62644
98	102	0.33121
98	103	0.29205
98	104	0.12424
98	105	0.25992
98	106	0.25589
98	107	0.21385
98	108	0.13092
98	109	0.21007
98	110	0.15935
98	111	0.28359
98	112	0.15159
98	113	0.06665
98	114	0.2044
98	115	0.15322
98	116	0.14486
98	117	0
99	100	4.3693
99	101	1.5346
99	102	0.82313
99	103	0.64632
99	104	0.59986
99	105	0.53338
99	106	0.5663
99	107	0.58081
99	108	0.57944
99	109	0.40572
99	110	0.32059
99	111	0.45643
99	112	0.18298
99	113	0.40227
99	114	0.49348
99	115	0.3699
99	116	0.78685
99	117	1.6178
100	101	5.7782
100	102	1.6924
100	103	1.5767
100	104	1.2438
100	105	1.3394
100	106	0.56514
100	107	0.31486
100	108	0.70676
100	109	0.61858
100	110	0.86026
100	111	0.46394
100	112	0.52077
100	113	0.5888
100	114	1.2791
100	115	0.11279
100	116	0.42655
100	117	1.9733
101	102	5.8771
101	103	2.5549
101	104	1.3192
101	105	0.81542
101	106	0.97775
101	107	0.45156
101	108	0.68452
101	109	0.45625
101	110	0.32045
101	111	0.57031
101	112	0.60969
101	113	0.40211
101	114	0.43162
101	115	0.46218
101	116	0.69914
101	117	0.53906
102	103	7.1732
102	104	1.8387
102	105	1.3929
102	106	1.0883
102	107	0.68213
102	108	0.38975
102	109	0.37524
102	110	0.44051
102	111	0.24122
102	112	0.38682
102	113	0.34016
102	114	0.5216
102	115	0.87971
102	116	0.64688
102	117	0
103	104	7.0493
103	105	3.8942
103	106	2.2432
103	107	1.619
103	108	1.0433
103	109	1.0044
103	110	0.59262
103	111	0.65289
103	112	0.64428
103	113	0.84985
103	114	0.65158
103	115	0.73261
103	116	0.23088
103	117	0
104	105	9.6431
104	106	3.2617
104	107	1.3919
104	108	0.99412
104	109	0.9571
104	110	1.0804
104	111	0.7691
104	112	0.65777
104	113	1.0845
104	114	0.91467
104	115	1.3712
104	116	0.58927
104	117	0
105	106	11.833
105	107	1.8201
105	108	1.7085
105	109	1.6448
105	110	0.94935
105	111	1.3945
105	112	1.0321
105	113	1.4749
105	114	1.1308
105	115	1.1736
105	116	0.73971
105	117	0.76046
106	107	8.362
106	108	2.5595
106	109	1.2908
106	110	1.4094
106	111	2.2002
106	112	1.4113
106	113	1.4892
106	114	1.4273
106	115	1.2838
106	116	1.0115
106	117	0
107	108	14.515
107	109	4.4129
107	110	2.6966
107	111	2.7581
107	112	2.2998
107	113	0.46671
107	114	1.4313
107	115	3.2186
107	116	1.7751
107	117	1.5642
108	109	14.408
108	110	3.3395
108	111	2.6115
108	112	3.1769
108	113	1.5238
108	114	2.3366
108	115	2.1893
108	116	1.4489
108	117	2.5535
109	110	12.568
109	111	6.7623
109	112	4.5878
109	113	2.7507
109	114	2.3902
109	115	1.2647
109	116	1.5942
109	117	0
110	111	11.125
110	112	3.9547
110	113	2.7821
110	114	2.6663
110	115	2.9313
110	116	1.6376
110	117	0.77702
111	112	10.218
111	113	3.851
111	114	5.167
111	115	2.5294
111	116	1.1957
111	117	2.7657
112	113	13.454
112	114	9.8076
112	115	6.8446
112	116	5.2727
112	117	4.435
113	114	26.989
113	115	6.0189
113	116	4.4259
113	117	3.9
114	115	12.819
114	116	5.3324
114	117	2.9902
115	116	14.898
115	117	2.2414
116	117	69.928
