1	2	0
1	3	0.89618
1	4	0
1	5	0
1	6	0
1	7	0
1	8	0
1	9	0
1	10	0
1	11	0
1	12	0
1	13	0
1	14	0
1	15	0
1	16	0
1	17	0
1	18	0
1	19	0
1	20	0
1	21	0
1	22	0
1	23	0
1	24	0
1	25	0
1	26	0
1	27	0
1	28	0
1	29	0
1	30	0
1	31	0
1	32	0
1	33	0
1	34	0
1	35	0
1	36	0
2	3	0.05507
2	4	0.017223
2	5	0.021595
2	6	0.016673
2	7	0.0030334
2	8	0.0048617
2	9	0.0098662
2	10	0.01235
2	11	0.015005
2	12	0.017674
2	13	0.021326
2	14	0.0074699
2	15	0.005503
2	16	0.0048063
2	17	0.0087621
2	18	0.0085216
2	19	0.015955
2	20	0.011752
2	21	0.006721
2	22	0.0020566
2	23	0.0030623
2	24	0
2	25	0.0057245
2	26	0
2	27	0
2	28	0.0024564
2	29	0.0042904
2	30	0.0025092
2	31	0.0046639
2	32	0.011914
2	33	0.01552
2	34	0.02234
2	35	0.012828
2	36	0
3	4	0.021754
3	5	0.0066667
3	6	0.0079632
3	7	0.0055384
3	8	0.0044411
3	9	0.0032403
3	10	0.0045323
3	11	0.0042437
3	12	0.0075072
3	13	0.0035233
3	14	0.0052913
3	15	0.0041552
3	16	0.0047638
3	17	0.0046559
3	18	0.0058024
3	19	0.004076
3	20	0.005718
3	21	0.0045234
3	22	0.002037
3	23	0.0021665
3	24	0.0010872
3	25	0.0010809
3	26	0.0032211
3	27	0.0015518
3	28	0.002085
3	29	0.0021232
3	30	0.0035476
3	31	0.003624
3	32	0.0053862
3	33	0.0038373
3	34	0.0011837
3	35	0.0025296
3	36	0.00085474
4	5	0.16244
4	6	0.058515
4	7	0.021293
4	8	0.017061
4	9	0.031314
4	10	0.02474
4	11	0.017839
4	12	0.0088447
4	13	0.012451
4	14	0.0093442
4	15	0.012852
4	16	0.016836
4	17	0.0087681
4	18	0.0076727
4	19	0.0071819
4	20	0.0050383
4	21	0.014292
4	22	0.010294
4	23	0.0076637
4	24	0.0051268
4	25	0.0057292
4	26	0.0037947
4	27	0.0032923
4	28	0.002459
4	29	0.0075173
4	30	0.0075367
4	31	0.011676
4	32	0.0083516
4	33	0.005828
4	34	0.0069909
4	35	0.012856
4	36	0.0061232
5	6	0.10314
5	7	0.038903
5	8	0.012835
5	9	0.032237
5	10	0.01489
5	11	0.01554
5	12	0.0093159
5	13	0.0066907
5	14	0.004218
5	15	0.01105
5	16	0.012667
5	17	0.0098949
5	18	0.0076966
5	19	0.0036022
5	20	0.0037905
5	21	0.01012
5	22	0.023233
5	23	0.009225
5	24	0.0057857
5	25	0.0043103
5	26	0.012847
5	27	0.0049539
5	28	0
5	29	0.011311
5	30	0.0056701
5	31	0.010541
5	32	0.010771
5	33	0.002923
5	34	0.0021038
5	35	0.0058029
5	36	0.0046065
6	7	0.075954
6	8	0.050948
6	9	0.036363
6	10	0.025853
6	11	0.017441
6	12	0.012322
6	13	0.0082597
6	14	0.010848
6	15	0.019183
6	16	0.011169
6	17	0.012724
6	18	0.0069276
6	19	0.005558
6	20	0.0097478
6	21	0.006832
6	22	0.010756
6	23	0.014236
6	24	0.0074402
6	25	0.0044342
6	26	0.0055068
6	27	0.010193
6	28	0.0071373
6	29	0.0087278
6	30	0.014584
6	31	0.010845
6	32	0.005541
6	33	0.0022556
6	34	0.0016234
6	35	0.0029856
6	36	0.010668
7	8	0.15965
7	9	0.06094
7	10	0.019601
7	11	0.0099173
7	12	0.0065395
7	13	0.010333
7	14	0.0078957
7	15	0.015514
7	16	0.0088916
7	17	0.0069458
7	18	0.0054025
7	19	0.004214
7	20	0.0026606
7	21	0.0053278
7	22	0.01196
7	23	0.0048569
7	24	0.0067691
7	25	0.0050429
7	26	0.0060121
7	27	0.0069551
7	28	0.011688
7	29	0.0079405
7	30	0.007961
7	31	0.0074001
7	32	0.0037809
7	33	0.0030781
7	34	0
7	35	0.010865
7	36	0.0097049
8	9	0.12415
8	10	0.030357
8	11	0.015889
8	12	0.00898
8	13	0.012039
8	14	0.0071151
8	15	0.0085436
8	16	0.0081399
8	17	0.0092727
8	18	0.0043273
8	19	0.0047254
8	20	0.0014207
8	21	0.0056902
8	22	0.0078386
8	23	0.0090781
8	24	0.0086757
8	25	0.0064631
8	26	0.0064212
8	27	0.0027856
8	28	0.0083226
8	29	0.0045435
8	30	0.0053144
8	31	0.010868
8	32	0.0080767
8	33	0.0049316
8	34	0.0035494
8	35	0.0032641
8	36	0.0025921
9	10	0.11604
9	11	0.022551
9	12	0.009103
9	13	0.016271
9	14	0.02137
9	15	0.019946
9	16	0.011002
9	17	0.0062661
9	18	0.0019493
9	19	0.0063857
9	20	0.0047998
9	21	0.0076904
9	22	0.010595
9	23	0.0035058
9	24	0.0058632
9	25	0.0043677
9	26	0.0097636
9	27	0.01004
9	28	0.0098432
9	29	0.011055
9	30	0.0028734
9	31	0.006678
9	32	0.013648
9	33	0.0088887
9	34	0
9	35	0.0088268
9	36	0.0070122
10	11	0.092598
10	12	0.040948
10	13	0.028972
10	14	0.022428
10	15	0.024398
10	16	0.012372
10	17	0.014092
10	18	0.021185
10	19	0.010939
10	20	0.010073
10	21	0.012251
10	22	0.012357
10	23	0.0065715
10	24	0.0065941
10	25	0.0057302
10	26	0.0056932
10	27	0.0056458
10	28	0.010543
10	29	0.0092104
10	30	0.012928
10	31	0.012019
10	32	0.010235
10	33	0.0058326
10	34	0.0059968
10	35	0.009933
10	36	0.0078965
11	12	0.1271
11	13	0.045102
11	14	0.03584
11	15	0.01552
11	16	0.018767
11	17	0.018524
11	18	0.015511
11	19	0.012442
11	20	0.015276
11	21	0.011477
11	22	0.0053558
11	23	0.0039874
11	24	0.0041678
11	25	0.0024834
11	26	0.0043179
11	27	0.004282
11	28	0.0063976
11	29	0.0090821
11	30	0.0089889
11	31	0.0098771
11	32	0.013975
11	33	0.013273
11	34	0.0063686
11	35	0.012561
11	36	0.0099908
12	13	0.1225
12	14	0.060056
12	15	0.016861
12	16	0.021352
12	17	0.014758
12	18	0.027642
12	19	0.018547
12	20	0.020032
12	21	0.01235
12	22	0.008195
12	23	0.0018773
12	24	0.0023547
12	25	0.0029228
12	26	0.002904
12	27	0.002016
12	28	0.0052711
12	29	0.0092101
12	30	0.013081
12	31	0.0057239
12	32	0.010236
12	33	0.017856
12	34	0.013708
12	35	0.01262
12	36	0.0037651
13	14	0.12881
13	15	0.019213
13	16	0.014805
13	17	0.01821
13	18	0.026742
13	19	0.024045
13	20	0.019107
13	21	0.0098296
13	22	0.0044366
13	23	0.0028312
13	24	0.0039457
13	25	0.0035263
13	26	0.0029197
13	27	0.0040538
13	28	0.0037855
13	29	0.0066143
13	30	0.004642
13	31	0.0071937
13	32	0.011026
13	33	0.018551
13	34	0.03101
13	35	0.013482
13	36	0.0056788
14	15	0.068862
14	16	0.028773
14	17	0.030466
14	18	0.023686
14	19	0.018558
14	20	0.010307
14	21	0.016305
14	22	0.0086559
14	23	0.0039658
14	24	0.0041451
14	25	0.0037045
14	26	0.0061345
14	27	0.0070978
14	28	0.0087491
14	29	0.010423
14	30	0.0065024
14	31	0.013604
14	32	0.013128
14	33	0.0088018
14	34	0.0045248
14	35	0.012498
14	36	0.0079559
15	16	0.12227
15	17	0.050129
15	18	0.021111
15	19	0.012665
15	20	0.010129
15	21	0.023499
15	22	0.012431
15	23	0.017536
15	24	0.011405
15	25	0.008494
15	26	0.0072338
15	27	0.0083695
15	28	0.0078156
15	29	0.015704
15	30	0.012779
15	31	0.013367
15	32	0.0037941
15	33	0.0098841
15	34	0.0071137
15	35	0.0032745
15	36	0.0058616
16	17	0.1131
16	18	0.025528
16	19	0.013272
16	20	0.011174
16	21	0.032882
16	22	0.014571
16	23	0.015315
16	24	0.0085373
16	25	0.0071531
16	26	0.0015794
16	27	0.0073094
16	28	0.0071669
16	29	0.0098391
16	30	0.017786
16	31	0.013619
16	32	0.010935
16	33	0.0040463
16	34	0.0069892
16	35	0.010724
16	36	0.012798
17	18	0.10336
17	19	0.021764
17	20	0.025449
17	21	0.029321
17	22	0.018742
17	23	0.0093024
17	24	0.0087508
17	25	0.005793
17	26	0.010792
17	27	0.0066596
17	28	0.01306
17	29	0.013855
17	30	0.013346
17	31	0.014182
17	32	0.01268
17	33	0.0081111
17	34	0.0053069
17	35	0.011727
17	36	0.0069989
18	19	0.11045
18	20	0.069243
18	21	0.036176
18	22	0.011536
18	23	0.0054246
18	24	0.0068038
18	25	0.010134
18	26	0.0061532
18	27	0.0038834
18	28	0.0043518
18	29	0.010139
18	30	0.01186
18	31	0.0062031
18	32	0.019016
18	33	0.013187
18	34	0.016506
18	35	0.01672
18	36	0.0036297
19	20	0.137
19	21	0.038028
19	22	0.013069
19	23	0.0042305
19	24	0.0063673
19	25	0.0068493
19	26	0.0047114
19	27	0.0054514
19	28	0.0054302
19	29	0.0094887
19	30	0.010405
19	31	0.010321
19	32	0.016478
19	33	0.022537
19	34	0.016993
19	35	0.013515
19	36	0.0050965
20	21	0.081014
20	22	0.022723
20	23	0.010685
20	24	0.0044671
20	25	0.013307
20	26	0.0038562
20	27	0.0044619
20	28	0.0042859
20	29	0.011234
20	30	0.0146
20	31	0.0081456
20	32	0.010404
20	33	0.020329
20	34	0.021946
20	35	0.020211
20	36	0.0035753
21	22	0.084463
21	23	0.027651
21	24	0.011933
21	25	0.01222
21	26	0.0093822
21	27	0.0070242
21	28	0.014311
21	29	0.024381
21	30	0.010237
21	31	0.018358
21	32	0.019454
21	33	0.0073531
21	34	0.013027
21	35	0.011994
21	36	0.0089477
22	23	0.10053
22	24	0.025583
22	25	0.02654
22	26	0.015551
22	27	0.01721
22	28	0.018408
22	29	0.019145
22	30	0.014332
22	31	0.014158
22	32	0.013617
22	33	0.0041571
22	34	0.0069811
22	35	0.0064263
22	36	0.013145
23	24	0.18095
23	25	0.041545
23	26	0.035236
23	27	0.03378
23	28	0.020884
23	29	0.014824
23	30	0.0093365
23	31	0.009921
23	32	0.0076033
23	33	0.0020633
23	34	0.001485
23	35	0.0068349
23	36	0.0032622
24	25	0.1237
24	26	0.046301
24	27	0.033116
24	28	0.02292
24	29	0.014302
24	30	0.0066918
24	31	0.002074
24	32	0.0084771
24	33	0.002588
24	34	0
24	35	0.0034292
24	36	0.01364
25	26	0.15047
25	27	0.039898
25	28	0.016258
25	29	0.012073
25	30	0.019106
25	31	0.011586
25	32	0.009471
25	33	0.0044977
25	34	0.0018497
25	35	0.0068119
25	36	0.0040649
26	27	0.089372
26	28	0.029883
26	29	0.016934
26	30	0.009904
26	31	0.012278
26	32	0.0023525
26	33	0.0044687
26	34	0.0027567
26	35	0.0025379
26	36	0.010096
27	28	0.17848
27	29	0.017144
27	30	0.014323
27	31	0.01243
27	32	0.010887
27	33	0.0014772
27	34	0
27	35	0.00097871
27	36	0.0093432
28	29	0.10611
28	30	0.0428
28	31	0.021887
28	32	0.018298
28	33	0.0049656
28	34	0.0023826
28	35	0.0054829
28	36	0.013084
29	30	0.14208
29	31	0.0478
29	32	0.023978
29	33	0.013014
29	34	0.0072848
29	35	0.012452
29	36	0.018284
30	31	0.12504
30	32	0.036357
30	33	0.014376
30	34	0.010956
30	35	0.023529
30	36	0.0080198
31	32	0.099475
31	33	0.022801
31	34	0.011318
31	35	0.030206
31	36	0.019878
32	33	0.083556
32	34	0.067075
32	35	0.058538
32	36	0.010156
33	34	0.22878
33	35	0.074519
33	36	0.014469
34	35	0.10228
34	36	0.0029754
35	36	0.14495
