1	2	7.8062
1	3	4.8118
1	4	1.411
1	5	4.4794
1	6	1.7234
1	7	3.9822
1	8	2.2243
1	9	0
1	10	1.5884
1	11	0
1	12	0
1	13	0
1	14	0.65882
1	15	0.42727
1	16	0.33034
1	17	0.57569
1	18	0.90112
1	19	0.28396
1	20	0
1	21	0
1	22	0
1	23	0
1	24	0
1	25	0
1	26	0
1	27	1.8728
1	28	0.61607
1	29	0.26996
1	30	0.62928
1	31	0.34797
1	32	0
1	33	0.29971
1	34	0.58616
1	35	0
1	36	0.38375
1	37	0
1	38	0
1	39	0.31695
1	40	0.32395
1	41	0.28906
1	42	0
1	43	0.67368
1	44	0
1	45	0
1	46	0.73062
1	47	0
1	48	0
1	49	0.7469
1	50	0
1	51	0
1	52	0
1	53	0
1	54	0.37294
1	55	0
1	56	0
1	57	0.85543
1	58	0
1	59	0
1	60	0
1	61	0
1	62	0.3918
1	63	1.0735
1	64	0.40474
1	65	0.5453
1	66	0
1	67	0.30642
1	68	0
1	69	0.77182
1	70	0.43063
1	71	0
1	72	0.35814
1	73	0
1	74	0.36564
1	75	0.29722
1	76	0
1	77	0
1	78	0.32928
1	79	0
1	80	0.32242
1	81	0
1	82	0
1	83	0
2	3	5.3912
2	4	4.6033
2	5	3.0998
2	6	2.6409
2	7	2.537
2	8	2.3749
2	9	1.4562
2	10	1.0469
2	11	0.30578
2	12	0.5282
2	13	0.65261
2	14	0.45591
2	15	0.33792
2	16	0.4572
2	17	0.68294
2	18	0.65328
2	19	0.22458
2	20	0.53587
2	21	0.089214
2	22	0.11023
2	23	0
2	24	0.097286
2	25	0.17991
2	26	0.27851
2	27	0.98743
2	28	1.1572
2	29	0.2135
2	30	0.24884
2	31	0.2064
2	32	0.1749
2	33	0.23704
2	34	0.17384
2	35	0.12621
2	36	0.37937
2	37	0.2542
2	38	0.24261
2	39	0
2	40	0.1281
2	41	0.1143
2	42	0.12172
2	43	0.2664
2	44	0.060115
2	45	0
2	46	0
2	47	0
2	48	0.069836
2	49	0.14768
2	50	0.12912
2	51	0
2	52	0.14433
2	53	0.15568
2	54	0.14747
2	55	0
2	56	0
2	57	0.084568
2	58	0
2	59	0.11061
2	60	0.070842
2	61	0
2	62	0.077466
2	63	0
2	64	0.080025
2	65	0
2	66	0.084921
2	67	0.24234
2	68	0.28399
2	69	0.38151
2	70	0.17029
2	71	0.17804
2	72	0.070811
2	73	0.20987
2	74	0.14459
2	75	0.23506
2	76	0.40578
2	77	0.063105
2	78	0.32552
2	79	0.13325
2	80	0.3825
2	81	0.22923
2	82	0.24162
2	83	0
3	4	3.2961
3	5	2.8813
3	6	2.8006
3	7	1.438
3	8	1.1747
3	9	2.9921
3	10	1.0755
3	11	0.94243
3	12	0.75971
3	13	0.67046
3	14	0.80293
3	15	0.60753
3	16	0.3355
3	17	0.46775
3	18	0.30507
3	19	0.74984
3	20	0.48936
3	21	0.73323
3	22	0
3	23	0.24984
3	24	0.19989
3	25	0.46208
3	26	0.71531
3	27	0.31701
3	28	0.68826
3	29	0.43868
3	30	0.12782
3	31	0.14136
3	32	0.35937
3	33	0.42616
3	34	0.29766
3	35	0.19449
3	36	0.1559
3	37	0.32644
3	38	0.062312
3	39	0.12876
3	40	0.065803
3	41	0.11743
3	42	0
3	43	0
3	44	0.18528
3	45	0.20355
3	46	0.074204
3	47	0.17522
3	48	0
3	49	0.075857
3	50	0.13265
3	51	0.14581
3	52	0.14828
3	53	0
3	54	0.15151
3	55	0.11966
3	56	0.37234
3	57	0.26064
3	58	0.096982
3	59	0
3	60	0.072779
3	61	0.074237
3	62	0.079585
3	63	0.4361
3	64	0.16443
3	65	0.33229
3	66	0.17449
3	67	0.24897
3	68	0.36469
3	69	0.31355
3	70	0.26242
3	71	0.091453
3	72	0.072747
3	73	0.35935
3	74	0.14854
3	75	0.36224
3	76	0.11911
3	77	0.12966
3	78	0.066884
3	79	0.1369
3	80	0.26197
3	81	0.157
3	82	0.33097
3	83	0
4	5	6.4035
4	6	3.8496
4	7	4.23
4	8	3.1003
4	9	0.98708
4	10	1.2773
4	11	0.82908
4	12	0.14321
4	13	0.53084
4	14	0.35318
4	15	0.19088
4	16	0.26563
4	17	0.2829
4	18	0.40256
4	19	0.20297
4	20	0.16144
4	21	0.040315
4	22	0
4	23	0.073263
4	24	0.043962
4	25	0.1626
4	26	0.47196
4	27	0.9203
4	28	0.66052
4	29	0.19296
4	30	0.28112
4	31	0.12436
4	32	0.079038
4	33	0.10711
4	34	0.23567
4	35	0.3422
4	36	0.27429
4	37	0.17231
4	38	0.082226
4	39	0.084956
4	40	0.086832
4	41	0.07748
4	42	0.082504
4	43	0.090287
4	44	0
4	45	0
4	46	0
4	47	0.038536
4	48	0.063117
4	49	0.033367
4	50	0.058349
4	51	0.096206
4	52	0.097831
4	53	0.035174
4	54	0.066642
4	55	0.10527
4	56	0
4	57	0.22929
4	58	0.12798
4	59	0.049982
4	60	0.12805
4	61	0.032654
4	62	0.10502
4	63	0.095913
4	64	0.18081
4	65	0.14616
4	66	0.038375
4	67	0.13689
4	68	0.25666
4	69	0.24136
4	70	0.038476
4	71	0
4	72	0.128
4	73	0.18968
4	74	0.065337
4	75	0.18589
4	76	0.18337
4	77	0.19962
4	78	0.20594
4	79	0.3613
4	80	0.11523
4	81	0.069057
4	82	0.29116
4	83	0
5	6	6.2733
5	7	4.0578
5	8	2.103
5	9	2.089
5	10	1.1514
5	11	0.43866
5	12	0.60619
5	13	0.24965
5	14	0.34259
5	15	0.28278
5	16	0.21862
5	17	0.78921
5	18	0.45438
5	19	0.24163
5	20	0.1993
5	21	0.042661
5	22	0.15813
5	23	0.11629
5	24	0
5	25	0.08603
5	26	0.49941
5	27	0.61972
5	28	0.55334
5	29	0.25523
5	30	0.11899
5	31	0.098698
5	32	0.11151
5	33	0.028337
5	34	0.22168
5	35	0.30176
5	36	0.25397
5	37	0.12155
5	38	0.058007
5	39	0.059932
5	40	0.030628
5	41	0.054658
5	42	0.11641
5	43	0.063693
5	44	0
5	45	0.047372
5	46	0.069077
5	47	0.040779
5	48	0
5	49	0.035308
5	50	0.061743
5	51	0.20361
5	52	0.13803
5	53	0.037221
5	54	0.10578
5	55	0
5	56	0
5	57	0.12132
5	58	0
5	59	0.05289
5	60	0.067751
5	61	0.069107
5	62	0.074086
5	63	0.20299
5	64	0.076533
5	65	0.10311
5	66	0.12182
5	67	0.11588
5	68	0.47529
5	69	0.2554
5	70	0.16286
5	71	0.1277
5	72	0.20316
5	73	0.13381
5	74	0.10371
5	75	0.1686
5	76	0.27719
5	77	0.27158
5	78	0.15566
5	79	0.25488
5	80	0.12194
5	81	0.10961
5	82	0.19257
5	83	0.21688
6	7	5.0217
6	8	3.3498
6	9	1.8084
6	10	1.1556
6	11	0.84387
6	12	0.40815
6	13	0.25214
6	14	0.50327
6	15	0.41965
6	16	0.41457
6	17	0.31412
6	18	0.45891
6	19	0.23241
6	20	0.23004
6	21	0.14772
6	22	0.1521
6	23	0.067113
6	24	0.13424
6	25	0.17378
6	26	0.36508
6	27	0.71531
6	28	0.55465
6	29	0.2946
6	30	0.20602
6	31	0.17088
6	32	0.11263
6	33	0.13083
6	34	0.23988
6	35	0.2264
6	36	0.18845
6	37	0.12277
6	38	0.10043
6	39	0.15565
6	40	0.14141
6	41	0.20504
6	42	0.16795
6	43	0.12866
6	44	0.082949
6	45	0.027339
6	46	0.079732
6	47	0.023534
6	48	0.077091
6	49	0.020377
6	50	0.16035
6	51	0.019584
6	52	0.099576
6	53	0.064443
6	54	0.061048
6	55	0
6	56	0.03334
6	57	0.070015
6	58	0.10421
6	59	0.030524
6	60	0.058651
6	61	0.11965
6	62	0.085514
6	63	0.058574
6	64	0.11042
6	65	0.059508
6	66	0.11718
6	67	0.23408
6	68	0.25471
6	69	0.18951
6	70	0.21148
6	71	0.073699
6	72	0.039084
6	73	0.15445
6	74	0.19951
6	75	0.19461
6	76	0.11198
6	77	0.10449
6	78	0.1617
6	79	0.18387
6	80	0.12315
6	81	0.21087
6	82	0.13336
6	83	0.25033
7	8	5.7084
7	9	3.3016
7	10	1.5131
7	11	0.69328
7	12	0.29939
7	13	0.18495
7	14	0.35071
7	15	0.23942
7	16	0.3702
7	17	0.40323
7	18	0.4881
7	19	0.2705
7	20	0.21937
7	21	0.10114
7	22	0.09372
7	23	0.068921
7	24	0.13786
7	25	0.10198
7	26	0.19733
7	27	0.85701
7	28	0.58686
7	29	0.18152
7	30	0.10578
7	31	0.077994
7	32	0.099138
7	33	0.083972
7	34	0.16423
7	35	0.3398
7	36	0.064509
7	37	0.16209
7	38	0.068758
7	39	0.12432
7	40	0.054457
7	41	0.11338
7	42	0.051743
7	43	0.037749
7	44	0.05111
7	45	0
7	46	0.08188
7	47	0
7	48	0.019792
7	49	0.083704
7	50	0.05489
7	51	0.020112
7	52	0.061355
7	53	0.1103
7	54	0.062693
7	55	0.03301
7	56	0
7	57	0.023967
7	58	0.053507
7	59	0
7	60	0.10038
7	61	0.14335
7	62	0.13173
7	63	0.1203
7	64	0.090717
7	65	0.12222
7	66	0.048134
7	67	0.1717
7	68	0.32193
7	69	0.17299
7	70	0.048261
7	71	0.075685
7	72	0.040136
7	73	0.15861
7	74	0.20488
7	75	0.21651
7	76	0.16429
7	77	0.089422
7	78	0.11071
7	79	0.30212
7	80	0.18067
7	81	0.17324
7	82	0.11413
7	83	0.25708
8	9	4.3569
8	10	2.3565
8	11	1.1327
8	12	0.51172
8	13	0.33472
8	14	0.35261
8	15	0.36107
8	16	0.33499
8	17	0.42163
8	18	0.89688
8	19	0.28796
8	20	0.25449
8	21	0.050841
8	22	0
8	23	0.11549
8	24	0.027721
8	25	0.076896
8	26	0.27775
8	27	0.66822
8	28	0.39914
8	29	0.1673
8	30	0.23044
8	31	0.098021
8	32	0.083062
8	33	0.1182
8	34	0.2807
8	35	0.32366
8	36	0.30267
8	37	0.054324
8	38	0.12098
8	39	0.071425
8	40	0.054752
8	41	0.06514
8	42	0.13873
8	43	0.075908
8	44	0
8	45	0.028228
8	46	0.020581
8	47	0.048598
8	48	0.039798
8	49	0.1052
8	50	0.018396
8	51	0.040442
8	52	0.1645
8	53	0.044358
8	54	0.042022
8	55	0.033189
8	56	0.068848
8	57	0.048193
8	58	0.053797
8	59	0.031516
8	60	0.040371
8	61	0.12354
8	62	0.06622
8	63	0.12096
8	64	0.068407
8	65	0.12288
8	66	0.072593
8	67	0.29348
8	68	0.26299
8	69	0.21741
8	70	0.097044
8	71	0.05073
8	72	0.040354
8	73	0.19934
8	74	0.16479
8	75	0.13396
8	76	0.13214
8	77	0.17981
8	78	0.18551
8	79	0.34172
8	80	0.10899
8	81	0.043544
8	82	0.11475
8	83	0
9	10	2.9632
9	11	4.3276
9	12	1.7443
9	13	0.61574
9	14	1.0754
9	15	0.79706
9	16	0.92435
9	17	0.40272
9	18	0.28017
9	19	0.26486
9	20	0.84266
9	21	0
9	22	0.52001
9	23	0.19121
9	24	0
9	25	0.42436
9	26	1.3139
9	27	0.58227
9	28	0.28731
9	29	0.1259
9	30	0.14674
9	31	0.16228
9	32	0.55007
9	33	0
9	34	0.27337
9	35	0.44655
9	36	0.17897
9	37	0.2998
9	38	0.14307
9	39	0
9	40	0.15108
9	41	0
9	42	0
9	43	0
9	44	0.1418
9	45	0
9	46	0
9	47	0
9	48	0
9	49	0.17416
9	50	0.15228
9	51	0.16739
9	52	0.34043
9	53	0.3672
9	54	0
9	55	0
9	56	0.28496
9	57	0.39895
9	58	0
9	59	0.26089
9	60	0.3342
9	61	0
9	62	0
9	63	0
9	64	0.18876
9	65	0
9	66	0.40062
9	67	0.57163
9	68	0
9	69	0.17998
9	70	0
9	71	0.41994
9	72	0
9	73	0
9	74	0.17052
9	75	0
9	76	0.13673
9	77	0
9	78	0.30713
9	79	0.15716
9	80	0
9	81	0.36046
9	82	0.18997
9	83	0
10	11	7.3628
10	12	1.5405
10	13	0.61971
10	14	0.79517
10	15	0.71625
10	16	0.62021
10	17	0.65623
10	18	0.98691
10	19	0.47602
10	20	0.52501
10	21	0.12102
10	22	0.074766
10	23	0.082474
10	24	0.13197
10	25	0.27456
10	26	0.37781
10	27	0.58603
10	28	0.61964
10	29	0.25342
10	30	0.25317
10	31	0.27999
10	32	0.19772
10	33	0.28136
10	34	0.37339
10	35	0.44943
10	36	0.12866
10	37	0.12931
10	38	0.12342
10	39	0.10626
10	40	0.043444
10	41	0.11629
10	42	0.16511
10	43	0.1581
10	44	0.061161
10	45	0.13439
10	46	0.024495
10	47	0.028921
10	48	0.071052
10	49	0.10016
10	50	0.15326
10	51	0
10	52	0.14684
10	53	0.10559
10	54	0.17505
10	55	0.079004
10	56	0
10	57	0.02868
10	58	0.06403
10	59	0.037511
10	60	0.04805
10	61	0.049012
10	62	0.28899
10	63	0.21594
10	64	0.081418
10	65	0.29251
10	66	0.1728
10	67	0.3082
10	68	0.24078
10	69	0.15526
10	70	0.20213
10	71	0
10	72	0.096058
10	73	0.0949
10	74	0.22065
10	75	0.13951
10	76	0.19659
10	77	0.10701
10	78	0.22079
10	79	0.27115
10	80	0.1081
10	81	0.025913
10	82	0.27314
10	83	0.30763
11	12	5.4416
11	13	2.198
11	14	0.96775
11	15	0.66947
11	16	0.90578
11	17	0.73289
11	18	0.23532
11	19	0.38931
11	20	0.23592
11	21	0.088374
11	22	0
11	23	0.2409
11	24	0.28911
11	25	0.44554
11	26	0.55177
11	27	0.67246
11	28	0.54297
11	29	0.47586
11	30	0.36975
11	31	0.34076
11	32	0.057753
11	33	0.058701
11	34	0.28701
11	35	0.31256
11	36	0.52611
11	37	0.37771
11	38	0.12017
11	39	0.12415
11	40	0.19034
11	41	0.22646
11	42	0.18086
11	43	0.065972
11	44	0.1191
11	45	0.098134
11	46	0.1431
11	47	0.084475
11	48	0.20754
11	49	0.21943
11	50	0.12791
11	51	0.070298
11	52	0.42891
11	53	0
11	54	0.21913
11	55	0.11538
11	56	0.11967
11	57	0.083771
11	58	0.28054
11	59	0.21913
11	60	0.14035
11	61	0
11	62	0.38369
11	63	0
11	64	0.15854
11	65	0
11	66	0.25237
11	67	0.12003
11	68	0.070328
11	69	0.075583
11	70	0
11	71	0.17636
11	72	0.21043
11	73	0.27719
11	74	0.14322
11	75	0.058212
11	76	0.22969
11	77	0
11	78	0
11	79	0.132
11	80	0.18945
11	81	0.15138
11	82	0.31913
11	83	0
12	13	4.1988
12	14	1.2259
12	15	1.1854
12	16	0.5588
12	17	0.56482
12	18	0.40649
12	19	0.42271
12	20	0.38716
12	21	0.51903
12	22	0.26407
12	23	0.30516
12	24	0.43282
12	25	0.36942
12	26	0.28594
12	27	0.27456
12	28	0.33349
12	29	0.274
12	30	0.29806
12	31	0.47091
12	32	0.39904
12	33	0.3042
12	34	0.33713
12	35	0.21596
12	36	0.41545
12	37	0.21748
12	38	0.10379
12	39	0.2788
12	40	0.15344
12	41	0.27383
12	42	0.18744
12	43	0.20513
12	44	0.14401
12	45	0.27122
12	46	0.19775
12	47	0.14592
12	48	0.1912
12	49	0.12635
12	50	0.22094
12	51	0.12143
12	52	0.27166
12	53	0.10655
12	54	0.075704
12	55	0.039862
12	56	0.041345
12	57	0.26047
12	58	0.12923
12	59	0.26497
12	60	0.16971
12	61	0.098918
12	62	0.18558
12	63	0.14527
12	64	0.13693
12	65	0.25828
12	66	0.26156
12	67	0.18661
12	68	0.097188
12	69	0.078337
12	70	0.11655
12	71	0.30464
12	72	0.19387
12	73	0.21547
12	74	0.074221
12	75	0.080444
12	76	0.039677
12	77	0.064789
12	78	0.089121
12	79	0.068404
12	80	0.23998
12	81	0.1046
12	82	0.27563
12	83	0
13	14	4.599
13	15	1.6431
13	16	0.8285
13	17	0.69786
13	18	0.60268
13	19	0.68845
13	20	0.42799
13	21	0.49039
13	22	0.13983
13	23	0.17138
13	24	0.24681
13	25	0.22822
13	26	0.26496
13	27	0.23485
13	28	0.20602
13	29	0.22569
13	30	0.44718
13	31	0.14545
13	32	0.29582
13	33	0.25056
13	34	0.41653
13	35	0.13341
13	36	0.22457
13	37	0.24184
13	38	0.12823
13	39	0.079492
13	40	0.13541
13	41	0.19333
13	42	0.23159
13	43	0.39424
13	44	0.12709
13	45	0
13	46	0.12216
13	47	0.18029
13	48	0.14764
13	49	0.093663
13	50	0.10919
13	51	0.15003
13	52	0.061026
13	53	0.13165
13	54	0.15589
13	55	0.04925
13	56	0.051082
13	57	0.14303
13	58	0.079831
13	59	0.046768
13	60	0.089862
13	61	0.12222
13	62	0.13102
13	63	0.26923
13	64	0.40604
13	65	0.22794
13	66	0.28726
13	67	0.20494
13	68	0.21014
13	69	0.16131
13	70	0.14401
13	71	0.15056
13	72	0.029941
13	73	0.1479
13	74	0.24454
13	75	0.099392
13	76	0.17158
13	77	0.080048
13	78	0.082584
13	79	0.11269
13	80	0.16173
13	81	0.096924
13	82	0.20433
13	83	0.38355
14	15	3.3153
14	16	0.9922
14	17	0.87658
14	18	0.78942
14	19	0.69891
14	20	0.5402
14	21	0.37647
14	22	0.32561
14	23	0.22235
14	24	0.24632
14	25	0.30368
14	26	0.51417
14	27	0.2474
14	28	0.47546
14	29	0.34912
14	30	0.34127
14	31	0.26129
14	32	0.28292
14	33	0.12503
14	34	0.25676
14	35	0.14646
14	36	0.11206
14	37	0.21453
14	38	0.23035
14	39	0.22478
14	40	0.1892
14	41	0.15676
14	42	0.24397
14	43	0.15457
14	44	0.12684
14	45	0.10451
14	46	0.060958
14	47	0.053979
14	48	0.073674
14	49	0.18695
14	50	0.1226
14	51	0.10481
14	52	0.18271
14	53	0.11496
14	54	0.10891
14	55	0.12288
14	56	0.10196
14	57	0.19627
14	58	0.2191
14	59	0.070011
14	60	0.13452
14	61	0.1982
14	62	0.11441
14	63	0.17913
14	64	0.18573
14	65	0.15924
14	66	0.23293
14	67	0.17896
14	68	0.2247
14	69	0.080495
14	70	0.2515
14	71	0.09391
14	72	0.13446
14	73	0.16236
14	74	0.045759
14	75	0.23558
14	76	0.097847
14	77	0.066573
14	78	0.068682
14	79	0.16869
14	80	0.16141
14	81	0.09673
14	82	0.20392
14	83	0.095694
15	16	2.4131
15	17	1.4485
15	18	0.79641
15	19	1.0141
15	20	0.71698
15	21	0.56156
15	22	0.33184
15	23	0.39933
15	24	0.23962
15	25	0.36928
15	26	0.45732
15	27	0.18578
15	28	0.31669
15	29	0.32137
15	30	0.27241
15	31	0.39541
15	32	0.30316
15	33	0.17839
15	34	0.22202
15	35	0.3454
15	36	0.24918
15	37	0.12174
15	38	0.24899
15	39	0.1715
15	40	0.1227
15	41	0.23462
15	42	0.1499
15	43	0.16404
15	44	0.11516
15	45	0.10845
15	46	0.15814
15	47	0.21005
15	48	0.13379
15	49	0.14145
15	50	0.17668
15	51	0.19421
15	52	0.17775
15	53	0.17042
15	54	0.2018
15	55	0.15938
15	56	0.033063
15	57	0.11572
15	58	0.077505
15	59	0.09081
15	60	0.13571
15	61	0.098879
15	62	0.1696
15	63	0.17426
15	64	0.28471
15	65	0.11802
15	66	0.20917
15	67	0.13265
15	68	0.15544
15	69	0.020882
15	70	0.27962
15	71	0.097448
15	72	0.23255
15	73	0.22974
15	74	0.15828
15	75	0.17691
15	76	0.14278
15	77	0.15543
15	78	0.071269
15	79	0.054702
15	80	0.17447
15	81	0.083645
15	82	0.24246
15	83	0.24825
16	17	3.6727
16	18	2.4503
16	19	1.3424
16	20	0.71809
16	21	0.35865
16	22	0.23323
16	23	0.18867
16	24	0.16467
16	25	0.1713
16	26	0.48616
16	27	0.43091
16	28	0.34793
16	29	0.30493
16	30	0.30275
16	31	0.27659
16	32	0.27139
16	33	0.21315
16	34	0.26974
16	35	0.21363
16	36	0.17659
16	37	0.14791
16	38	0.1925
16	39	0.18563
16	40	0.14907
16	41	0.13302
16	42	0.20603
16	43	0.11273
16	44	0.11447
16	45	0.1048
16	46	0.06113
16	47	0.036087
16	48	0.10343
16	49	0.078115
16	50	0.1366
16	51	0.12012
16	52	0.091613
16	53	0.049408
16	54	0.09361
16	55	0.073935
16	56	0.12781
16	57	0.089466
16	58	0.019974
16	59	0.070208
16	60	0.1349
16	61	0.12231
16	62	0.14752
16	63	0.17963
16	64	0.10159
16	65	0.1825
16	66	0.14374
16	67	0.12819
16	68	0.15022
16	69	0.080721
16	70	0.16214
16	71	0.094175
16	72	0.11986
16	73	0.17762
16	74	0.13766
16	75	0.23624
16	76	0.098122
16	77	0.093465
16	78	0.13775
16	79	0.14097
16	80	0.10791
16	81	0.17784
16	82	0.13633
16	83	0.095964
17	18	3.8323
17	19	1.563
17	20	0.7794
17	21	0.24672
17	22	0.060969
17	23	0.1644
17	24	0.17936
17	25	0.29853
17	26	0.46213
17	27	0.43237
17	28	0.51652
17	29	0.37395
17	30	0.25233
17	31	0.21564
17	32	0.13974
17	33	0.14203
17	34	0.32051
17	35	0.26759
17	36	0.23781
17	37	0.16403
17	38	0.13419
17	39	0.023107
17	40	0.094472
17	41	0.094833
17	42	0.1683
17	43	0.12279
17	44	0.099749
17	45	0
17	46	0.0799
17	47	0
17	48	0.077253
17	49	0.10891
17	50	0.059514
17	51	0.13084
17	52	0.13305
17	53	0.12916
17	54	0.040784
17	55	0.085899
17	56	0.022274
17	57	0.10914
17	58	0.069618
17	59	0.020392
17	60	0.091427
17	61	0.1199
17	62	0.15711
17	63	0.039132
17	64	0.088523
17	65	0.07951
17	66	0.15657
17	67	0.1117
17	68	0.11781
17	69	0.11254
17	70	0.20407
17	71	0.082061
17	72	0.091387
17	73	0.12898
17	74	0.13328
17	75	0.15168
17	76	0.13894
17	77	0.093076
17	78	0.19205
17	79	0.11055
17	80	0.14104
17	81	0.1127
17	82	0.13364
17	83	0.083619
18	19	2.0955
18	20	0.91643
18	21	0.39477
18	22	0.12725
18	23	0.07798
18	24	0.16845
18	25	0.17307
18	26	0.46885
18	27	0.74802
18	28	0.76163
18	29	0.25673
18	30	0.29922
18	31	0.19855
18	32	0.22434
18	33	0.21662
18	34	0.28987
18	35	0.33995
18	36	0.26276
18	37	0.19562
18	38	0.081685
18	39	0.07234
18	40	0.086261
18	41	0.07697
18	42	0.1288
18	43	0.10251
18	44	0.11566
18	45	0.095298
18	46	0.069481
18	47	0.16407
18	48	0.13436
18	49	0.085235
18	50	0.012421
18	51	0.04096
18	52	0.083303
18	53	0.044926
18	54	0.099305
18	55	0.044819
18	56	0.046486
18	57	0.081351
18	58	0.054486
18	59	0.042559
18	60	0.14992
18	61	0.083414
18	62	0.10433
18	63	0
18	64	0.13856
18	65	0.22817
18	66	0.065353
18	67	0.1865
18	68	0.24587
18	69	0.16148
18	70	0.098286
18	71	0.017126
18	72	0.10899
18	73	0.14805
18	74	0.26426
18	75	0.12437
18	76	0.2119
18	77	0.097128
18	78	0.25051
18	79	0.141
18	80	0.26983
18	81	0.1176
18	82	0.046486
18	83	0.17452
19	20	3.4979
19	21	1.0547
19	22	0.28068
19	23	0.28013
19	24	0.14156
19	25	0.5072
19	26	0.7345
19	27	0.30306
19	28	0.39878
19	29	0.40774
19	30	0.37339
19	31	0.22524
19	32	0.23329
19	33	0.2479
19	34	0.28457
19	35	0.22955
19	36	0.276
19	37	0.16182
19	38	0.17651
19	39	0.14817
19	40	0.12815
19	41	0.15592
19	42	0.11069
19	43	0.13325
19	44	0.1312
19	45	0.036037
19	46	0.065685
19	47	0.10857
19	48	0.13972
19	49	0.14773
19	50	0.093939
19	51	0.12907
19	52	0.17063
19	53	0.099101
19	54	0.080469
19	55	0.08474
19	56	0.10987
19	57	0.10767
19	58	0.085849
19	59	0.14082
19	60	0.10308
19	61	0.13143
19	62	0.12681
19	63	0.077208
19	64	0.1601
19	65	0.11766
19	66	0.15446
19	67	0.18733
19	68	0.090391
19	69	0.13878
19	70	0.061944
19	71	0.064763
19	72	0.14167
19	73	0.12724
19	74	0.14464
19	75	0.096195
19	76	0.10543
19	77	0.12625
19	78	0.11841
19	79	0.072709
19	80	0.15073
19	81	0.097282
19	82	0.20508
19	83	0.32997
20	21	3.0286
20	22	0.76543
20	23	0.32836
20	24	0.41283
20	25	0.48583
20	26	0.41633
20	27	0.36902
20	28	0.30544
20	29	0.30886
20	30	0.38399
20	31	0.38485
20	32	0.35986
20	33	0.41149
20	34	0.26826
20	35	0.29213
20	36	0.3366
20	37	0.15935
20	38	0.15209
20	39	0.20549
20	40	0.16061
20	41	0.17638
20	42	0.18782
20	43	0.20554
20	44	0.19712
20	45	0.13376
20	46	0.11145
20	47	0.098694
20	48	0.094293
20	49	0.042727
20	50	0.14943
20	51	0.15057
20	52	0.11136
20	53	0.15014
20	54	0.1849
20	55	0.067401
20	56	0.046605
20	57	0.1305
20	58	0.054626
20	59	0.064003
20	60	0.081987
20	61	0.13938
20	62	0.11954
20	63	0.081879
20	64	0.16979
20	65	0.14557
20	66	0.1638
20	67	0.070117
20	68	0.15064
20	69	0.14718
20	70	0.14781
20	71	0.085852
20	72	0.10927
20	73	0.17542
20	74	0.22311
20	75	0.12469
20	76	0.10063
20	77	0.12172
20	78	0.10046
20	79	0.10281
20	80	0.086075
20	81	0.16212
20	82	0.10875
20	83	0.34993
21	22	4.3645
21	23	1.4525
21	24	1.0122
21	25	1.1959
21	26	0.62381
21	27	0.10702
21	28	0.070408
21	29	0.30852
21	30	0.32363
21	31	0.21873
21	32	0.21905
21	33	0.23977
21	34	0.11723
21	35	0.12767
21	36	0.13157
21	37	0.20203
21	38	0.1753
21	39	0.19923
21	40	0.37023
21	41	0.18169
21	42	0.1583
21	43	0.11549
21	44	0.24323
21	45	0.28631
21	46	0.22962
21	47	0.17252
21	48	0.14128
21	49	0.19206
21	50	0.11195
21	51	0.2051
21	52	0.12514
21	53	0.20246
21	54	0.17049
21	55	0.43762
21	56	0.24441
21	57	0.1222
21	58	0.27283
21	59	0.25573
21	60	0.14332
21	61	0.10442
21	62	0.17911
21	63	0.061342
21	64	0.18502
21	65	0.1558
21	66	0.26998
21	67	0.05253
21	68	0.041038
21	69	0.066156
21	70	0.17225
21	71	0.43736
21	72	0.18419
21	73	0.060655
21	74	0.14625
21	75	0.067936
21	76	0.067014
21	77	0.091191
21	78	0.11289
21	79	0.057768
21	80	0.092121
21	81	0.088333
21	82	0.093108
21	83	0.26216
22	23	5.7026
22	24	2.6403
22	25	1.3492
22	26	0.42268
22	27	0.066113
22	28	0.10874
22	29	0.22872
22	30	0.24437
22	31	0.17198
22	32	0.20819
22	33	0.16929
22	34	0.20693
22	35	0.13521
22	36	0.081282
22	37	0.20424
22	38	0.23825
22	39	0.11189
22	40	0.36596
22	41	0.14286
22	42	0.043464
22	43	0.16648
22	44	0.34347
22	45	0.42451
22	46	0.51585
22	47	0.27407
22	48	0.12469
22	49	0.18457
22	50	0.13833
22	51	0.20273
22	52	0.051539
22	53	0.13898
22	54	0.10532
22	55	0.29115
22	56	0.2157
22	57	0.27179
22	58	0.20226
22	59	0.15799
22	60	0.10119
22	61	0.20643
22	62	0.055326
22	63	0.075793
22	64	0.17146
22	65	0.077
22	66	0.18195
22	67	0.021635
22	68	0.076058
22	69	0.081741
22	70	0.18243
22	71	0.15894
22	72	0.075859
22	73	0.074944
22	74	0.12908
22	75	0.020985
22	76	0.062101
22	77	0.045069
22	78	0.069745
22	79	0.047584
22	80	0.13659
22	81	0.054571
22	82	0.086282
22	83	0.16196
23	24	6.949
23	25	1.5119
23	26	0.5851
23	27	0.14586
23	28	0.12795
23	29	0.30837
23	30	0.22872
23	31	0.28908
23	32	0.21434
23	33	0.18674
23	34	0.076087
23	35	0.116
23	36	0.059775
23	37	0.23364
23	38	0.15928
23	39	0.23039
23	40	0.30276
23	41	0.16509
23	42	0.15982
23	43	0.17489
23	44	0.2368
23	45	0.39023
23	46	0.51213
23	47	0.26874
23	48	0.091697
23	49	0.1939
23	50	0.30517
23	51	0.24227
23	52	0.13266
23	53	0.16353
23	54	0.13555
23	55	0.30588
23	56	0.19035
23	57	0.15546
23	58	0.22311
23	59	0.26141
23	60	0.13022
23	61	0.22771
23	62	0.16275
23	63	0.055738
23	64	0.08406
23	65	0.14156
23	66	0.24531
23	67	0.063641
23	68	0.11187
23	69	0.020037
23	70	0.089437
23	71	0.23377
23	72	0.11157
23	73	0.1286
23	74	0.094923
23	75	0.10803
23	76	0.015223
23	77	0.066287
23	78	0.017097
23	79	0
23	80	0.050223
23	81	0.10033
23	82	0.14805
23	83	0
24	25	4.3092
24	26	0.68025
24	27	0.01945
24	28	0.17275
24	29	0.18504
24	30	0.11764
24	31	0.45535
24	32	0.36748
24	33	0.24279
24	34	0.16436
24	35	0.13922
24	36	0.1913
24	37	0.20028
24	38	0.17204
24	39	0.1975
24	40	0.22205
24	41	0.19813
24	42	0.11508
24	43	0.10495
24	44	0.30313
24	45	0.31222
24	46	0.20487
24	47	0.16126
24	48	0.2201
24	49	0.30252
24	50	0.18312
24	51	0.11183
24	52	0.11372
24	53	0.12266
24	54	0.13943
24	55	0.14684
24	56	0.68534
24	57	0.29317
24	58	0.35702
24	59	0.34858
24	60	0.15629
24	61	0.25051
24	62	0.073243
24	63	0.20068
24	64	0.15132
24	65	0.067958
24	66	0.21411
24	67	0.038188
24	68	0.044751
24	69	0.048094
24	70	0.26834
24	71	0.19638
24	72	0.06695
24	73	0.08819
24	74	0.045567
24	75	0.037041
24	76	0.073077
24	77	0.059665
24	78	0
24	79	0.041996
24	80	0.080365
24	81	0.12041
24	82	0.076149
24	83	0
25	26	1.9479
25	27	0.17984
25	28	0.24847
25	29	0.52885
25	30	0.36258
25	31	0.34084
25	32	0.50969
25	33	0.32811
25	34	0.13509
25	35	0.14712
25	36	0.28744
25	37	0.37038
25	38	0.2828
25	39	0.3835
25	40	0.24265
25	41	0.31644
25	42	0.12414
25	43	0.31053
25	44	0.29781
25	45	0.31756
25	46	0.14734
25	47	0.39762
25	48	0.18316
25	49	0.27973
25	50	0.15051
25	51	0.16544
25	52	0.042059
25	53	0.20415
25	54	0.27934
25	55	0.27154
25	56	0.17603
25	57	0.29573
25	58	0.19257
25	59	0.22562
25	60	0.12387
25	61	0.25269
25	62	0.090299
25	63	0.1237
25	64	0.18656
25	65	0.12567
25	66	0.19798
25	67	0.052966
25	68	0
25	69	0.13341
25	70	0.14887
25	71	0.15565
25	72	0.18572
25	73	0.10193
25	74	0.042134
25	75	0.11988
25	76	0.10136
25	77	0.036779
25	78	0.056917
25	79	0.038832
25	80	0.18577
25	81	0.044533
25	82	0.16429
25	83	0
26	27	2.3803
26	28	1.4836
26	29	1.2641
26	30	0.84192
26	31	1.0087
26	32	0.65752
26	33	0.38762
26	34	0.33983
26	35	0.28468
26	36	0.37651
26	37	0.34402
26	38	0.27362
26	39	0.15548
26	40	0.15892
26	41	0.15469
26	42	0.10982
26	43	0.25537
26	44	0.10847
26	45	0.13407
26	46	0.13033
26	47	0.17312
26	48	0.12602
26	49	0.14989
26	50	0.14562
26	51	0.12805
26	52	0.13022
26	53	0.1229
26	54	0.14969
26	55	0.078817
26	56	0.081749
26	57	0.11445
26	58	0.085171
26	59	0.17464
26	60	0.031958
26	61	0.14669
26	62	0.12231
26	63	0
26	64	0.1444
26	65	0.24319
26	66	0.2107
26	67	0.17765
26	68	0.17615
26	69	0.15489
26	70	0.13443
26	71	0.30118
26	72	0.17569
26	73	0.17357
26	74	0.11414
26	75	0.10604
26	76	0.091527
26	77	0.11387
26	78	0.17622
26	79	0.13525
26	80	0.20131
26	81	0.25852
26	82	0.18167
26	83	0.3069
27	28	4.2373
27	29	1.2592
27	30	0.88306
27	31	0.38514
27	32	0.16318
27	33	0.18956
27	34	0.53292
27	35	0.41634
27	36	0.33372
27	37	0.2414
27	38	0.16977
27	39	0.13781
27	40	0.076832
27	41	0.17139
27	42	0.146
27	43	0.10652
27	44	0.048073
27	45	0
27	46	0.043321
27	47	0.051147
27	48	0.041886
27	49	0.07381
27	50	0.064536
27	51	0.056751
27	52	0.10099
27	53	0.046685
27	54	0.073709
27	55	0
27	56	0.024153
27	57	0.11835
27	58	0.075492
27	59	0.066338
27	60	0.028326
27	61	0.057787
27	62	0.18585
27	63	0.084867
27	64	0.12799
27	65	0.2371
27	66	0.18676
27	67	0.20591
27	68	0.39743
27	69	0.22882
27	70	0.068089
27	71	0.053391
27	72	0.084941
27	73	0.11189
27	74	0.15898
27	75	0.17623
27	76	0.16225
27	77	0.21448
27	78	0.35143
27	79	0.27973
27	80	0.063725
27	81	0.12221
27	82	0.16102
27	83	0.18135
28	29	2.5169
28	30	1.0556
28	31	0.55655
28	32	0.32208
28	33	0.23384
28	34	0.42302
28	35	0.46067
28	36	0.17964
28	37	0.25077
28	38	0.13164
28	39	0.098913
28	40	0.11374
28	41	0.11276
28	42	0.15609
28	43	0.0657
28	44	0.035582
28	45	0.039091
28	46	0.014251
28	47	0.10095
28	48	0.068893
28	49	0.043705
28	50	0.12738
28	51	0.11201
28	52	0.099666
28	53	0.092144
28	54	0.13094
28	55	0.068943
28	56	0.047672
28	57	0.050055
28	58	0.055876
28	59	0.043645
28	60	0.11182
28	61	0.099799
28	62	0.12227
28	63	0.12563
28	64	0.094733
28	65	0.12763
28	66	0.13404
28	67	0.22712
28	68	0.37821
28	69	0.18065
28	70	0.13439
28	71	0.05269
28	72	0.11177
28	73	0.041407
28	74	0.11411
28	75	0.16232
28	76	0.14868
28	77	0.17431
28	78	0.21837
28	79	0.2892
28	80	0.15093
28	81	0.19598
28	82	0.11123
28	83	0.17897
29	30	3.3024
29	31	1.6298
29	32	0.94762
29	33	0.60455
29	34	0.44088
29	35	0.371
29	36	0.36735
29	37	0.29669
29	38	0.24122
29	39	0.22755
29	40	0.16613
29	41	0.15812
29	42	0.25256
29	43	0.16122
29	44	0.11434
29	45	0.11991
29	46	0.062446
29	47	0.044237
29	48	0.20529
29	49	0.12768
29	50	0.1228
29	51	0.17179
29	52	0.099825
29	53	0.16151
29	54	0.14025
29	55	0.080562
29	56	0.041779
29	57	0.10236
29	58	0.11426
29	59	0.13388
29	60	0.12249
29	61	0.087463
29	62	0.17413
29	63	0.1101
29	64	0.069186
29	65	0.11186
29	66	0.23494
29	67	0.20952
29	68	0.073657
29	69	0.13194
29	70	0.23556
29	71	0.18471
29	72	0.18366
29	73	0.19354
29	74	0.125
29	75	0.091452
29	76	0.070164
29	77	0.10912
29	78	0.12383
29	79	0.14977
29	80	0.088185
29	81	0.18497
29	82	0.23675
29	83	0.47054
30	31	3.7714
30	32	0.98697
30	33	0.54936
30	34	0.64231
30	35	0.30523
30	36	0.41286
30	37	0.32018
30	38	0.22003
30	39	0.23996
30	40	0.14199
30	41	0.13822
30	42	0.2085
30	43	0.16106
30	44	0.20596
30	45	0.099825
30	46	0.072782
30	47	0.18905
30	48	0.14074
30	49	0.11905
30	50	0.091077
30	51	0.14302
30	52	0.20361
30	53	0.17256
30	54	0.20805
30	55	0.093896
30	56	0.097389
30	57	0.051129
30	58	0.11415
30	59	0.044581
30	60	0.17132
30	61	0.10194
30	62	0.062448
30	63	0.042775
30	64	0.096765
30	65	0.23901
30	66	0.10269
30	67	0.21978
30	68	0.1717
30	69	0.1384
30	70	0.12012
30	71	0.12558
30	72	0.085624
30	73	0.16918
30	74	0.20397
30	75	0.14212
30	76	0.081778
30	77	0.15261
30	78	0.14433
30	79	0.080565
30	80	0.20556
30	81	0.16939
30	82	0.12985
30	83	0
31	32	2.7288
31	33	1.1359
31	34	0.46496
31	35	0.30943
31	36	0.32131
31	37	0.32577
31	38	0.37852
31	39	0.26538
31	40	0.31407
31	41	0.2675
31	42	0.16277
31	43	0.2375
31	44	0.10719
31	45	0.15456
31	46	0.22538
31	47	0.11404
31	48	0.17122
31	49	0.14811
31	50	0.10073
31	51	0.079085
31	52	0.08042
31	53	0.15614
31	54	0.11504
31	55	0.15576
31	56	0.26926
31	57	0.15079
31	58	0.1052
31	59	0.22187
31	60	0.22105
31	61	0.080528
31	62	0.20719
31	63	0.094612
31	64	0.071344
31	65	0.12015
31	66	0.15142
31	67	0.12153
31	68	0.063295
31	69	0.085031
31	70	0.20875
31	71	0.15872
31	72	0.094695
31	73	0.07796
31	74	0.17724
31	75	0.15717
31	76	0.090441
31	77	0.08439
31	78	0.058042
31	79	0.0297
31	80	0.22734
31	81	0.13624
31	82	0.23336
31	83	0
32	33	2.6302
32	34	0.87556
32	35	0.59593
32	36	0.64486
32	37	0.50411
32	38	0.48113
32	39	0.42609
32	40	0.4476
32	41	0.29145
32	42	0.29885
32	43	0.23899
32	44	0.18166
32	45	0.11226
32	46	0.25919
32	47	0.22549
32	48	0.18466
32	49	0.12551
32	50	0.12193
32	51	0.21445
32	52	0.17718
32	53	0.23522
32	54	0.18105
32	55	0.19799
32	56	0.045635
32	57	0.14375
32	58	0.10698
32	59	0.2089
32	60	0.2676
32	61	0.10918
32	62	0.2341
32	63	0.040087
32	64	0.15114
32	65	0.1629
32	66	0.30474
32	67	0.13731
32	68	0.093864
32	69	0.10088
32	70	0.22514
32	71	0.18494
32	72	0.093618
32	73	0.14534
32	74	0.068269
32	75	0.088792
32	76	0.054742
32	77	0.095349
32	78	0.11067
32	79	0.075503
32	80	0.13244
32	81	0.18761
32	82	0.19775
32	83	0
33	34	2.5141
33	35	0.83589
33	36	1.1944
33	37	0.74418
33	38	0.54726
33	39	0.397
33	40	0.43036
33	41	0.20846
33	42	0.19861
33	43	0.26849
33	44	0.27697
33	45	0.15214
33	46	0.26345
33	47	0.16371
33	48	0.10725
33	49	0.28349
33	50	0.1983
33	51	0.21797
33	52	0.18009
33	53	0.14943
33	54	0.15571
33	55	0.15652
33	56	0.23192
33	57	0.19481
33	58	0.12686
33	59	0.16987
33	60	0.1088
33	61	0.15259
33	62	0.2082
33	63	0.16298
33	64	0.19971
33	65	0.14488
33	66	0.24454
33	67	0.16283
33	68	0.068147
33	69	0.073238
33	70	0.14711
33	71	0.13671
33	72	0.10875
33	73	0.1343
33	74	0.1249
33	75	0.13538
33	76	0.055641
33	77	0.096915
33	78	0.099985
33	79	0.076743
33	80	0.15909
33	81	0.11735
33	82	0.201
33	83	0.2612
34	35	2.2034
34	36	1.9941
34	37	0.78736
34	38	0.37574
34	39	0.31763
34	40	0.24048
34	41	0.25749
34	42	0.4684
34	43	0.32506
34	44	0.090279
34	45	0.074388
34	46	0.094913
34	47	0.096052
34	48	0.11799
34	49	0.18019
34	50	0.23027
34	51	0.026644
34	52	0.27094
34	53	0.17534
34	54	0.23532
34	55	0.10933
34	56	0.022679
34	57	0.127
34	58	0.19493
34	59	0.083053
34	60	0.14629
34	61	0.13565
34	62	0.18905
34	63	0.15938
34	64	0.1352
34	65	0.12144
34	66	0.15942
34	67	0.14785
34	68	0.21324
34	69	0.2435
34	70	0.11188
34	71	0.11698
34	72	0.14622
34	73	0.13133
34	74	0.17642
34	75	0.17651
34	76	0.13058
34	77	0.10662
34	78	0.21999
34	79	0.18761
34	80	0.20344
34	81	0.21516
34	82	0.13607
34	83	0.17028
35	36	3.8467
35	37	0.77949
35	38	0.58277
35	39	0.30746
35	40	0.27497
35	41	0.18694
35	42	0.17418
35	43	0.34037
35	44	0.20892
35	45	0.26328
35	46	0.16242
35	47	0.069734
35	48	0.17132
35	49	0.045284
35	50	0.10559
35	51	0.11606
35	52	0.11802
35	53	0.15912
35	54	0.12059
35	55	0.2143
35	56	0.09879
35	57	0.10373
35	58	0.077194
35	59	0.15828
35	60	0.14482
35	61	0.13295
35	62	0.19004
35	63	0.30373
35	64	0.22903
35	65	0.15429
35	66	0.17361
35	67	0.1734
35	68	0.29028
35	69	0.10919
35	70	0.22628
35	71	0.14558
35	72	0.057904
35	73	0.071507
35	74	0.10345
35	75	0.12014
35	76	0.14221
35	77	0.21931
35	78	0.093165
35	79	0.13621
35	80	0.19549
35	81	0.17182
35	82	0.26344
35	83	0.18544
36	37	2.4836
36	38	1.0585
36	39	0.55451
36	40	0.44082
36	41	0.53381
36	42	0.40388
36	43	0.36014
36	44	0.17731
36	45	0.0487
36	46	0.14203
36	47	0.062883
36	48	0.24032
36	49	0.14519
36	50	0.14282
36	51	0.13954
36	52	0.17738
36	53	0.13392
36	54	0.21749
36	55	0.20041
36	56	0.11878
36	57	0.1455
36	58	0.23203
36	59	0.16312
36	60	0.20895
36	61	0.17761
36	62	0.20945
36	63	0.20868
36	64	0.1967
36	65	0.106
36	66	0.20873
36	67	0.19359
36	68	0.15706
36	69	0.18755
36	70	0.18835
36	71	0.15316
36	72	0.17405
36	73	0.12036
36	74	0.17769
36	75	0.20222
36	76	0.14248
36	77	0.17062
36	78	0.14402
36	79	0.13101
36	80	0.2037
36	81	0.13147
36	82	0.21776
36	83	0.11148
37	38	4.1456
37	39	0.94179
37	40	0.72525
37	41	0.50594
37	42	0.55127
37	43	0.31535
37	44	0.29702
37	45	0.24474
37	46	0.22305
37	47	0.12289
37	48	0.24441
37	49	0.18241
37	50	0.18608
37	51	0.23376
37	52	0.26742
37	53	0.27242
37	54	0.22771
37	55	0.23979
37	56	0.14923
37	57	0.19151
37	58	0.31095
37	59	0.15939
37	60	0.1896
37	61	0.22315
37	62	0.22327
37	63	0.39326
37	64	0.23065
37	65	0.15537
37	66	0.22728
37	67	0.14967
37	68	0.087697
37	69	0.12567
37	70	0.19282
37	71	0.18326
37	72	0.17494
37	73	0.15842
37	74	0.044649
37	75	0.22986
37	76	0.083538
37	77	0.090941
37	78	0.026806
37	79	0.15088
37	80	0.11812
37	81	0.12584
37	82	0.16581
37	83	0
38	39	2.6351
38	40	1.1075
38	41	0.6401
38	42	0.66965
38	43	0.58887
38	44	0.38979
38	45	0.11679
38	46	0.15611
38	47	0.23459
38	48	0.21955
38	49	0.33369
38	50	0.22834
38	51	0.3486
38	52	0.25523
38	53	0.22941
38	54	0.24631
38	55	0.16021
38	56	0.11869
38	57	0.31571
38	58	0.24113
38	59	0.1956
38	60	0.15312
38	61	0.26977
38	62	0.16743
38	63	0.25023
38	64	0.15724
38	65	0.21184
38	66	0.16686
38	67	0.10714
38	68	0.1116
38	69	0.17991
38	70	0.15057
38	71	0.15742
38	72	0.18088
38	73	0.12371
38	74	0.071024
38	75	0.069281
38	76	0.1139
38	77	0.049598
38	78	0.076753
38	79	0.1571
38	80	0.075156
38	81	0.075068
38	82	0.094952
38	83	0.17823
39	40	3.6539
39	41	1.3807
39	42	0.81542
39	43	0.54082
39	44	0.45154
39	45	0.26145
39	46	0.3959
39	47	0.32894
39	48	0.17013
39	49	0.32978
39	50	0.30145
39	51	0.23051
39	52	0.16115
39	53	0.28443
39	54	0.28442
39	55	0.28375
39	56	0.19621
39	57	0.18885
39	58	0.13415
39	59	0.22454
39	60	0.33078
39	61	0.30806
39	62	0.11009
39	63	0.17235
39	64	0.14621
39	65	0.30643
39	66	0.22412
39	67	0.20909
39	68	0.12972
39	69	0.10843
39	70	0.17285
39	71	0.1265
39	72	0.14375
39	73	0.085212
39	74	0.058705
39	75	0.17895
39	76	0.035305
39	77	0.10249
39	78	0.092518
39	79	0.094682
39	80	0.10353
39	81	0.13961
39	82	0.081753
39	83	0.18415
40	41	2.858
40	42	0.87132
40	43	0.80151
40	44	0.68604
40	45	0.51389
40	46	0.38966
40	47	0.30081
40	48	0.40574
40	49	0.3677
40	50	0.26792
40	51	0.22088
40	52	0.3444
40	53	0.20996
40	54	0.3519
40	55	0.31419
40	56	0.12534
40	57	0.26321
40	58	0.17629
40	59	0.25245
40	60	0.26459
40	61	0.19492
40	62	0.17681
40	63	0.26424
40	64	0.14944
40	65	0.20134
40	66	0.15859
40	67	0.075427
40	68	0.014731
40	69	0.047497
40	70	0.14134
40	71	0.24012
40	72	0.32324
40	73	0.10161
40	74	0.090002
40	75	0.097549
40	76	0.036085
40	77	0.039282
40	78	0.081053
40	79	0.1106
40	80	0.19842
40	81	0.11098
40	82	0.10027
40	83	0
41	42	3.6282
41	43	1.492
41	44	0.72345
41	45	0.31181
41	46	0.32095
41	47	0.39472
41	48	0.32325
41	49	0.35544
41	50	0.29883
41	51	0.22336
41	52	0.29394
41	53	0.20176
41	54	0.3413
41	55	0.32348
41	56	0.11184
41	57	0.20355
41	58	0.26217
41	59	0.22526
41	60	0.24921
41	61	0.20068
41	62	0.12908
41	63	0.19648
41	64	0.20743
41	65	0.23954
41	66	0.22012
41	67	0.12339
41	68	0.1183
41	69	0.24016
41	70	0.18917
41	71	0.23074
41	72	0.1311
41	73	0.16838
41	74	0.174
41	75	0.15232
41	76	0.096594
41	77	0.093469
41	78	0.060269
41	79	0.18504
41	80	0.11803
41	81	0.11318
41	82	0.089471
41	83	0.16794
42	43	3.4532
42	44	0.6874
42	45	0.33203
42	46	0.22784
42	47	0.36988
42	48	0.35798
42	49	0.29115
42	50	0.29275
42	51	0.33578
42	52	0.55486
42	53	0.23019
42	54	0.26167
42	55	0.32149
42	56	0.023818
42	57	0.30011
42	58	0.22334
42	59	0.19626
42	60	0.3352
42	61	0.1852
42	62	0.29018
42	63	0.25107
42	64	0.22088
42	65	0.27633
42	66	0.13394
42	67	0.16722
42	68	0.15397
42	69	0.12034
42	70	0.13429
42	71	0.1755
42	72	0.11168
42	73	0.22067
42	74	0.21379
42	75	0.0811
42	76	0.08
42	77	0.12441
42	78	0.064177
42	79	0.10508
42	80	0.11311
42	81	0.16571
42	82	0.11115
42	83	0.089417
43	44	2.2957
43	45	0.59846
43	46	0.374
43	47	0.45997
43	48	0.39175
43	49	0.54164
43	50	0.58502
43	51	0.45933
43	52	0.57607
43	53	0.41984
43	54	0.39772
43	55	0.47747
43	56	0.28672
43	57	0.31017
43	58	0.38697
43	59	0.28636
43	60	0.15284
43	61	0.29622
43	62	0.13371
43	63	0.6411
43	64	0.24171
43	65	0.23261
43	66	0.14657
43	67	0.14379
43	68	0.091906
43	69	0.21401
43	70	0.14696
43	71	0.21126
43	72	0.24444
43	73	0.15093
43	74	0.17157
43	75	0.16482
43	76	0.050027
43	77	0.10892
43	78	0.084278
43	79	0.115
43	80	0.12379
43	81	0.098912
43	82	0.086883
43	83	0.097853
44	45	5.2475
44	46	1.3785
44	47	0.94662
44	48	0.50321
44	49	0.53204
44	50	0.40233
44	51	0.46988
44	52	0.19675
44	53	0.31833
44	54	0.25848
44	55	0.31756
44	56	0.18822
44	57	0.23056
44	58	0.33091
44	59	0.38772
44	60	0.22074
44	61	0.098506
44	62	0.33189
44	63	0.082668
44	64	0.15584
44	65	0.14697
44	66	0.1323
44	67	0.094389
44	68	0.082957
44	69	0.059437
44	70	0.099487
44	71	0.32938
44	72	0.16548
44	73	0.14986
44	74	0.084471
44	75	0.12589
44	76	0.067734
44	77	0.012289
44	78	0.038036
44	79	0.064876
44	80	0.062074
44	81	0.059521
44	82	0.15685
44	83	0
45	46	5.6096
45	47	1.3958
45	48	0.76202
45	49	0.61611
45	50	0.29007
45	51	0.38717
45	52	0.092638
45	53	0.49961
45	54	0.30764
45	55	0.41119
45	56	0.62034
45	57	0.29854
45	58	0.21207
45	59	0.42596
45	60	0.27282
45	61	0.092762
45	62	0.12431
45	63	0.20435
45	64	0.20546
45	65	0.1384
45	66	0.19078
45	67	0.097218
45	68	0.04557
45	69	0.048975
45	70	0.24593
45	71	0.28568
45	72	0.13635
45	73	0.044902
45	74	0.069602
45	75	0.037719
45	76	0.037207
45	77	0.020252
45	78	0.020894
45	79	0.021382
45	80	0.020459
45	81	0.024522
45	82	0.077543
45	83	0.14556
46	47	5.2678
46	48	1.0785
46	49	0.89841
46	50	0.37766
46	51	0.3487
46	52	0.10131
46	53	0.27319
46	54	0.34507
46	55	0.40881
46	56	0.36748
46	57	0.39575
46	58	0.44177
46	59	0.41408
46	60	0.24864
46	61	0.16908
46	62	0.21751
46	63	0.099326
46	64	0.2247
46	65	0.10091
46	66	0.21857
46	67	0.085057
46	68	0.033224
46	69	0.089267
46	70	0.23907
46	71	0.20829
46	72	0.049706
46	73	0.065476
46	74	0.11841
46	75	0.027501
46	76	0.027128
46	77	0.044297
46	78	0
46	79	0.046769
46	80	0.074582
46	81	0.053636
46	82	0.056536
46	83	0
47	48	3.7236
47	49	1.5299
47	50	0.76693
47	51	0.90183
47	52	0.29904
47	53	0.34406
47	54	0.44816
47	55	0.45049
47	56	0.46725
47	57	0.39717
47	58	0.46943
47	59	0.58057
47	60	0.31313
47	61	0.3194
47	62	0.12841
47	63	0.41045
47	64	0.26529
47	65	0.17871
47	66	0.1173
47	67	0.033475
47	68	0.078454
47	69	0.1054
47	70	0.28226
47	71	0.19674
47	72	0.23475
47	73	0.17394
47	74	0
47	75	0.016235
47	76	0.1121
47	77	0.087167
47	78	0.053957
47	79	0.036813
47	80	0.14089
47	81	0.084435
47	82	0.11125
47	83	0.25059
48	49	4.2764
48	50	1.3145
48	51	0.80275
48	52	0.66937
48	53	0.73961
48	54	0.48378
48	55	0.68514
48	56	0.16399
48	57	0.30612
48	58	0.23493
48	59	0.45042
48	60	0.30451
48	61	0.19618
48	62	0.21031
48	63	0.28811
48	64	0.23536
48	65	0.34148
48	66	0.076849
48	67	0.095947
48	68	0.048186
48	69	0.069049
48	70	0.19263
48	71	0.14097
48	72	0.22428
48	73	0.12661
48	74	0.081776
48	75	0.066475
48	76	0.026229
48	77	0.04283
48	78	0.058916
48	79	0.04522
48	80	0.086535
48	81	0.12101
48	82	0.18221
48	83	0.20522
49	50	2.7952
49	51	1.5108
49	52	0.8113
49	53	0.76337
49	54	0.63497
49	55	0.58509
49	56	0.20229
49	57	0.36411
49	58	0.29355
49	59	0.34394
49	60	0.40669
49	61	0.36298
49	62	0.22236
49	63	0.30462
49	64	0.2297
49	65	0.28368
49	66	0.26407
49	67	0.10144
49	68	0.084912
49	69	0.12776
49	70	0.22403
49	71	0.34069
49	72	0.16938
49	73	0.251
49	74	0.086462
49	75	0.028113
49	76	0.097062
49	77	0.030189
49	78	0.062292
49	79	0.079686
49	80	0.13724
49	81	0.18277
49	82	0.057796
49	83	0.10849
50	51	5.1205
50	52	1.4489
50	53	1.2861
50	54	0.83278
50	55	0.34105
50	56	0.58114
50	57	0.37142
50	58	0.39487
50	59	0.46265
50	60	0.25188
50	61	0.36271
50	62	0.40504
50	63	0.44391
50	64	0.318
50	65	0.24804
50	66	0.21313
50	67	0.13938
50	68	0.11879
50	69	0.095749
50	70	0.30273
50	71	0.13032
50	72	0.34063
50	73	0.14631
50	74	0.075599
50	75	0.086034
50	76	0.18186
50	77	0.013198
50	78	0.095314
50	79	0.083608
50	80	0.079997
50	81	0.11186
50	82	0.13476
50	83	0
51	52	3.1521
51	53	1.5926
51	54	0.98321
51	55	0.56233
51	56	0.47215
51	57	0.38883
51	58	0.34724
51	59	0.4577
51	60	0.53745
51	61	0.34886
51	62	0.24933
51	63	0.29277
51	64	0.27596
51	65	0.19829
51	66	0.2538
51	67	0.055713
51	68	0.1469
51	69	0.12279
51	70	0.25446
51	71	0.26604
51	72	0.17907
51	73	0.22516
51	74	0.083099
51	75	0.14861
51	76	0.10661
51	77	0.087046
51	78	0.029934
51	79	0.030634
51	80	0.087934
51	81	0.1054
51	82	0.16664
51	83	0.10427
52	53	3.8941
52	54	1.5859
52	55	0.89859
52	56	0.42364
52	57	0.47448
52	58	0.75034
52	59	0.43957
52	60	0.39747
52	61	0.38854
52	62	0.38031
52	63	0.44657
52	64	0.59865
52	65	0.25205
52	66	0.23823
52	67	0.1558
52	68	0.28216
52	69	0.17838
52	70	0.17914
52	71	0.24973
52	72	0.11588
52	73	0.13083
52	74	0.1521
52	75	0.15112
52	76	0.067759
52	77	0.13277
52	78	0.03044
52	79	0.077879
52	80	0.11923
52	81	0.17863
52	82	0.18829
52	83	0.31809
53	54	3.7559
53	55	1.3804
53	56	0.94436
53	57	0.61841
53	58	0.5951
53	59	0.69725
53	60	0.30368
53	61	0.47375
53	62	0.37114
53	63	0.21408
53	64	0.36322
53	65	0.35342
53	66	0.27838
53	67	0.061109
53	68	0.12532
53	69	0.15392
53	70	0.17176
53	71	0.31425
53	72	0.23212
53	73	0.1764
53	74	0.1276
53	75	0.19264
53	76	0.043852
53	77	0.11139
53	78	0.032833
53	79	0.084002
53	80	0.096449
53	81	0.15414
53	82	0.12185
53	83	0.11437
54	55	3.0049
54	56	0.89461
54	57	0.66663
54	58	0.8118
54	59	0.79263
54	60	0.67689
54	61	0.65592
54	62	0.35159
54	63	0.507
54	64	0.42055
54	65	0.2833
54	66	0.142
54	67	0.18814
54	68	0.18655
54	69	0.16404
54	70	0.2644
54	71	0.25517
54	72	0.23681
54	73	0.11698
54	74	0.086344
54	75	0.084226
54	76	0.12462
54	77	0.16582
54	78	0.10886
54	79	0.047746
54	80	0.13705
54	81	0.12777
54	82	0.11543
54	83	0.32502
55	56	7.2937
55	57	1.2764
55	58	1.318
55	59	1.1268
55	60	0.48116
55	61	0.38173
55	62	0.55538
55	63	0.16018
55	64	0.36235
55	65	0.20341
55	66	0.12817
55	67	0.045722
55	68	0.13395
55	69	0.17275
55	70	0.28915
55	71	0.26872
55	72	0.1336
55	73	0.079191
55	74	0.027278
55	75	0.13304
55	76	0.087493
55	77	0.047623
55	78	0.049132
55	79	0
55	80	0.096219
55	81	0.086495
55	82	0.091171
55	83	0
56	57	3.8724
56	58	2.1428
56	59	1.3852
56	60	0.30498
56	61	0.36765
56	62	0.39413
56	63	0.2492
56	64	0.34451
56	65	0.21098
56	66	0.53177
56	67	0.071134
56	68	0.055572
56	69	0.059724
56	70	0.26658
56	71	0.52259
56	72	0.4157
56	73	0.054758
56	74	0.056586
56	75	0.16099
56	76	0.045374
56	77	0.09879
56	78	0
56	79	0.026076
56	80	0.1497
56	81	0.089713
56	82	0.15761
56	83	0.1775
57	58	4.6552
57	59	1.8484
57	60	0.85394
57	61	0.65328
57	62	0.42445
57	63	0.63962
57	64	0.3727
57	65	0.35444
57	66	0.16285
57	67	0.16598
57	68	0.077801
57	69	0.16723
57	70	0.18661
57	71	0.41459
57	72	0.29099
57	73	0.17249
57	74	0.19805
57	75	0.1127
57	76	0.11117
57	77	0.086441
57	78	0.089179
57	79	0.10952
57	80	0.15718
57	81	0.10466
57	82	0.19858
57	83	0.12425
58	59	3.5516
58	60	1.1699
58	61	0.79554
58	62	0.59226
58	63	0.12982
58	64	0.41603
58	65	0.36269
58	66	0.33761
58	67	0.24086
58	68	0.021712
58	69	0.16334
58	70	0.36454
58	71	0.43557
58	72	0.30317
58	73	0.19254
58	74	0.13265
58	75	0.089857
58	76	0.12409
58	77	0.038597
58	78	0.079639
58	79	0.12225
58	80	0.097477
58	81	0.2103
58	82	0.2463
58	83	0.2774
59	60	3.2491
59	61	1.5276
59	62	0.91598
59	63	0.22815
59	64	0.51613
59	65	0.42494
59	66	0.36514
59	67	0.086834
59	68	0.050878
59	69	0.24606
59	70	0.3966
59	71	0.51034
59	72	0.38059
59	73	0.25066
59	74	0.12952
59	75	0.14739
59	76	0.041541
59	77	0.090445
59	78	0.046655
59	79	0.023873
59	80	0.15989
59	81	0.2464
59	82	0.14429
59	83	0.32502
60	61	5.1077
60	62	1.5111
60	63	0.87677
60	64	0.97335
60	65	0.56909
60	66	0.68211
60	67	0.26418
60	68	0.11405
60	69	0.1576
60	70	0.52758
60	71	0.38815
60	72	0.26001
60	73	0.30504
60	74	0.14932
60	75	0.17532
60	76	0.14634
60	77	0.11586
60	78	0.10459
60	79	0.12232
60	80	0.27797
60	81	0.26303
60	82	0.40664
60	83	0.41634
61	62	3.2097
61	63	1.9377
61	64	0.95538
61	65	0.75715
61	66	0.5765
61	67	0.36875
61	68	0.28253
61	69	0.28578
61	70	0.27904
61	71	0.62515
61	72	0.29837
61	73	0.22927
61	74	0.30461
61	75	0.12381
61	76	0.17641
61	77	0.10341
61	78	0.10668
61	79	0.15597
61	80	0.194
61	81	0.17887
61	82	0.33937
61	83	0.31851
62	63	6.1254
62	64	1.7673
62	65	1.2176
62	66	0.78852
62	67	0.45613
62	68	0.40979
62	69	0.28722
62	70	0.49145
62	71	0.35743
62	72	0.21324
62	73	0.40379
62	74	0.18142
62	75	0.29495
62	76	0.20366
62	77	0.22171
62	78	0.14704
62	79	0.15048
62	80	0.31996
62	81	0.24928
62	82	0.3436
62	83	0.34146
63	64	2.311
63	65	1.3344
63	66	0.81747
63	67	0.41658
63	68	0.2929
63	69	0.5771
63	70	0.23417
63	71	0.30604
63	72	0.19475
63	73	0.1924
63	74	0.29824
63	75	0.20203
63	76	0.35872
63	77	0
63	78	0.35812
63	79	0.13743
63	80	0.30683
63	81	0.26269
63	82	0.33227
63	83	0.31185
64	65	5.4782
64	66	1.1228
64	67	0.51831
64	68	0.31289
64	69	0.55385
64	70	0.57389
64	71	0.32308
64	72	0.44057
64	73	0.43526
64	74	0.44979
64	75	0.36563
64	76	0.19536
64	77	0.16359
64	78	0.20253
64	79	0.15545
64	80	0.23137
64	81	0.43579
64	82	0.27143
64	83	0.35273
65	66	2.7288
65	67	0.97339
65	68	0.44635
65	69	0.79949
65	70	0.74346
65	71	0.49746
65	72	0.32152
65	73	0.36651
65	74	0.37875
65	75	0.18473
65	76	0.24296
65	77	0.33061
65	78	0.27287
65	79	0.37233
65	80	0.31172
65	81	0.053375
65	82	0.53448
65	83	0.63364
66	67	2.4168
66	68	0.41016
66	69	1.0076
66	70	1.7568
66	71	0.97958
66	72	0.60389
66	73	0.38491
66	74	0.61653
66	75	0.291
66	76	0.14353
66	77	0.15624
66	78	0.19701
66	79	0.16496
66	80	0.36829
66	81	0.21021
66	82	0.37667
66	83	0.24955
67	68	4.1385
67	69	3.4743
67	70	1.1029
67	71	0.38437
67	72	0.61151
67	73	0.50802
67	74	0.5108
67	75	0.6113
67	76	0.54612
67	77	0.47065
67	78	0.52389
67	79	0.65384
67	80	0.58806
67	81	0.4649
67	82	0.49004
67	83	0.35607
68	69	4.2118
68	70	0.86164
68	71	0.22521
68	72	0.52116
68	73	0.51487
68	74	0.64845
68	75	0.67579
68	76	0.74662
68	77	0.66764
68	78	0.92837
68	79	0.93476
68	80	0.35189
68	81	0.52721
68	82	0.24081
68	83	0.20863
69	70	2.3782
69	71	0.41807
69	72	0.5426
69	73	0.51876
69	74	1.0007
69	75	0.68271
69	76	0.55882
69	77	0.43675
69	78	0.78853
69	79	0.72463
69	80	0.47273
69	81	0.50995
69	82	0.33844
69	83	0.44843
70	71	2.8973
70	72	1.3672
70	73	1.0999
70	74	0.79761
70	75	0.40523
70	76	0.33577
70	77	0.45256
70	78	0.21549
70	79	0.34917
70	80	0.6506
70	81	0.29506
70	82	0.48873
70	83	0.6255
71	72	4.0432
71	73	0.72626
71	74	0.68797
71	75	0.35588
71	76	0.2006
71	77	0.25477
71	78	0.075098
71	79	0.17292
71	80	0.36768
71	81	0.35256
71	82	0.6271
71	83	0.13079
72	73	4.4131
72	74	1.5091
72	75	0.71447
72	76	0.38563
72	77	0.37637
72	78	0.40323
72	79	0.39738
72	80	0.43871
72	81	0.52583
72	82	0.70207
72	83	0.31212
73	74	3.0801
73	75	1.4516
73	76	0.60431
73	77	0.51485
73	78	0.53116
73	79	0.67947
73	80	0.63568
73	81	0.64071
73	82	0.62059
73	83	0.51393
74	75	3.6884
74	76	1.1539
74	77	0.94585
74	78	0.94531
74	79	0.96743
74	80	0.73156
74	81	0.80526
74	82	0.66017
74	83	0.63731
75	76	2.3285
75	77	1.4296
75	78	1.5988
75	79	1.2684
75	80	1.1651
75	81	0.90187
75	82	0.52131
75	83	0.43171
76	77	4.0884
76	78	3.2643
76	79	2.6525
76	80	0.80209
76	81	0.71745
76	82	0.43862
76	83	0.68137
77	78	3.9928
77	79	2.1384
77	80	0.93833
77	81	0.93722
77	82	0.59274
77	83	0.64903
78	79	3.7659
78	80	0.95461
78	81	0.88634
78	82	0.54357
78	83	0.28697
79	80	2.0915
79	81	1.4183
79	82	0.67797
79	83	0.58736
80	81	4.2132
80	82	1.3805
80	83	0.281
81	82	4.5255
81	83	3.7048
82	83	9.3486
