1	2	3.3592
1	3	3.0623
1	4	0.90099
1	5	0.66063
1	6	0.87866
1	7	1.0187
1	8	0.62027
1	9	0.84861
1	10	0.96334
1	11	0.6515
1	12	0.59772
1	13	0.41113
1	14	0.66466
1	15	0.73354
1	16	0
1	17	0.61108
1	18	0.41181
1	19	0.4144
1	20	0.36306
1	21	0.22945
1	22	0.086582
1	23	0.22871
1	24	0.22681
1	25	0.16043
1	26	0.10563
1	27	0.26299
1	28	0.3338
1	29	0.31014
1	30	0.22191
1	31	0.24257
1	32	0.28395
1	33	0.30009
1	34	0.16121
1	35	0.10044
1	36	0.099745
1	37	0.18413
1	38	0.12826
1	39	0.19673
1	40	0.15151
1	41	0.079088
1	42	0.21605
1	43	0.32495
1	44	0.2236
1	45	0.22398
1	46	0.21637
1	47	0.18908
1	48	0.13324
1	49	0.10245
1	50	0.18905
1	51	0.19962
1	52	0.10219
1	53	0.14966
1	54	0.18842
1	55	0.17566
1	56	0.15004
1	57	0.20484
1	58	0.094178
1	59	0.14164
1	60	0.12438
1	61	0.16162
1	62	0.12748
1	63	0.054169
1	64	0.19396
1	65	0.054731
1	66	0.14475
1	67	0.12949
1	68	0.037011
1	69	0.10845
1	70	0.17333
1	71	0.12035
1	72	0.1592
1	73	0.22268
1	74	0.23931
1	75	0.2589
1	76	0.4539
1	77	0.56186
2	3	3.1074
2	4	0.9407
2	5	0.55519
2	6	1.0965
2	7	1.2422
2	8	1.044
2	9	1.0683
2	10	0.34563
2	11	0.32898
2	12	0.47656
2	13	0.25215
2	14	0.38726
2	15	1.5039
2	16	1.1381
2	17	0.55681
2	18	0.32833
2	19	0.26432
2	20	0.10216
2	21	0.19957
2	22	0.16567
2	23	0.25249
2	24	0.21959
2	25	0.28141
2	26	0.40705
2	27	0.5057
2	28	0.207
2	29	0.27636
2	30	0.31303
2	31	0.21918
2	32	0.12074
2	33	0.17944
2	34	0.22492
2	35	0.28028
2	36	0.27834
2	37	0.29361
2	38	0.23861
2	39	0.26544
2	40	0.21743
2	41	0.15133
2	42	0.14094
2	43	0.13818
2	44	0.12479
2	45	0.12501
2	46	0.062732
2	47	0.15075
2	48	0.21247
2	49	0.21783
2	50	0.13703
2	51	0.1061
2	52	0.19011
2	53	0.13258
2	54	0.12018
2	55	0.031123
2	56	0.074767
2	57	0.17693
2	58	0.10512
2	59	0.098814
2	60	0.099167
2	61	0.22909
2	62	0.29041
2	63	0.12957
2	64	0.061857
2	65	0.17454
2	66	0.11541
2	67	0.22124
2	68	0.1623
2	69	0.21617
2	70	0.15202
2	71	0.095957
2	72	0.20626
2	73	0.11298
2	74	0.1908
2	75	0.4316
2	76	0.2068
2	77	0.89594
3	4	3.8449
3	5	1.2017
3	6	1.3415
3	7	1.1106
3	8	0.68904
3	9	0.6208
3	10	0.65188
3	11	0.42895
3	12	0.47225
3	13	0.67094
3	14	0.63584
3	15	0.61328
3	16	0
3	17	0.44704
3	18	0.54604
3	19	0.31831
3	20	0.31247
3	21	0.10682
3	22	0.19002
3	23	0.29602
3	24	0.24889
3	25	0.16431
3	26	0.11591
3	27	0.2603
3	28	0.25776
3	29	0.1735
3	30	0.16234
3	31	0.2366
3	32	0.27697
3	33	0.20581
3	34	0.11793
3	35	0.17145
3	36	0.060807
3	37	0.089801
3	38	0.12511
3	39	0.15499
3	40	0.21059
3	41	0.23143
3	42	0.10058
3	43	0.14263
3	44	0.14722
3	45	0.081927
3	46	0.17268
3	47	0.21516
3	48	0.10966
3	49	0.18738
3	50	0.10058
3	51	0.21904
3	52	0.16197
3	53	0.13382
3	54	0.11027
3	55	0.21417
3	56	0.15093
3	57	0.11239
3	58	0.12401
3	59	0.25905
3	60	0.079617
3	61	0.065687
3	62	0.066615
3	63	0.13209
3	64	0.070945
3	65	0.053384
3	66	0.079418
3	67	0.081198
3	68	0.1083
3	69	0.092559
3	70	0.10144
3	71	0.13207
3	72	0.07279
3	73	0.14809
3	74	0.1212
3	75	0.1894
3	76	0.30834
3	77	0
4	5	4.3682
4	6	2.2763
4	7	1.1508
4	8	0.58017
4	9	0.88121
4	10	0.91231
4	11	0.42847
4	12	0.77362
4	13	0.47422
4	14	0.54472
4	15	0.41351
4	16	0
4	17	0.48226
4	18	0.325
4	19	0.31069
4	20	0.3708
4	21	0.3457
4	22	0.20499
4	23	0.26381
4	24	0.14064
4	25	0.12661
4	26	0.12504
4	27	0.097672
4	28	0.19026
4	29	0.17277
4	30	0.22902
4	31	0.16591
4	32	0.26891
4	33	0.17762
4	34	0.095417
4	35	0.1189
4	36	0.15744
4	37	0.084767
4	38	0.11247
4	39	0.095545
4	40	0.11957
4	41	0.1498
4	42	0.1085
4	43	0.20516
4	44	0.19411
4	45	0.21212
4	46	0.18629
4	47	0.082898
4	48	0.17088
4	49	0.094332
4	50	0.081382
4	51	0.11815
4	52	0.094089
4	53	0.15749
4	54	0.16357
4	55	0.16944
4	56	0.13321
4	57	0.13472
4	58	0.11892
4	59	0.11178
4	60	0.11043
4	61	0.05669
4	62	0.071864
4	63	0.0285
4	64	0.091843
4	65	0.071989
4	66	0.099955
4	67	0.13139
4	68	0.087627
4	69	0.11412
4	70	0.10944
4	71	0.094982
4	72	0.078526
4	73	0.15976
4	74	0.1017
4	75	0.037149
4	76	0.12794
4	77	0
5	6	2.9736
5	7	1.4564
5	8	0.7696
5	9	0.67477
5	10	0.61696
5	11	0.49927
5	12	0.50256
5	13	0.68553
5	14	0.60451
5	15	0.34417
5	16	0
5	17	0.34405
5	18	0.2705
5	19	0.2722
5	20	0.26654
5	21	0.30143
5	22	0.30711
5	23	0.15023
5	24	0.15963
5	25	0.137
5	26	0.1272
5	27	0.12194
5	28	0.24362
5	29	0.22769
5	30	0.23547
5	31	0.18058
5	32	0.12434
5	33	0.1848
5	34	0.10589
5	35	0.13195
5	36	0.1092
5	37	0.12095
5	38	0.14978
5	39	0.13917
5	40	0.079615
5	41	0.19741
5	42	0.23223
5	43	0.27037
5	44	0.16156
5	45	0.17655
5	46	0.19381
5	47	0.23459
5	48	0.14223
5	49	0.14581
5	50	0.11289
5	51	0.13112
5	52	0.11187
5	53	0.12016
5	54	0.11139
5	55	0.11538
5	56	0.1232
5	57	0.11213
5	58	0.098979
5	59	0.19771
5	60	0.091913
5	61	0.05898
5	62	0.095703
5	63	0.071163
5	64	0.063702
5	65	0.059917
5	66	0.14262
5	67	0.024303
5	68	0.060778
5	69	0.071237
5	70	0.12524
5	71	0.052704
5	72	0.052287
5	73	0.079783
5	74	0.072553
5	75	0.13914
5	76	0.10648
5	77	0.5536
6	7	4.0988
6	8	1.6628
6	9	1.4751
6	10	0.9985
6	11	0.5799
6	12	0.73925
6	13	0.33336
6	14	0.50299
6	15	0.66275
6	16	0
6	17	0.18404
6	18	0.36173
6	19	0.24752
6	20	0.13507
6	21	0.30782
6	22	0.1947
6	23	0.16072
6	24	0.18215
6	25	0.24803
6	26	0.18557
6	27	0.18481
6	28	0.26063
6	29	0.14102
6	30	0.23991
6	31	0.18182
6	32	0.13302
6	33	0.10544
6	34	0.2124
6	35	0.11763
6	36	0.1285
6	37	0.16174
6	38	0.1402
6	39	0.13825
6	40	0.20228
6	41	0.17784
6	42	0.082812
6	43	0.15223
6	44	0.31426
6	45	0.11018
6	46	0.096758
6	47	0.16239
6	48	0.093633
6	49	0.19199
6	50	0.14493
6	51	0.14027
6	52	0.095747
6	53	0.19866
6	54	0.13241
6	55	0.041146
6	56	0.1318
6	57	0.15594
6	58	0.1456
6	59	0.062209
6	60	0.10925
6	61	0.12619
6	62	0.076787
6	63	0.19033
6	64	0.068149
6	65	0.1282
6	66	0.11443
6	67	0.143
6	68	0.14305
6	69	0.13972
6	70	0.073083
6	71	0.098669
6	72	0.083904
6	73	0.099577
6	74	0.20698
6	75	0.082696
6	76	0.20505
6	77	0
7	8	3.1401
7	9	1.9693
7	10	0.9557
7	11	0.59048
7	12	0.72037
7	13	0.53454
7	14	0.77023
7	15	0.61607
7	16	0
7	17	0.38491
7	18	0.32154
7	19	0.30453
7	20	0.21972
7	21	0.16862
7	22	0.26723
7	23	0.24565
7	24	0.26192
7	25	0.22401
7	26	0.18112
7	27	0.20463
7	28	0.25893
7	29	0.22791
7	30	0.2258
7	31	0.13072
7	32	0.16693
7	33	0.28944
7	34	0.26655
7	35	0.14762
7	36	0.19547
7	37	0.16914
7	38	0.13615
7	39	0.2113
7	40	0.15587
7	41	0.17436
7	42	0.1299
7	43	0.1592
7	44	0.16432
7	45	0.14814
7	46	0.26019
7	47	0.12351
7	48	0.11016
7	49	0.10039
7	50	0.17682
7	51	0.13447
7	52	0.087612
7	53	0.085543
7	54	0.096927
7	55	0.057372
7	56	0.082696
7	57	0.08781
7	58	0.1661
7	59	0.1171
7	60	0.14853
7	61	0.039591
7	62	0.14722
7	63	0.092884
7	64	0.17104
7	65	0.067033
7	66	0.079778
7	67	0.12235
7	68	0.14959
7	69	0.11954
7	70	0.050951
7	71	0.14741
7	72	0.07312
7	73	0.089258
7	74	0.10823
7	75	0.22485
7	76	0.14295
7	77	0.4129
8	9	4.1711
8	10	0.91594
8	11	0.78922
8	12	0.78806
8	13	0.64148
8	14	0.71298
8	15	1.3285
8	16	2.4128
8	17	0.29512
8	18	0.32629
8	19	0.24516
8	20	0.12635
8	21	0.17629
8	22	0.23416
8	23	0.20817
8	24	0.41077
8	25	0.32542
8	26	0.2827
8	27	0.22227
8	28	0.15673
8	29	0.33921
8	30	0.18755
8	31	0.25967
8	32	0.11199
8	33	0.20606
8	34	0.32358
8	35	0.31125
8	36	0.281
8	37	0.20749
8	38	0.24089
8	39	0.26859
8	40	0.14085
8	41	0.13368
8	42	0.1328
8	43	0.18309
8	44	0.20788
8	45	0.15144
8	46	0.14962
8	47	0.088776
8	48	0.22522
8	49	0.15875
8	50	0.15978
8	51	0.11247
8	52	0.10076
8	53	0.16865
8	54	0.1274
8	55	0.082477
8	56	0.063404
8	57	0.028854
8	58	0.095513
8	59	0.044891
8	60	0.05256
8	61	0.16695
8	62	0.24627
8	63	0.1526
8	64	0.13114
8	65	0.12335
8	66	0.1835
8	67	0.18761
8	68	0.10948
8	69	0.12221
8	70	0.11719
8	71	0.22039
8	72	0.185
8	73	0.10265
8	74	0.15558
8	75	0.19892
8	76	0.35622
8	77	0.23743
9	10	4.1551
9	11	1.3738
9	12	0.92321
9	13	0.70153
9	14	1.0921
9	15	0.43047
9	16	1.1727
9	17	0.71721
9	18	0.5075
9	19	0.35748
9	20	0.29828
9	21	0.41129
9	22	0.25608
9	23	0.17345
9	24	0.22627
9	25	0.21089
9	26	0.21695
9	27	0.17794
9	28	0.13712
9	29	0.19485
9	30	0.16829
9	31	0.092999
9	32	0.23328
9	33	0.20031
9	34	0.149
9	35	0.15128
9	36	0.12292
9	37	0.12606
9	38	0.1405
9	39	0.074598
9	40	0.049789
9	41	0.077971
9	42	0.1775
9	43	0.12458
9	44	0.11022
9	45	0.073606
9	46	0.064642
9	47	0.13808
9	48	0.12315
9	49	0.12626
9	50	0.08472
9	51	0.095665
9	52	0.097948
9	53	0.15028
9	54	0.092881
9	55	0.048105
9	56	0.046226
9	57	0.098169
9	58	0.1238
9	59	0.13091
9	60	0.089413
9	61	0.088523
9	62	0.14962
9	63	0.13351
9	64	0.14341
9	65	0.10492
9	66	0.13378
9	67	0.15198
9	68	0.10642
9	69	0.13365
9	70	0.056962
9	71	0.065919
9	72	0.098095
9	73	0.24947
9	74	0.18149
9	75	0.11602
9	76	0.21309
9	77	0
10	11	4.3292
10	12	2.5632
10	13	1.6532
10	14	1.2457
10	15	0.83561
10	16	0
10	17	0.46407
10	18	0.45608
10	19	0.27537
10	20	0.66227
10	21	0.2957
10	22	0.23014
10	23	0.23381
10	24	0.10048
10	25	0.085287
10	26	0.12478
10	27	0.10965
10	28	0.2136
10	29	0.22629
10	30	0.12099
10	31	0.10029
10	32	0.21804
10	33	0.29911
10	34	0.053561
10	35	0.074159
10	36	0.088374
10	37	0.040785
10	38	0.11364
10	39	0.12067
10	40	0.053694
10	41	0.15416
10	42	0.27843
10	43	0.17274
10	44	0.23773
10	45	0.099224
10	46	0.17428
10	47	0.22336
10	48	0.088541
10	49	0.12103
10	50	0.10659
10	51	0.14738
10	52	0.06036
10	53	0.14734
10	54	0.15025
10	55	0.25939
10	56	0.18279
10	57	0.090745
10	58	0.11682
10	59	0.17256
10	60	0.13775
10	61	0.095466
10	62	0.064544
10	63	0.07999
10	64	0.051554
10	65	0.032328
10	66	0.096185
10	67	0.13112
10	68	0.08198
10	69	0.064058
10	70	0.092145
10	71	0.17772
10	72	0.052895
10	73	0.12555
10	74	0.097862
10	75	0.062559
10	76	0.28726
10	77	0.2489
11	12	5.8451
11	13	1.7434
11	14	1.1642
11	15	0.58605
11	16	0
11	17	0.27898
11	18	0.63746
11	19	0.4304
11	20	0.30712
11	21	0.38329
11	22	0.30436
11	23	0.22489
11	24	0.20709
11	25	0.14099
11	26	0.19691
11	27	0.19775
11	28	0.11853
11	29	0.27693
11	30	0.12274
11	31	0.15504
11	32	0.22686
11	33	0.22476
11	34	0.27368
11	35	0.12037
11	36	0.092971
11	37	0.14711
11	38	0.13663
11	39	0.096723
11	40	0.08473
11	41	0.21483
11	42	0.094151
11	43	0.25961
11	44	0.17864
11	45	0.17895
11	46	0.22001
11	47	0.16784
11	48	0.1996
11	49	0.068211
11	50	0.068655
11	51	0.10632
11	52	0.14968
11	53	0.186
11	54	0.13548
11	55	0.20271
11	56	0.10489
11	57	0.19093
11	58	0.13543
11	59	0.14145
11	60	0.11179
11	61	0.10043
11	62	0.1164
11	63	0.10098
11	64	0.10847
11	65	0.1166
11	66	0.10119
11	67	0.059118
11	68	0.14785
11	69	0.072203
11	70	0.069241
11	71	0.11218
11	72	0.14309
11	73	0.048519
11	74	0.13237
11	75	0.20684
11	76	0.38854
11	77	0.44889
12	13	3.3381
12	14	1.5065
12	15	0.82956
12	16	0
12	17	0.38393
12	18	0.33958
12	19	0.6561
12	20	0.43205
12	21	0.51372
12	22	0.25893
12	23	0.38687
12	24	0.15675
12	25	0.19756
12	26	0.18582
12	27	0.16329
12	28	0.11418
12	29	0.12837
12	30	0.18018
12	31	0.18491
12	32	0.24976
12	33	0.34643
12	34	0.19497
12	35	0.14724
12	36	0.17547
12	37	0.17546
12	38	0.037605
12	39	0.1198
12	40	0.079957
12	41	0.083477
12	42	0.13821
12	43	0.17149
12	44	0.27535
12	45	0.21671
12	46	0.29413
12	47	0.18479
12	48	0.1465
12	49	0.10514
12	50	0.090703
12	51	0.073158
12	52	0.11985
12	53	0.14627
12	54	0.23203
12	55	0.17167
12	56	0.19796
12	57	0.090088
12	58	0.18224
12	59	0.14016
12	60	0.13675
12	61	0.094774
12	62	0.14417
12	63	0.063528
12	64	0.051181
12	65	0.09628
12	66	0.12732
12	67	0.081358
12	68	0.048832
12	69	0.095391
12	70	0.060985
12	71	0.10586
12	72	0.052512
12	73	0.089029
12	74	0.2105
12	75	0.16562
12	76	0.25666
12	77	0.2471
13	14	5.4429
13	15	1.4631
13	16	1.6608
13	17	0.71098
13	18	0.59892
13	19	0.43393
13	20	0.6212
13	21	0.33976
13	22	0.22162
13	23	0.38892
13	24	0.094247
13	25	0.14933
13	26	0.14338
13	27	0.10799
13	28	0.36679
13	29	0.25471
13	30	0.15889
13	31	0.1317
13	32	0.28632
13	33	0.32732
13	34	0.093779
13	35	0.05843
13	36	0.038684
13	37	0.071411
13	38	0.066324
13	39	0.17607
13	40	0.10576
13	41	0.22084
13	42	0.15996
13	43	0.32766
13	44	0.23414
13	45	0.52119
13	46	0.34329
13	47	0.26887
13	48	0.21316
13	49	0.099335
13	50	0.25995
13	51	0.11612
13	52	0.15853
13	53	0.13544
13	54	0.26307
13	55	0.22708
13	56	0.15275
13	57	0.079443
13	58	0.13149
13	59	0.1648
13	60	0.12662
13	61	0.10447
13	62	0.063568
13	63	0.063024
13	64	0.022567
13	65	0.063678
13	66	0.21051
13	67	0.15066
13	68	0.043062
13	69	0.042059
13	70	0.060501
13	71	0.14003
13	72	0.023153
13	73	0.21197
13	74	0.042836
13	75	0.027384
13	76	0.22633
13	77	0
14	15	5.1247
14	16	1.3424
14	17	1.0673
14	18	0.99244
14	19	0.70151
14	20	0.52221
14	21	0.47081
14	22	0.47228
14	23	0.33092
14	24	0.3352
14	25	0.27159
14	26	0.16557
14	27	0.17459
14	28	0.34881
14	29	0.15442
14	30	0.17659
14	31	0.19771
14	32	0.28485
14	33	0.19403
14	34	0.17056
14	35	0.23615
14	36	0.15634
14	37	0.15874
14	38	0.26806
14	39	0.21348
14	40	0.18523
14	41	0.22314
14	42	0.36944
14	43	0.34635
14	44	0.42058
14	45	0.18958
14	46	0.18499
14	47	0.25685
14	48	0.2193
14	49	0.14453
14	50	0.11314
14	51	0.17209
14	52	0.12814
14	53	0.15639
14	54	0.28353
14	55	0.20191
14	56	0.035277
14	57	0.11238
14	58	0.17714
14	59	0.14986
14	60	0.11698
14	61	0.16889
14	62	0.10277
14	63	0.20378
14	64	0.091206
14	65	0.15442
14	66	0.17016
14	67	0.086989
14	68	0.052212
14	69	0.10199
14	70	0.14671
14	71	0.24524
14	72	0.13101
14	73	0.13327
14	74	0.12119
14	75	0.24348
14	76	0.54885
14	77	0.26421
15	16	27.515
15	17	2.3558
15	18	0.49613
15	19	0.31951
15	20	0.247
15	21	0.24124
15	22	0.40054
15	23	0.20347
15	24	0.81194
15	25	0.2474
15	26	0.40722
15	27	0.77532
15	28	0.28597
15	29	0.28133
15	30	0.52646
15	31	0.062342
15	32	0.14596
15	33	0.43383
15	34	0.23305
15	35	0.32268
15	36	0.64089
15	37	0.35493
15	38	0.21976
15	39	0.58341
15	40	0.40886
15	41	0.12196
15	42	0.30288
15	43	0.083515
15	44	0.086202
15	45	0
15	46	0.2275
15	47	0.16198
15	48	0.12842
15	49	0.26332
15	50	0.066258
15	51	0.19239
15	52	0.19698
15	53	0.12822
15	54	0.07264
15	55	0.075244
15	56	0.21691
15	57	0.13162
15	58	0.072614
15	59	0.068257
15	60	0.059938
15	61	0.27693
15	62	0.07021
15	63	0.27844
15	64	0.37387
15	65	0.28133
15	66	0.27901
15	67	0.071317
15	68	0.071342
15	69	0.27873
15	70	0.33412
15	71	0.07733
15	72	0
15	73	0.23412
15	74	0.28388
15	75	0.63515
15	76	0
15	77	0
16	17	4.5843
16	18	0
16	19	1.0881
16	20	0
16	21	0
16	22	0
16	23	0.92388
16	24	0.85077
16	25	1.685
16	26	1.849
16	27	0
16	28	0
16	29	0
16	30	0
16	31	0
16	32	0
16	33	0
16	34	0
16	35	0
16	36	0.87299
16	37	0.80578
16	38	0.74838
16	39	0.7947
16	40	0
16	41	0.83064
16	42	0
16	43	0
16	44	0
16	45	0
16	46	0
16	47	0
16	48	0.87465
16	49	1.7934
16	50	0.90254
16	51	0
16	52	0
16	53	1.7465
16	54	0.98948
16	55	0
16	56	0
16	57	0
16	58	0
16	59	0
16	60	0
16	61	0
16	62	0
16	63	0
16	64	0
16	65	0
16	66	0
16	67	0
16	68	0
16	69	0
16	70	0
16	71	0
16	72	0
16	73	1.0631
16	74	0.96671
16	75	2.4719
16	76	0
16	77	0
17	18	6.8608
17	19	1.9963
17	20	0.82306
17	21	0.93786
17	22	1.1123
17	23	0.73453
17	24	0.57233
17	25	0.4122
17	26	0.2827
17	27	0.49683
17	28	0.53602
17	29	0.35154
17	30	0.10964
17	31	0.31161
17	32	0.18239
17	33	0.42164
17	34	0.25886
17	35	0.21505
17	36	0.37373
17	37	0.098558
17	38	0.22884
17	39	0.097203
17	40	0.097314
17	41	0.2032
17	42	0.37847
17	43	0.34787
17	44	0.14362
17	45	0.2158
17	46	0.18952
17	47	0.13494
17	48	0.26745
17	49	0.10968
17	50	0.27598
17	51	0.21369
17	52	0.054698
17	53	0.053406
17	54	0.18154
17	55	0.25073
17	56	0.78304
17	57	0.16447
17	58	0.36295
17	59	0.11372
17	60	0.29959
17	61	0
17	62	0.058489
17	63	0.11598
17	64	0.062291
17	65	0.05859
17	66	0.11622
17	67	0.17823
17	68	0.23773
17	69	0.1161
17	70	0.167
17	71	0.3221
17	72	0.25564
17	73	0.19504
17	74	0.11824
17	75	0.37794
17	76	0.52062
17	77	0
18	19	4.0023
18	20	1.5571
18	21	1.0666
18	22	0.9346
18	23	0.54974
18	24	0.52157
18	25	0.39497
18	26	0.3334
18	27	0.30762
18	28	0.43899
18	29	0.32821
18	30	0.43641
18	31	0.39812
18	32	0.34057
18	33	0.31966
18	34	0.38161
18	35	0.14266
18	36	0.22038
18	37	0.26153
18	38	0.21591
18	39	0.28659
18	40	0.20084
18	41	0.29955
18	42	0.29756
18	43	0.26666
18	44	0.38111
18	45	0.16967
18	46	0.26076
18	47	0.29839
18	48	0.22079
18	49	0.16169
18	50	0.26038
18	51	0.14176
18	52	0.19352
18	53	0.15746
18	54	0.16057
18	55	0.12937
18	56	0.17759
18	57	0.25861
18	58	0.33887
18	59	0.30177
18	60	0.26499
18	61	0.10203
18	62	0.12071
18	63	0.17097
18	64	0.25712
18	65	0.17274
18	66	0.085662
18	67	0.087582
18	68	0.1577
18	69	0.15403
18	70	0.21337
18	71	0.26591
18	72	0.20727
18	73	0.24918
18	74	0.20917
18	75	0.28972
18	76	0.52189
18	77	0.53202
19	20	3.9722
19	21	1.4787
19	22	0.89757
19	23	0.67053
19	24	0.35813
19	25	0.36688
19	26	0.42943
19	27	0.21226
19	28	0.36753
19	29	0.37547
19	30	0.28626
19	31	0.28351
19	32	0.2453
19	33	0.35741
19	34	0.39936
19	35	0.24245
19	36	0.15206
19	37	0.18714
19	38	0.19554
19	39	0.12689
19	40	0.19633
19	41	0.31349
19	42	0.17966
19	43	0.36329
19	44	0.28975
19	45	0.11951
19	46	0.26989
19	47	0.28825
19	48	0.17774
19	49	0.14318
19	50	0.19651
19	51	0.20288
19	52	0.23368
19	53	0.24084
19	54	0.2298
19	55	0.17853
19	56	0.12867
19	57	0.23421
19	58	0.28715
19	59	0.16195
19	60	0.27258
19	61	0.13689
19	62	0.11106
19	63	0.12387
19	64	0.11828
19	65	0.15297
19	66	0.12413
19	67	0.12691
19	68	0.21159
19	69	0.13778
19	70	0.11891
19	71	0.18348
19	72	0.16686
19	73	0.15431
19	74	0.16839
19	75	0.19735
19	76	0.42013
19	77	0.21414
20	21	2.4419
20	22	1.3197
20	23	0.63585
20	24	0.50915
20	25	0.2521
20	26	0.082992
20	27	0.17017
20	28	0.49539
20	29	0.30101
20	30	0.16094
20	31	0.25411
20	32	0.3867
20	33	0.58943
20	34	0.12666
20	35	0.11837
20	36	0.10449
20	37	0.048223
20	38	0.13436
20	39	0.20213
20	40	0.21426
20	41	0.19884
20	42	0.2932
20	43	0.32339
20	44	0.22839
20	45	0.29917
20	46	0.34
20	47	0.34662
20	48	0.23555
20	49	0.18783
20	50	0.13503
20	51	0.14377
20	52	0.12043
20	53	0.15679
20	54	0.3553
20	55	0.3527
20	56	0.33892
20	57	0.20118
20	58	0.20718
20	59	0.27822
20	60	0.20766
20	61	0.11288
20	62	0.057236
20	63	0.070933
20	64	0.10667
20	65	0.043001
20	66	0.17059
20	67	0.13081
20	68	0.087237
20	69	0.085207
20	70	0.09533
20	71	0.17336
20	72	0.10945
20	73	0.22267
20	74	0.18803
20	75	0.11095
20	76	0.22926
20	77	0.22072
21	22	3.4682
21	23	1.3366
21	24	0.72107
21	25	0.50477
21	26	0.47284
21	27	0.48673
21	28	0.32731
21	29	0.43399
21	30	0.18339
21	31	0.33505
21	32	0.33411
21	33	0.33103
21	34	0.23195
21	35	0.29546
21	36	0.22963
21	37	0.11775
21	38	0.26247
21	39	0.23226
21	40	0.20927
21	41	0.2549
21	42	0.21101
21	43	0.39897
21	44	0.30886
21	45	0.17188
21	46	0.15095
21	47	0.11285
21	48	0.15337
21	49	0.11793
21	50	0.19783
21	51	0.30636
21	52	0.24832
21	53	0.19142
21	54	0.15905
21	55	0.14977
21	56	0.31663
21	57	0.24889
21	58	0.21681
21	59	0.14945
21	60	0.17896
21	61	0.24805
21	62	0.15373
21	63	0.15242
21	64	0.20838
21	65	0.14
21	66	0.19438
21	67	0.14196
21	68	0.17041
21	69	0.24967
21	70	0.10641
21	71	0.16932
21	72	0.16798
21	73	0.20195
21	74	0.14127
21	75	0.14449
21	76	0.19904
21	77	0.43116
22	23	3.2615
22	24	0.92887
22	25	0.71543
22	26	0.50469
22	27	0.49276
22	28	0.50799
22	29	0.36028
22	30	0.35886
22	31	0.41207
22	32	0.24119
22	33	0.48987
22	34	0.30809
22	35	0.23461
22	36	0.16945
22	37	0.14663
22	38	0.1725
22	39	0.17353
22	40	0.2799
22	41	0.31237
22	42	0.27527
22	43	0.28981
22	44	0.2564
22	45	0.21403
22	46	0.22556
22	47	0.26767
22	48	0.15916
22	49	0.17405
22	50	0.19708
22	51	0.12716
22	52	0.18445
22	53	0.26484
22	54	0.18005
22	55	0.21137
22	56	0.11948
22	57	0.076122
22	58	0.25198
22	59	0.24814
22	60	0.2179
22	61	0.13728
22	62	0.11602
22	63	0.16104
22	64	0.12356
22	65	0.1046
22	66	0.28816
22	67	0.094279
22	68	0.18862
22	69	0.10363
22	70	0.14355
22	71	0.21723
22	72	0.10142
22	73	0.29661
22	74	0.15246
22	75	0.17992
22	76	0.14458
22	77	0
23	24	2.4537
23	25	1.2876
23	26	0.80901
23	27	0.71091
23	28	0.69616
23	29	0.50774
23	30	0.27621
23	31	0.39773
23	32	0.24504
23	33	0.26706
23	34	0.26084
23	35	0.23837
23	36	0.25823
23	37	0.20856
23	38	0.18448
23	39	0.22528
23	40	0.23534
23	41	0.32761
23	42	0.2034
23	43	0.23836
23	44	0.23156
23	45	0.23195
23	46	0.29282
23	47	0.16317
23	48	0.2695
23	49	0.15473
23	50	0.15573
23	51	0.17226
23	52	0.1874
23	53	0.21526
23	54	0.18293
23	55	0.12633
23	56	0.14567
23	57	0.18782
23	58	0.1341
23	59	0.12605
23	60	0.18113
23	61	0.18597
23	62	0.21217
23	63	0.14024
23	64	0.20086
23	65	0.18893
23	66	0.25764
23	67	0.23947
23	68	0.11977
23	69	0.19888
23	70	0.16828
23	71	0.22071
23	72	0.16744
23	73	0.22274
23	74	0.19064
23	75	0.19803
23	76	0.18886
23	77	0
24	25	3.0886
24	26	1.5424
24	27	1.2263
24	28	0.92844
24	29	0.54367
24	30	0.36626
24	31	0.38553
24	32	0.27078
24	33	0.313
24	34	0.25221
24	35	0.20952
24	36	0.34679
24	37	0.2012
24	38	0.30578
24	39	0.25255
24	40	0.30702
24	41	0.25454
24	42	0.15218
24	43	0.23241
24	44	0.15992
24	45	0.080098
24	46	0.11724
24	47	0.2379
24	48	0.13898
24	49	0.20355
24	50	0.13317
24	51	0.2082
24	52	0.23347
24	53	0.1784
24	54	0.12353
24	55	0.11633
24	56	0.16768
24	57	0.17296
24	58	0.16839
24	59	0.11608
24	60	0.23166
24	61	0.16055
24	62	0.24966
24	63	0.20447
24	64	0.21964
24	65	0.28271
24	66	0.23725
24	67	0.12128
24	68	0.13235
24	69	0.096956
24	70	0.23761
24	71	0.17933
24	72	0.2728
24	73	0.10859
24	74	0.19749
24	75	0.26653
24	76	0.25121
24	77	0.16744
25	26	3.4186
25	27	1.6161
25	28	0.60199
25	29	0.60299
25	30	0.403
25	31	0.48677
25	32	0.33519
25	33	0.18819
25	34	0.22597
25	35	0.31617
25	36	0.34342
25	37	0.34415
25	38	0.3701
25	39	0.20543
25	40	0.21461
25	41	0.14004
25	42	0.10433
25	43	0.15343
25	44	0.13197
25	45	0.092539
25	46	0.15093
25	47	0.1116
25	48	0.15729
25	49	0.27212
25	50	0.26374
25	51	0.16691
25	52	0.15079
25	53	0.16685
25	54	0.044484
25	55	0.13824
25	56	0.066418
25	57	0.17128
25	58	0.23346
25	59	0.1045
25	60	0.12847
25	61	0.21198
25	62	0.24723
25	63	0.39432
25	64	0.18316
25	65	0.13998
25	66	0.17087
25	67	0.16378
25	68	0.18568
25	69	0.2667
25	70	0.16369
25	71	0.18943
25	72	0.1292
25	73	0.035844
25	74	0.20644
25	75	0.26394
25	76	0.21049
25	77	0.16581
26	27	3.0058
26	28	1.0329
26	29	0.55534
26	30	0.46434
26	31	0.46083
26	32	0.17165
26	33	0.24294
26	34	0.40458
26	35	0.46621
26	36	0.47374
26	37	0.66584
26	38	0.26767
26	39	0.38225
26	40	0.30419
26	41	0.25611
26	42	0.16537
26	43	0.098214
26	44	0.10137
26	45	0.13056
26	46	0.089179
26	47	0.095245
26	48	0.21575
26	49	0.25436
26	50	0.24489
26	51	0.16161
26	52	0.13237
26	53	0.19387
26	54	0.085425
26	55	0.025282
26	56	0.072883
26	57	0.13267
26	58	0.15859
26	59	0.1032
26	60	0.17118
26	61	0.32567
26	62	0.30668
26	63	0.33914
26	64	0.3643
26	65	0.17724
26	66	0.10547
26	67	0.29953
26	68	0.28765
26	69	0.1756
26	70	0.24698
26	71	0.12991
26	72	0.16755
26	73	0.10489
26	74	0.20269
26	75	0.22865
26	76	0.14699
26	77	0.18195
27	28	2.6702
27	29	1.4121
27	30	0.9035
27	31	0.46017
27	32	0.23702
27	33	0.24551
27	34	0.48167
27	35	0.35251
27	36	0.40683
27	37	0.43664
27	38	0.29199
27	39	0.38757
27	40	0.36215
27	41	0.18905
27	42	0.19003
27	43	0.13562
27	44	0.17816
27	45	0.10198
27	46	0.14553
27	47	0.11956
27	48	0.1801
27	49	0.2138
27	50	0.22497
27	51	0.12307
27	52	0.18417
27	53	0.15143
27	54	0.12868
27	55	0.099973
27	56	0.11742
27	57	0.14573
27	58	0.064319
27	59	0.12092
27	60	0.14158
27	61	0.25551
27	62	0.19693
27	63	0.27746
27	64	0.43051
27	65	0.21804
27	66	0.20595
27	67	0.28427
27	68	0.2633
27	69	0.20574
27	70	0.1973
27	71	0.2169
27	72	0.19254
27	73	0.13825
27	74	0.23049
27	75	0.29469
27	76	0.18452
27	77	0.31977
28	29	2.1283
28	30	0.72204
28	31	0.72814
28	32	0.65865
28	33	0.42225
28	34	0.23371
28	35	0.25125
28	36	0.21549
28	37	0.24077
28	38	0.35002
28	39	0.18584
28	40	0.26874
28	41	0.2482
28	42	0.1742
28	43	0.20691
28	44	0.27459
28	45	0.25977
28	46	0.28182
28	47	0.31532
28	48	0.24999
28	49	0.20969
28	50	0.082078
28	51	0.12484
28	52	0.20915
28	53	0.19287
28	54	0.23139
28	55	0.26631
28	56	0.21752
28	57	0.22127
28	58	0.24415
28	59	0.14495
28	60	0.297
28	61	0.085762
28	62	0.074549
28	63	0.1971
28	64	0.10586
28	65	0.18669
28	66	0.32094
28	67	0.15145
28	68	0.11363
28	69	0.22196
28	70	0.16556
28	71	0.28738
28	72	0.14934
28	73	0.24859
28	74	0.087914
28	75	0.12846
28	76	0.24331
28	77	0.57498
29	30	2.3372
29	31	1.0962
29	32	0.54632
29	33	0.5161
29	34	0.58154
29	35	0.42694
29	36	0.35704
29	37	0.35015
29	38	0.36346
29	39	0.28439
29	40	0.3559
29	41	0.2654
29	42	0.39547
29	43	0.20355
29	44	0.27013
29	45	0.25556
29	46	0.21123
29	47	0.084599
29	48	0.16768
29	49	0.21775
29	50	0.27684
29	51	0.23445
29	52	0.24005
29	53	0.24554
29	54	0.075877
29	55	0.1179
29	56	0.17623
29	57	0.30933
29	58	0.32868
29	59	0.28519
29	60	0.26087
29	61	0.33748
29	62	0.24446
29	63	0.26661
29	64	0.20828
29	65	0.17142
29	66	0.1943
29	67	0.17382
29	68	0.14904
29	69	0.1941
29	70	0.1745
29	71	0.22887
29	72	0.25377
29	73	0.24456
29	74	0.17297
29	75	0.14217
29	76	0.1088
29	77	0
30	31	3.2395
30	32	0.90348
30	33	0.78914
30	34	0.46821
30	35	0.38897
30	36	0.54287
30	37	0.35653
30	38	0.35798
30	39	0.42766
30	40	0.1998
30	41	0.36753
30	42	0.30836
30	43	0.12244
30	44	0.23871
30	45	0.15472
30	46	0.13588
30	47	0.1979
30	48	0.18827
30	49	0.16085
30	50	0.29141
30	51	0.11491
30	52	0.21391
30	53	0.2193
30	54	0.094662
30	55	0.12257
30	56	0.17667
30	57	0.23584
30	58	0.20109
30	59	0.16678
30	60	0.25386
30	61	0.22555
30	62	0.22874
30	63	0.20411
30	64	0.23143
30	65	0.24059
30	66	0.34088
30	67	0.10456
30	68	0.18594
30	69	0.11351
30	70	0.11974
30	71	0.22674
30	72	0.23744
30	73	0.21611
30	74	0.23121
30	75	0.17737
30	76	0.14252
30	77	0
31	32	2.6353
31	33	0.85916
31	34	0.65934
31	35	0.44815
31	36	0.32637
31	37	0.36514
31	38	0.37304
31	39	0.43215
31	40	0.42363
31	41	0.32936
31	42	0.37392
31	43	0.21909
31	44	0.21284
31	45	0.13325
31	46	0.22234
31	47	0.19997
31	48	0.17836
31	49	0.19301
31	50	0.18404
31	51	0.22761
31	52	0.21278
31	53	0.16818
31	54	0.20177
31	55	0.13934
31	56	0.25663
31	57	0.30466
31	58	0.21291
31	59	0.13693
31	60	0.18499
31	61	0.28846
31	62	0.21669
31	63	0.22558
31	64	0.2654
31	65	0.3256
31	66	0.24758
31	67	0.25313
31	68	0.16514
31	69	0.17205
31	70	0.20624
31	71	0.2864
31	72	0.17758
31	73	0.19269
31	74	0.14237
31	75	0.21003
31	76	0.25075
31	77	0
32	33	4.1405
32	34	0.70166
32	35	0.59456
32	36	0.33574
32	37	0.28852
32	38	0.45654
32	39	0.26348
32	40	0.25323
32	41	0.38555
32	42	0.42403
32	43	0.39225
32	44	0.42045
32	45	0.31197
32	46	0.24658
32	47	0.27798
32	48	0.23198
32	49	0.22594
32	50	0.14363
32	51	0.24328
32	52	0.22536
32	53	0.22004
32	54	0.32805
32	55	0.24466
32	56	0.24817
32	57	0.40419
32	58	0.3017
32	59	0.23428
32	60	0.28152
32	61	0.15008
32	62	0.11415
32	63	0.18862
32	64	0.14858
32	65	0.17787
32	66	0.13861
32	67	0.21901
32	68	0.1031
32	69	0.23917
32	70	0.12071
32	71	0.16763
32	72	0.11087
32	73	0.21147
32	74	0.17948
32	75	0.016391
32	76	0.11289
32	77	0
33	34	1.4738
33	35	0.72768
33	36	0.55058
33	37	0.51878
33	38	0.68832
33	39	0.39679
33	40	0.32406
33	41	0.42564
33	42	0.55564
33	43	0.52316
33	44	0.41656
33	45	0.38636
33	46	0.33931
33	47	0.3189
33	48	0.20686
33	49	0.18851
33	50	0.26089
33	51	0.11478
33	52	0.30554
33	53	0.3557
33	54	0.42903
33	55	0.28281
33	56	0.29764
33	57	0.20023
33	58	0.25993
33	59	0.36649
33	60	0.28964
33	61	0.12391
33	62	0.20106
33	63	0.17442
33	64	0.09368
33	65	0.1007
33	66	0.21223
33	67	0.12764
33	68	0.063843
33	69	0.1746
33	70	0.1794
33	71	0.23529
33	72	0.21969
33	73	0.18158
33	74	0.19053
33	75	0.1624
33	76	0.40267
33	77	0.19384
34	35	3.0032
34	36	2.3292
34	37	1.5015
34	38	1.3312
34	39	0.72921
34	40	0.5728
34	41	0.35178
34	42	0.34945
34	43	0.32119
34	44	0.29837
34	45	0.13283
34	46	0.21873
34	47	0.12459
34	48	0.24694
34	49	0.40507
34	50	0.25482
34	51	0.19731
34	52	0.22727
34	53	0.20957
34	54	0.20952
34	55	0.086813
34	56	0.15294
34	57	0.20247
34	58	0.22341
34	59	0.078752
34	60	0.18441
34	61	0.26626
34	62	0.31052
34	63	0.34802
34	64	0.24444
34	65	0.18934
34	66	0.1073
34	67	0.27428
34	68	0.23322
34	69	0.25459
34	70	0.17989
34	71	0.25279
34	72	0.32455
34	73	0.13506
34	74	0.2047
34	75	0.34896
34	76	0.31245
34	77	0.20826
35	36	3.4502
35	37	1.5876
35	38	1.4218
35	39	0.68034
35	40	0.45719
35	41	0.30198
35	42	0.3024
35	43	0.28017
35	44	0.20656
35	45	0.11035
35	46	0.18171
35	47	0.24582
35	48	0.22566
35	49	0.34703
35	50	0.24344
35	51	0.15367
35	52	0.19929
35	53	0.24579
35	54	0.13925
35	55	0.16828
35	56	0.15016
35	57	0.11564
35	58	0.1624
35	59	0.17446
35	60	0.18192
35	61	0.24331
35	62	0.31404
35	63	0.34472
35	64	0.29862
35	65	0.17976
35	66	0.20057
35	67	0.17089
35	68	0.30771
35	69	0.1781
35	70	0.32024
35	71	0.17294
35	72	0.25736
35	73	0.099735
35	74	0.28343
35	75	0.30439
35	76	0.19967
35	77	0
36	37	2.8997
36	38	1.6124
36	39	0.85148
36	40	0.50036
36	41	0.3676
36	42	0.27628
36	43	0.17224
36	44	0.2188
36	45	0.13698
36	46	0.21654
36	47	0.038545
36	48	0.28522
36	49	0.25064
36	50	0.25227
36	51	0.27468
36	52	0.16666
36	53	0.13221
36	54	0.046095
36	55	0.07162
36	56	0.22941
36	57	0.1044
36	58	0.24191
36	59	0.1516
36	60	0.095086
36	61	0.36244
36	62	0.49008
36	63	0.37546
36	64	0.24911
36	65	0.13389
36	66	0.15492
36	67	0.27153
36	68	0.30558
36	69	0.35374
36	70	0.26502
36	71	0.11041
36	72	0.13388
36	73	0.16095
36	74	0.24769
36	75	0.48941
36	76	0.31726
36	77	0.17181
37	38	2.4456
37	39	1.3241
37	40	0.64144
37	41	0.34823
37	42	0.29936
37	43	0.19566
37	44	0.35342
37	45	0.10115
37	46	0.077727
37	47	0.15417
37	48	0.23505
37	49	0.35665
37	50	0.21344
37	51	0.28171
37	52	0.19229
37	53	0.17836
37	54	0.085091
37	55	0.16527
37	56	0.13764
37	57	0.15418
37	58	0.15949
37	59	0.069962
37	60	0.15798
37	61	0.29398
37	62	0.32898
37	63	0.26501
37	64	0.32847
37	65	0.13388
37	66	0.14299
37	67	0.30284
37	68	0.33428
37	69	0.23467
37	70	0.23483
37	71	0.23779
37	72	0.35947
37	73	0.13713
37	74	0.38449
37	75	0.50487
37	76	0.29283
37	77	0
38	39	1.9994
38	40	1.1756
38	41	0.50587
38	42	0.55607
38	43	0.34073
38	44	0.24619
38	45	0.23486
38	46	0.16501
38	47	0.20927
38	48	0.31436
38	49	0.24172
38	50	0.30637
38	51	0.14826
38	52	0.29467
38	53	0.17437
38	54	0.26673
38	55	0.13303
38	56	0.21633
38	57	0.19689
38	58	0.24688
38	59	0.17637
38	60	0.24454
38	61	0.34836
38	62	0.35329
38	63	0.26507
38	64	0.26439
38	65	0.21043
38	66	0.16126
38	67	0.12608
38	68	0.32017
38	69	0.199
38	70	0.27263
38	71	0.24188
38	72	0.2817
38	73	0.23349
38	74	0.22198
38	75	0.28381
38	76	0.25497
38	77	0
39	40	3.0112
39	41	0.95107
39	42	0.62329
39	43	0.3377
39	44	0.54774
39	45	0.14964
39	46	0.19712
39	47	0.19883
39	48	0.29673
39	49	0.38977
39	50	0.31576
39	51	0.25931
39	52	0.22757
39	53	0.19442
39	54	0.18882
39	55	0.10866
39	56	0.15663
39	57	0.22808
39	58	0.27265
39	59	0.16757
39	60	0.18177
39	61	0.28994
39	62	0.22306
39	63	0.32168
39	64	0.31315
39	65	0.27423
39	66	0.29212
39	67	0.23688
39	68	0.33999
39	69	0.32201
39	70	0.29915
39	71	0.14518
39	72	0.2659
39	73	0.15778
39	74	0.20498
39	75	0.26207
39	76	0.19855
39	77	0
40	41	2.354
40	42	1.4779
40	43	0.5192
40	44	0.31158
40	45	0.24968
40	46	0.16446
40	47	0.35128
40	48	0.3342
40	49	0.51394
40	50	0.47897
40	51	0.22252
40	52	0.31327
40	53	0.11123
40	54	0.13653
40	55	0.097908
40	56	0.24044
40	57	0.23786
40	58	0.33595
40	59	0.12829
40	60	0.26864
40	61	0.34032
40	62	0.44664
40	63	0.20128
40	64	0.23784
40	65	0.26438
40	66	0.22187
40	67	0.22684
40	68	0.2166
40	69	0.30223
40	70	0.20288
40	71	0.17888
40	72	0.33275
40	73	0.14668
40	74	0.25651
40	75	0.24925
40	76	0.14457
40	77	0.31317
41	42	3.1545
41	43	0.90764
41	44	0.57251
41	45	0.33888
41	46	0.40062
41	47	0.3423
41	48	0.31015
41	49	0.43721
41	50	0.45005
41	51	0.36784
41	52	0.25768
41	53	0.28063
41	54	0.24122
41	55	0.28394
41	56	0.18554
41	57	0.24833
41	58	0.24113
41	59	0.29878
41	60	0.30761
41	61	0.209
41	62	0.25435
41	63	0.19964
41	64	0.19187
41	65	0.29725
41	66	0.33692
41	67	0.15071
41	68	0.27998
41	69	0.12622
41	70	0.21182
41	71	0.24512
41	72	0.15054
41	73	0.30628
41	74	0.20353
41	75	0.054784
41	76	0.15093
41	77	0.65391
42	43	2.3793
42	44	1.1471
42	45	0.71211
42	46	0.44061
42	47	0.54648
42	48	0.36105
42	49	0.40717
42	50	0.38498
42	51	0.42069
42	52	0.29536
42	53	0.37249
42	54	0.32676
42	55	0.31027
42	56	0.25749
42	57	0.29603
42	58	0.24498
42	59	0.3966
42	60	0.21345
42	61	0.20762
42	62	0.27635
42	63	0.13047
42	64	0.30833
42	65	0.35592
42	66	0.31377
42	67	0.22724
42	68	0.14709
42	69	0.10448
42	70	0.11272
42	71	0.2464
42	72	0.20131
42	73	0.38031
42	74	0.23943
42	75	0.22109
42	76	0.28112
42	77	1.015
43	44	3.9739
43	45	1.7494
43	46	1.1757
43	47	0.75343
43	48	0.38494
43	49	0.23135
43	50	0.31504
43	51	0.30492
43	52	0.28505
43	53	0.30482
43	54	0.39043
43	55	0.4822
43	56	0.26905
43	57	0.23127
43	58	0.25519
43	59	0.5362
43	60	0.28499
43	61	0.21468
43	62	0.15966
43	63	0.15829
43	64	0.17004
43	65	0.26171
43	66	0.11536
43	67	0.14743
43	68	0.17698
43	69	0.043215
43	70	0.24865
43	71	0.27177
43	72	0.14274
43	73	0.20973
43	74	0.2054
43	75	0.16882
43	76	0.33591
43	77	1.1195
44	45	3.4823
44	46	1.4887
44	47	0.95049
44	48	0.47954
44	49	0.26688
44	50	0.28276
44	51	0.30104
44	52	0.29422
44	53	0.41038
44	54	0.3565
44	55	0.27294
44	56	0.37028
44	57	0.28084
44	58	0.43384
44	59	0.33498
44	60	0.3709
44	61	0.14773
44	62	0.10487
44	63	0.14853
44	64	0.17551
44	65	0.19509
44	66	0.14884
44	67	0.16739
44	68	0.16745
44	69	0.089212
44	70	0.1711
44	71	0.14851
44	72	0.14733
44	73	0.19983
44	74	0.18172
44	75	0.11617
44	76	0.32004
44	77	0
45	46	5.4623
45	47	1.5753
45	48	0.53525
45	49	0.28141
45	50	0.36821
45	51	0.24673
45	52	0.30875
45	53	0.32886
45	54	0.40368
45	55	0.35382
45	56	0.32454
45	57	0.37978
45	58	0.27937
45	59	0.39391
45	60	0.35871
45	61	0.11838
45	62	0.10505
45	63	0.2083
45	64	0.095894
45	65	0.15033
45	66	0.17891
45	67	0.1067
45	68	0.13724
45	69	0.089363
45	70	0.11426
45	71	0.14876
45	72	0.14758
45	73	0.13344
45	74	0.13652
45	75	0.13576
45	76	0.21372
45	77	0.46298
46	47	3.3902
46	48	0.71112
46	49	0.32128
46	50	0.29849
46	51	0.45743
46	52	0.2958
46	53	0.37305
46	54	0.59995
46	55	0.69208
46	56	0.47503
46	57	0.17294
46	58	0.32713
46	59	0.49969
46	60	0.22502
46	61	0.18194
46	62	0.15815
46	63	0.065333
46	64	0.1965
46	65	0.26404
46	66	0.13093
46	67	0.14726
46	68	0.13392
46	69	0.07848
46	70	0.11289
46	71	0.33386
46	72	0.11521
46	73	0.26368
46	74	0.079929
46	75	0.068128
46	76	0.23462
46	77	0
47	48	2.6775
47	49	1.5705
47	50	0.87669
47	51	0.69425
47	52	0.28959
47	53	0.42413
47	54	0.49513
47	55	0.45254
47	56	0.27541
47	57	0.27705
47	58	0.23292
47	59	0.41052
47	60	0.33646
47	61	0.24983
47	62	0.15483
47	63	0.22328
47	64	0.19488
47	65	0.2256
47	66	0.19578
47	67	0.14297
47	68	0.10012
47	69	0.19557
47	70	0.10717
47	71	0.48059
47	72	0.21532
47	73	0.37549
47	74	0.18496
47	75	0.27286
47	76	0.30069
47	77	0.65137
48	49	4.0805
48	50	1.5059
48	51	0.82561
48	52	0.58441
48	53	0.51966
48	54	0.31173
48	55	0.40662
48	56	0.41372
48	57	0.36608
48	58	0.30007
48	59	0.32546
48	60	0.25722
48	61	0.25309
48	62	0.33478
48	63	0.19915
48	64	0.20204
48	65	0.21239
48	66	0.32151
48	67	0.28338
48	68	0.2041
48	69	0.27688
48	70	0.22304
48	71	0.25811
48	72	0.17071
48	73	0.21087
48	74	0.20304
48	75	0.2019
48	76	0.31786
48	77	0.17214
49	50	2.5804
49	51	1.0032
49	52	0.72754
49	53	0.40741
49	54	0.29591
49	55	0.20844
49	56	0.27098
49	57	0.28953
49	58	0.31947
49	59	0.14459
49	60	0.29301
49	61	0.32715
49	62	0.38898
49	63	0.35163
49	64	0.28024
49	65	0.30943
49	66	0.36372
49	67	0.20918
49	68	0.2325
49	69	0.28386
49	70	0.20689
49	71	0.25202
49	72	0.26252
49	73	0.29249
49	74	0.26598
49	75	0.19221
49	76	0.24441
49	77	0.35296
50	51	3.1027
50	52	1.0553
50	53	0.73601
50	54	0.46463
50	55	0.25915
50	56	0.35576
50	57	0.56124
50	58	0.35728
50	59	0.2127
50	60	0.24576
50	61	0.39741
50	62	0.38
50	63	0.33108
50	64	0.42923
50	65	0.34605
50	66	0.35465
50	67	0.26902
50	68	0.28082
50	69	0.28571
50	70	0.16439
50	71	0.19024
50	72	0.23907
50	73	0.19199
50	74	0.23279
50	75	0.26787
50	76	0.1845
50	77	0
51	52	2.762
51	53	1.3433
51	54	0.68032
51	55	0.53749
51	56	0.49354
51	57	0.47009
51	58	0.49565
51	59	0.5851
51	60	0.36155
51	61	0.38464
51	62	0.36779
51	63	0.23205
51	64	0.26113
51	65	0.21212
51	66	0.35433
51	67	0.26038
51	68	0.24915
51	69	0.24335
51	70	0.20154
51	71	0.23323
51	72	0.21921
51	73	0.23538
51	74	0.16898
51	75	0.15844
51	76	0.21825
51	77	0
52	53	3.1988
52	54	1.157
52	55	0.59923
52	56	0.51707
52	57	0.59896
52	58	0.6373
52	59	0.32172
52	60	0.48708
52	61	0.39382
52	62	0.4108
52	63	0.3281
52	64	0.25521
52	65	0.38865
52	66	0.29476
52	67	0.19705
52	68	0.17393
52	69	0.23783
52	70	0.14119
52	71	0.22623
52	72	0.24938
52	73	0.26636
52	74	0.13841
52	75	0.20646
52	76	0.12189
52	77	0.17602
53	54	3.5965
53	55	1.0508
53	56	0.69992
53	57	0.7519
53	58	0.54159
53	59	0.49826
53	60	0.28535
53	61	0.26367
53	62	0.25626
53	63	0.33139
53	64	0.29665
53	65	0.21206
53	66	0.26566
53	67	0.28293
53	68	0.13586
53	69	0.13269
53	70	0.20148
53	71	0.24543
53	72	0.15827
53	73	0.26007
53	74	0.13515
53	75	0.11519
53	76	0.19835
53	77	0.34373
54	55	4.3565
54	56	1.1441
54	57	0.6153
54	58	0.52226
54	59	0.49092
54	60	0.42032
54	61	0.14938
54	62	0.18937
54	63	0.18775
54	64	0.16134
54	65	0.24028
54	66	0.27593
54	67	0.15388
54	68	0.14111
54	69	0.11276
54	70	0.096122
54	71	0.26419
54	72	0.096561
54	73	0.23855
54	74	0.10209
54	75	0.081574
54	76	0.22474
54	77	0.38947
55	56	2.6665
55	57	0.8825
55	58	0.60861
55	59	0.78821
55	60	0.48004
55	61	0.16763
55	62	0.18308
55	63	0.12965
55	64	0.083561
55	65	0.15719
55	66	0.35078
55	67	0.25238
55	68	0.18603
55	69	0.077871
55	70	0.1618
55	71	0.36007
55	72	0.1286
55	73	0.2471
55	74	0.10575
55	75	0.033799
55	76	0.13968
55	77	0.40344
56	57	3.8632
56	58	1.1437
56	59	1.0262
56	60	0.82602
56	61	0.30977
56	62	0.27645
56	63	0.33638
56	64	0.28104
56	65	0.32728
56	66	0.32459
56	67	0.22975
56	68	0.2043
56	69	0.13719
56	70	0.14352
56	71	0.27681
56	72	0.1785
56	73	0.32126
56	74	0.16512
56	75	0.17864
56	76	0.26845
56	77	0.19384
57	58	2.9926
57	59	0.96733
57	60	0.79086
57	61	0.59771
57	62	0.36598
57	63	0.47625
57	64	0.46286
57	65	0.3437
57	66	0.30679
57	67	0.2672
57	68	0.20918
57	69	0.23837
57	70	0.15239
57	71	0.21414
57	72	0.21245
57	73	0.25425
57	74	0.19653
57	75	0.17737
57	76	0.22397
57	77	0.17642
58	59	2.65
58	60	1.1528
58	61	0.75908
58	62	0.53003
58	63	0.53802
58	64	0.43008
58	65	0.42982
58	66	0.22568
58	67	0.32047
58	68	0.23082
58	69	0.16282
58	70	0.20419
58	71	0.20849
58	72	0.20684
58	73	0.28055
58	74	0.31891
58	75	0.19571
58	76	0.2696
58	77	0
59	60	3.4837
59	61	0.57316
59	62	0.26098
59	63	0.39988
59	64	0.36638
59	65	0.33273
59	66	0.45963
59	67	0.25304
59	68	0.14465
59	69	0.15305
59	70	0.19193
59	71	0.39196
59	72	0.12962
59	73	0.22416
59	74	0.1319
59	75	0.13797
59	76	0.27454
59	77	1.0979
60	61	2.0851
60	62	1.1667
60	63	0.80557
60	64	0.64345
60	65	0.6887
60	66	0.5071
60	67	0.37034
60	68	0.23286
60	69	0.24812
60	70	0.1388
60	71	0.41303
60	72	0.31871
60	73	0.31263
60	74	0.22112
60	75	0.22886
60	76	0.31526
60	77	0.48206
61	62	3.3449
61	63	2.1711
61	64	1.0764
61	65	0.96422
61	66	0.40642
61	67	0.56219
61	68	0.44013
61	69	0.63289
61	70	0.49241
61	71	0.26504
61	72	0.53904
61	73	0.25411
61	74	0.32837
61	75	0.29544
61	76	0.34272
61	77	0.1856
62	63	3.1333
62	64	1.5074
62	65	0.91674
62	66	0.43642
62	67	0.53296
62	68	0.61994
62	69	0.60551
62	70	0.48776
62	71	0.28223
62	72	0.38666
62	73	0.31195
62	74	0.53036
62	75	0.615
62	76	0.28239
62	77	0.37645
63	64	1.9842
63	65	1.2482
63	66	0.4447
63	67	0.82333
63	68	0.74986
63	69	0.61234
63	70	0.65631
63	71	0.41306
63	72	0.37014
63	73	0.38997
63	74	0.45245
63	75	0.5472
63	76	0.43074
63	77	0
64	65	3.8663
64	66	1.0199
64	67	1.1088
64	68	0.97715
64	69	0.59328
64	70	0.89052
64	71	0.25763
64	72	0.38339
64	73	0.37556
64	74	0.34153
64	75	0.40306
64	76	0.34702
64	77	0.40092
65	66	3.6066
65	67	1.5892
65	68	0.78247
65	69	0.59443
65	70	0.53514
65	71	0.41734
65	72	0.65445
65	73	0.35325
65	74	0.42008
65	75	0.4423
65	76	0.26112
65	77	0.56565
66	67	2.5366
66	68	0.93617
66	69	0.86626
66	70	0.48459
66	71	0.48067
66	72	0.27817
66	73	0.45814
66	74	0.36761
66	75	0.21933
66	76	0.49637
66	77	0.561
67	68	3.4004
67	69	1.7837
67	70	1.1914
67	71	0.91463
67	72	0.56882
67	73	0.49597
67	74	0.52619
67	75	0.59266
67	76	0.59575
67	77	0
68	69	3.4332
68	70	1.7111
68	71	0.57355
68	72	1.0703
68	73	0.46858
68	74	0.91489
68	75	0.73707
68	76	0.55182
68	77	0.19126
69	70	3.9419
69	71	1.0404
69	72	1.0189
69	73	0.74035
69	74	0.83239
69	75	0.87643
69	76	0.51742
69	77	0.37361
70	71	1.8931
70	72	1.7766
70	73	0.99397
70	74	1.1621
70	75	0.93052
70	76	0.80631
70	77	0.35829
71	72	3.5832
71	73	2.4947
71	74	0.89659
71	75	0.74683
71	76	0.88524
71	77	0
72	73	3.2012
72	74	1.2803
72	75	1.3612
72	76	0.9257
72	77	0.82268
73	74	2.9887
73	75	1.5249
73	76	2.1007
73	77	1.6737
74	75	4.1762
74	76	2.2836
74	77	1.1415
75	76	4.0144
75	77	1.7027
76	77	13.068
