1	2	5.1005
1	3	1.8593
1	4	1.6886
1	5	1.3953
1	6	0.92054
1	7	0.68116
1	8	1.1506
1	9	0.46881
1	10	0.18879
1	11	0.72757
1	12	0.503
1	13	0.62479
1	14	0.31572
1	15	0.30724
1	16	0.21073
1	17	0.77868
1	18	0.70989
1	19	0.71512
1	20	0.61757
1	21	0.50547
1	22	0.55453
1	23	0.17148
1	24	0
1	25	0.29604
1	26	0.32192
1	27	0.1938
1	28	0.18325
1	29	0.30864
1	30	0.26897
1	31	0.087865
1	32	0.2814
1	33	0.08002
1	34	0.22021
1	35	0.77249
1	36	0.24476
1	37	0.6456
1	38	0.6899
1	39	0.43851
1	40	0.51296
1	41	0.14112
1	42	0.071817
1	43	0.54849
1	44	0.29743
1	45	0.081811
1	46	0.37153
1	47	0.62196
1	48	0.30101
1	49	0.66734
1	50	0.51499
1	51	0.55639
1	52	0.40976
1	53	0.22293
1	54	0.07644
1	55	0.075492
1	56	0.13626
1	57	0.29771
1	58	0.41764
1	59	0.14166
1	60	0.18598
1	61	0.21822
1	62	0.14751
1	63	0.14597
1	64	0.39929
1	65	0.2456
1	66	0.50333
1	67	0.2456
1	68	0.43025
1	69	0.17911
1	70	0.1608
1	71	0.47326
1	72	0.41419
1	73	0.13448
1	74	0
1	75	0.077185
1	76	0.20779
1	77	0.089859
1	78	0
1	79	0.078825
1	80	0.18842
1	81	0.16808
1	82	0.092197
1	83	0.081755
1	84	0.32374
1	85	0.059974
1	86	0.28796
1	87	0.35898
1	88	0.2193
1	89	0.36017
1	90	0
1	91	0.24956
1	92	0
1	93	0.20652
1	94	0.43339
1	95	0.28056
1	96	0
1	97	0
2	3	8.0991
2	4	2.0479
2	5	2.0231
2	6	1.5572
2	7	1.1883
2	8	0.60823
2	9	0.68401
2	10	0.47905
2	11	0.46154
2	12	0.5318
2	13	0.44589
2	14	0.37552
2	15	0.63343
2	16	0.31192
2	17	0.61746
2	18	0.57542
2	19	0.42844
2	20	0.30781
2	21	0.32065
2	22	0.47741
2	23	0.40792
2	24	0.43977
2	25	0.30517
2	26	0.43396
2	27	0.43028
2	28	0.26156
2	29	0.22026
2	30	0.31281
2	31	0.41803
2	32	0.38676
2	33	0.17766
2	34	0.5937
2	35	0.40837
2	36	0.18114
2	37	0.10239
2	38	0.082059
2	39	0.25036
2	40	0.11621
2	41	0.29094
2	42	0.50114
2	43	0.27338
2	44	0.23585
2	45	0.077847
2	46	0.20622
2	47	0.16909
2	48	0.19095
2	49	0.23519
2	50	0.081673
2	51	0.10084
2	52	0.12997
2	53	0.09428
2	54	0.12123
2	55	0.2155
2	56	0.21609
2	57	0.18886
2	58	0.17662
2	59	0.2696
2	60	0.13764
2	61	0.20765
2	62	0.14037
2	63	0.1389
2	64	0.12665
2	65	0.051934
2	66	0.13684
2	67	0.12983
2	68	0.24564
2	69	0.085215
2	70	0.076503
2	71	0.10007
2	72	0.15765
2	73	0.21328
2	74	0.14737
2	75	0.073445
2	76	0.13181
2	77	0.14251
2	78	0.18886
2	79	0.17501
2	80	0.20917
2	81	0.29322
2	82	0.2047
2	83	0
2	84	0.14376
2	85	0.20925
2	86	0.022834
2	87	0.13663
2	88	0.069557
2	89	0.13709
2	90	0.0972
2	91	0.15831
2	92	0.096125
2	93	0.49128
2	94	0.13746
2	95	0.22247
2	96	0.22531
2	97	0.3378
3	4	4.3597
3	5	3.4755
3	6	2.0909
3	7	1.1945
3	8	1.0377
3	9	0.62012
3	10	0.5108
3	11	0.53119
3	12	0.57965
3	13	0.51653
3	14	0.52202
3	15	0.36946
3	16	0.359
3	17	0.56182
3	18	0.33197
3	19	0.47774
3	20	0.26522
3	21	0.17367
3	22	0.35723
3	23	0.30931
3	24	0.36778
3	25	0.26699
3	26	0.29034
3	27	0.37869
3	28	0.38564
3	29	0.41753
3	30	0.59296
3	31	0.44905
3	32	0.084595
3	33	0.52923
3	34	0.52961
3	35	0.41286
3	36	0.14716
3	37	0.16982
3	38	0.2074
3	39	0.079097
3	40	0.2203
3	41	0.25454
3	42	0.47498
3	43	0.18845
3	44	0.17883
3	45	0.19676
3	46	0.13961
3	47	0.10684
3	48	0.11312
3	49	0.13375
3	50	0.15482
3	51	0.14337
3	52	0.073911
3	53	0.15638
3	54	0.068939
3	55	0.13617
3	56	0.26626
3	57	0.13425
3	58	0.12555
3	59	0.19164
3	60	0.1491
3	61	0.13121
3	62	0.19956
3	63	0.15359
3	64	0.14404
3	65	0.098446
3	66	0.064849
3	67	0.073835
3	68	0.051738
3	69	0.053845
3	70	0.12085
3	71	0.071137
3	72	0.024903
3	73	0.16172
3	74	0.093118
3	75	0.023204
3	76	0.041644
3	77	0.13507
3	78	0.17901
3	79	0.07109
3	80	0.14161
3	81	0.20212
3	82	0.36032
3	83	0.14747
3	84	0.058395
3	85	0.10818
3	86	0.12985
3	87	0.064751
3	88	0.087902
3	89	0.043311
3	90	0.092127
3	91	0.050016
3	92	0.091108
3	93	0.27938
3	94	0.13029
3	95	0.33738
3	96	0.071185
3	97	0.64034
4	5	7.0587
4	6	1.6509
4	7	0.90252
4	8	1.0163
4	9	0.58727
4	10	0.54576
4	11	0.87637
4	12	0.4443
4	13	0.58324
4	14	0.43733
4	15	0.55512
4	16	0.50767
4	17	0.37517
4	18	0.45604
4	19	0.40197
4	20	0.34005
4	21	0.45229
4	22	0.32443
4	23	0.28917
4	24	0.13753
4	25	0.14263
4	26	0.23266
4	27	0.1634
4	28	0.17659
4	29	0.35317
4	30	0.30238
4	31	0.16934
4	32	0.24856
4	33	0.19277
4	34	0.2122
4	35	0.16542
4	36	0.25551
4	37	0.36937
4	38	0.062325
4	39	0.33805
4	40	0.22949
4	41	0.22097
4	42	0.44982
4	43	0.22652
4	44	0.2687
4	45	0.21679
4	46	0.15663
4	47	0.19264
4	48	0.16316
4	49	0.23221
4	50	0.12406
4	51	0.13404
4	52	0.19743
4	53	0.21482
4	54	0.16573
4	55	0.21824
4	56	0.24619
4	57	0.1793
4	58	0.11738
4	59	0.15357
4	60	0.13441
4	61	0.05257
4	62	0.15992
4	63	0.15824
4	64	0.17314
4	65	0.23667
4	66	0.20786
4	67	0.1775
4	68	0.18657
4	69	0.15102
4	70	0.19368
4	71	0.17102
4	72	0.059868
4	73	0.097193
4	74	0.16789
4	75	0.20454
4	76	0.10011
4	77	0.08659
4	78	0.18443
4	79	0.094945
4	80	0.15887
4	81	0.16197
4	82	0.13326
4	83	0.098475
4	84	0.12479
4	85	0.028896
4	86	0.034686
4	87	0.086478
4	88	0.088049
4	89	0.12147
4	90	0.18456
4	91	0.1002
4	92	0.12168
4	93	0.27363
4	94	0.15661
4	95	0.033795
4	96	0.22817
4	97	0
5	6	5.3401
5	7	1.5641
5	8	0.71845
5	9	0.74789
5	10	0.47915
5	11	0.67832
5	12	0.48632
5	13	0.47194
5	14	0.47695
5	15	0.18566
5	16	0.3226
5	17	0.31997
5	18	0.43851
5	19	0.55697
5	20	0.19192
5	21	0.29672
5	22	0.34467
5	23	0.14507
5	24	0.21685
5	25	0.26834
5	26	0.25289
5	27	0.28106
5	28	0.24362
5	29	0.22381
5	30	0.32506
5	31	0.1699
5	32	0.31741
5	33	0.27078
5	34	0.45244
5	35	0.24896
5	36	0.27609
5	37	0.3121
5	38	0.29183
5	39	0.19079
5	40	0.23026
5	41	0.23877
5	42	0.32982
5	43	0.24622
5	44	0.23365
5	45	0.19775
5	46	0.20206
5	47	0.12886
5	48	0.23646
5	49	0.21507
5	50	0.26971
5	51	0.17291
5	52	0.19809
5	53	0.1437
5	54	0.14781
5	55	0.18247
5	56	0.19761
5	57	0.10794
5	58	0.10095
5	59	0.22257
5	60	0.11988
5	61	0.14066
5	62	0.21394
5	63	0.2117
5	64	0.11582
5	65	0.19788
5	66	0.15642
5	67	0.13852
5	68	0.104
5	69	0.064939
5	70	0.097167
5	71	0.095327
5	72	0.12014
5	73	0.16253
5	74	0.13102
5	75	0.18657
5	76	0.16741
5	77	0.06516
5	78	0.14393
5	79	0.15242
5	80	0.1594
5	81	0.16251
5	82	0.13371
5	83	0.019761
5	84	0.15651
5	85	0.086979
5	86	0.052203
5	87	0.10412
5	88	0.035338
5	89	0.087058
5	90	0.074073
5	91	0.10054
5	92	0.14651
5	93	0.099837
5	94	0.26189
5	95	0.067816
5	96	0.11447
5	97	0.51485
6	7	4.6185
6	8	1.8076
6	9	1.256
6	10	0.67906
6	11	0.74771
6	12	0.64467
6	13	0.75556
6	14	0.39159
6	15	0.59067
6	16	0.50533
6	17	0.23179
6	18	0.25436
6	19	0.31537
6	20	0.2845
6	21	0.4299
6	22	0.39302
6	23	0.61679
6	24	0.30347
6	25	0.29375
6	26	0.25953
6	27	0.40863
6	28	0.27275
6	29	0.34453
6	30	0.26688
6	31	0.37053
6	32	0.32575
6	33	0.3176
6	34	0.35507
6	35	0.23421
6	36	0.16191
6	37	0.12011
6	38	0.12835
6	39	0.065267
6	40	0.10907
6	41	0.15752
6	42	0.33849
6	43	0.11662
6	44	0.16601
6	45	0.22324
6	46	0.13824
6	47	0.1102
6	48	0.112
6	49	0.23912
6	50	0.17033
6	51	0.15774
6	52	0.14231
6	53	0.1106
6	54	0.18962
6	55	0.18727
6	56	0.2197
6	57	0.22155
6	58	0.034534
6	59	0.14056
6	60	0.09227
6	61	0.072177
6	62	0.16467
6	63	0.21726
6	64	0.079239
6	65	0.020308
6	66	0.12486
6	67	0.081233
6	68	0.042692
6	69	0.066645
6	70	0.079776
6	71	0.078265
6	72	0.14384
6	73	0.13344
6	74	0.096045
6	75	0.019147
6	76	0.051544
6	77	0.20062
6	78	0.16881
6	79	0.05866
6	80	0.11685
6	81	0.18763
6	82	0.25158
6	83	0.26364
6	84	0.16062
6	85	0.074387
6	86	0.14287
6	87	0.01781
6	88	0.090665
6	89	0.053607
6	90	0.057014
6	91	0.082542
6	92	0.17541
6	93	0.12807
6	94	0.10751
6	95	0.1044
6	96	0.64612
6	97	0.52838
7	8	5.0687
7	9	2.7623
7	10	1.2475
7	11	1.4023
7	12	1.0156
7	13	0.6236
7	14	0.56503
7	15	0.50757
7	16	0.27077
7	17	0.45024
7	18	0.28233
7	19	0.54693
7	20	0.29149
7	21	0.4374
7	22	0.41442
7	23	0.35411
7	24	0.31438
7	25	0.20378
7	26	0.15511
7	27	0.40019
7	28	0.45411
7	29	0.25494
7	30	0.34559
7	31	0.16935
7	32	0.25826
7	33	0.17626
7	34	0.27284
7	35	0.30722
7	36	0.044927
7	37	0.24441
7	38	0.11872
7	39	0.14489
7	40	0.18159
7	41	0.15542
7	42	0.25706
7	43	0.17259
7	44	0.24568
7	45	0.24778
7	46	0.076721
7	47	0.12232
7	48	0.082879
7	49	0.12249
7	50	0.11816
7	51	0.13131
7	52	0.13539
7	53	0.16368
7	54	0.12628
7	55	0.16628
7	56	0.16882
7	57	0.22542
7	58	0.22998
7	59	0.097512
7	60	0.10241
7	61	0.18025
7	62	0.081232
7	63	0.12057
7	64	0.065963
7	65	0.067623
7	66	0.13858
7	67	0.20287
7	68	0.071078
7	69	0.12329
7	70	0.06641
7	71	0.043435
7	72	0.11404
7	73	0.037028
7	74	0.042642
7	75	0.10626
7	76	0.11442
7	77	0.17319
7	78	0.23421
7	79	0.15192
7	80	0.15563
7	81	0.20825
7	82	0.076155
7	83	0.13506
7	84	0.12479
7	85	0.099078
7	86	0.079286
7	87	0.13837
7	88	0.10063
7	89	0.079335
7	90	0.042188
7	91	0.068713
7	92	0.055629
7	93	0.11372
7	94	0.17899
7	95	0.34762
7	96	0.32598
7	97	0
8	9	4.7313
8	10	2.2829
8	11	2.1028
8	12	0.93573
8	13	0.78092
8	14	0.58733
8	15	0.50012
8	16	0.26136
8	17	0.32593
8	18	0.25679
8	19	0.33259
8	20	0.41031
8	21	0.30225
8	22	0.38685
8	23	0.35888
8	24	0.18966
8	25	0.20652
8	26	0.39301
8	27	0.24786
8	28	0.2983
8	29	0.17943
8	30	0.39612
8	31	0.20432
8	32	0.21812
8	33	0.26051
8	34	0.51208
8	35	0.15968
8	36	0.1328
8	37	0.18766
8	38	0.18048
8	39	0.081577
8	40	0.11928
8	41	0.2133
8	42	0.3173
8	43	0.21865
8	44	0.12104
8	45	0.20927
8	46	0.10799
8	47	0.10331
8	48	0.12249
8	49	0.15518
8	50	0.11976
8	51	0.24028
8	52	0.15246
8	53	0.20736
8	54	0.26663
8	55	0.1931
8	56	0.17427
8	57	0.34615
8	58	0.14568
8	59	0.19765
8	60	0.12974
8	61	0.18607
8	62	0.13721
8	63	0.067889
8	64	0.1857
8	65	0.095187
8	66	0.20065
8	67	0.038075
8	68	0.06003
8	69	0.20825
8	70	0.16826
8	71	0.11005
8	72	0.17337
8	73	0.172
8	74	0.054021
8	75	0.16154
8	76	0.08053
8	77	0.12538
8	78	0.059342
8	79	0.20163
8	80	0.15335
8	81	0.23451
8	82	0.1072
8	83	0.057034
8	84	0.060226
8	85	0.069732
8	86	0.083704
8	87	0.066781
8	88	0
8	89	0.16751
8	90	0.017815
8	91	0.15475
8	92	0.11746
8	93	0.24012
8	94	0.10078
8	95	0.29359
8	96	0.49556
8	97	0.24766
9	10	7.1265
9	11	2.0563
9	12	1.3535
9	13	0.79918
9	14	0.62819
9	15	0.64626
9	16	0.28752
9	17	0.28331
9	18	0.21524
9	19	0.30716
9	20	0.32099
9	21	0.32841
9	22	0.45036
9	23	0.35095
9	24	0.33383
9	25	0.18513
9	26	0.25622
9	27	0.33052
9	28	0.18752
9	29	0.31583
9	30	0.28543
9	31	0.23976
9	32	0.27729
9	33	0.40032
9	34	0.45068
9	35	0.19518
9	36	0.12987
9	37	0.18351
9	38	0.13727
9	39	0.11966
9	40	0.083318
9	41	0.24067
9	42	0.13065
9	43	0.053454
9	44	0.186
9	45	0.055811
9	46	0.10561
9	47	0.14143
9	48	0.1369
9	49	0.16861
9	50	0.13663
9	51	0.054224
9	52	0.13045
9	53	0.11829
9	54	0.17382
9	55	0.068667
9	56	0.29436
9	57	0.11847
9	58	0.20577
9	59	0.16107
9	60	0.21146
9	61	0.066164
9	62	0.10063
9	63	0.16597
9	64	0.072638
9	65	0.1117
9	66	0.11446
9	67	0.05585
9	68	0.078271
9	69	0.10182
9	70	0.054848
9	71	0.053809
9	72	0.11302
9	73	0.19878
9	74	0.15848
9	75	0.10531
9	76	0.126
9	77	0.14304
9	78	0.096717
9	79	0.053774
9	80	0.12854
9	81	0.095553
9	82	0.23062
9	83	0.092955
9	84	0.058895
9	85	0.081828
9	86	0.049112
9	87	0
9	88	0.049868
9	89	0.049142
9	90	0.069686
9	91	0.13242
9	92	0.20675
9	93	0.14089
9	94	0.14783
9	95	0.2233
9	96	0.053845
9	97	0.72655
10	11	5.687
10	12	1.7465
10	13	0.96549
10	14	0.66858
10	15	0.61546
10	16	0.46636
10	17	0.35654
10	18	0.30698
10	19	0.21829
10	20	0.26257
10	21	0.36369
10	22	0.36272
10	23	0.43183
10	24	0.56015
10	25	0.30498
10	26	0.33165
10	27	0.31057
10	28	0.39856
10	29	0.3003
10	30	0.28735
10	31	0.24138
10	32	0.408
10	33	0.43966
10	34	0.42852
10	35	0.2751
10	36	0.14942
10	37	0.12932
10	38	0.098714
10	39	0.1807
10	40	0.15099
10	41	0.12923
10	42	0.26306
10	43	0.071754
10	44	0.18725
10	45	0.11238
10	46	0.2339
10	47	0.081364
10	48	0.10337
10	49	0.084876
10	50	0.01965
10	51	0.05459
10	52	0.037524
10	53	0.085062
10	54	0.069999
10	55	0.15555
10	56	0.23396
10	57	0.11927
10	58	0.063742
10	59	0.12973
10	60	0.11354
10	61	0.18318
10	62	0.10131
10	63	0.1838
10	64	0.14626
10	65	0.056227
10	66	0.098768
10	67	0.018742
10	68	0.078799
10	69	0.020502
10	70	0.092031
10	71	0.036115
10	72	0.11379
10	73	0.10776
10	74	0.08864
10	75	0.088352
10	76	0.079282
10	77	0.061716
10	78	0.09737
10	79	0.090228
10	80	0.19411
10	81	0.30784
10	82	0.27439
10	83	0.074866
10	84	0.16306
10	85	0.054921
10	86	0.11537
10	87	0.032873
10	88	0.06694
10	89	0.032982
10	90	0.070157
10	91	0.076177
10	92	0.092508
10	93	0.14184
10	94	0
10	95	0.19269
10	96	0.43367
10	97	0.48764
11	12	3.2967
11	13	1.5356
11	14	1.0147
11	15	0.42597
11	16	0.30102
11	17	0.6085
11	18	0.57661
11	19	0.66097
11	20	0.28911
11	21	0.43686
11	22	0.37942
11	23	0.36742
11	24	0.28783
11	25	0.2985
11	26	0.18259
11	27	0.24426
11	28	0.11549
11	29	0.29176
11	30	0.47461
11	31	0.24364
11	32	0.2128
11	33	0.18154
11	34	0.30531
11	35	0.54091
11	36	0.24679
11	37	0.1424
11	38	0.32608
11	39	0.37583
11	40	0.25861
11	41	0.26679
11	42	0.21724
11	43	0.27653
11	44	0.09372
11	45	0.37121
11	46	0.093654
11	47	0.15678
11	48	0.17073
11	49	0.2056
11	50	0.15146
11	51	0.30054
11	52	0.14461
11	53	0.14986
11	54	0.17342
11	55	0.11418
11	56	0.18891
11	57	0.18762
11	58	0.15792
11	59	0.12499
11	60	0.078137
11	61	0.055009
11	62	0.18593
11	63	0.055195
11	64	0.10065
11	65	0.14446
11	66	0.19938
11	67	0.24765
11	68	0.13015
11	69	0.1806
11	70	0.16213
11	71	0.079533
11	72	0.16705
11	73	0.1017
11	74	0.1952
11	75	0.097284
11	76	0.17459
11	77	0.090607
11	78	0.085771
11	79	0.21857
11	80	0.094991
11	81	0.063554
11	82	0.16269
11	83	0.10304
11	84	0.097931
11	85	0.075591
11	86	0.036295
11	87	0.072392
11	88	0.073707
11	89	0.16343
11	90	0.096562
11	91	0.12582
11	92	0.22919
11	93	0.078089
11	94	0.16387
11	95	0.21217
11	96	0.11938
11	97	0
12	13	5.4623
12	14	1.3962
12	15	0.734
12	16	0.54272
12	17	0.55412
12	18	0.32074
12	19	0.33926
12	20	0.287
12	21	0.42577
12	22	0.43488
12	23	0.33122
12	24	0.34823
12	25	0.316
12	26	0.29454
12	27	0.35462
12	28	0.37259
12	29	0.29807
12	30	0.32812
12	31	0.37515
12	32	0.47677
12	33	0.32539
12	34	0.42534
12	35	0.19196
12	36	0.099528
12	37	0.14767
12	38	0.17534
12	39	0.10699
12	40	0.16389
12	41	0.11477
12	42	0.26283
12	43	0.19118
12	44	0.18142
12	45	0.21624
12	46	0.094423
12	47	0.090325
12	48	0.076501
12	49	0.19598
12	50	0.087256
12	51	0.11312
12	52	0.16662
12	53	0.10576
12	54	0.10879
12	55	0.16884
12	56	0.16622
12	57	0.13619
12	58	0.16983
12	59	0.24482
12	60	0.10084
12	61	0.16268
12	62	0.17995
12	63	0.11872
12	64	0.09742
12	65	0.13316
12	66	0.10234
12	67	0.16645
12	68	0.10497
12	69	0.12746
12	70	0.065386
12	71	0.048111
12	72	0.1179
12	73	0.13671
12	74	0.094466
12	75	0.078466
12	76	0.14082
12	77	0.27405
12	78	0.06918
12	79	0.096159
12	80	0.17239
12	81	0.2563
12	82	0.2062
12	83	0.066489
12	84	0.10532
12	85	0.073163
12	86	0.058548
12	87	0.043792
12	88	0.029725
12	89	0.10252
12	90	0.09346
12	91	0.11839
12	92	0.1027
12	93	0.16796
12	94	0.044058
12	95	0.085566
12	96	0.52958
12	97	0.43307
13	14	3.4086
13	15	1.353
13	16	0.65195
13	17	0.73746
13	18	0.65737
13	19	0.40635
13	20	0.35092
13	21	0.49239
13	22	0.43514
13	23	0.4872
13	24	0.4171
13	25	0.22429
13	26	0.3811
13	27	0.29366
13	28	0.32975
13	29	0.3946
13	30	0.50945
13	31	0.36614
13	32	0.35533
13	33	0.3486
13	34	0.27112
13	35	0.24386
13	36	0.24725
13	37	0.15285
13	38	0.19601
13	39	0.19934
13	40	0.11104
13	41	0.12028
13	42	0.17684
13	43	0.059366
13	44	0.14084
13	45	0.18595
13	46	0.12315
13	47	0.16829
13	48	0.14254
13	49	0.098312
13	50	0.065031
13	51	0.19572
13	52	0.1397
13	53	0.14075
13	54	0.13031
13	55	0.071495
13	56	0.16776
13	57	0.14097
13	58	0.21095
13	59	0.18783
13	60	0.2231
13	61	0.124
13	62	0.1397
13	63	0.1106
13	64	0.13613
13	65	0.077533
13	66	0.10896
13	67	0.062027
13	68	0.16299
13	69	0.050888
13	70	0.13706
13	71	0.10458
13	72	0.12552
13	73	0.12736
13	74	0.088004
13	75	0.10234
13	76	0.065595
13	77	0.13616
13	78	0.1289
13	79	0.029861
13	80	0.19628
13	81	0.12735
13	82	0.1397
13	83	0.061941
13	84	0.085849
13	85	0.12496
13	86	0.054544
13	87	0.054395
13	88	0.041537
13	89	0.095509
13	90	0.043534
13	91	0.12605
13	92	0.19134
13	93	0.11735
13	94	0.082089
13	95	0.31885
13	96	0.089701
13	97	0.40345
14	15	4.0141
14	16	1.7346
14	17	1.5502
14	18	0.90594
14	19	0.53236
14	20	0.42221
14	21	0.58056
14	22	0.40944
14	23	0.44314
14	24	0.53082
14	25	0.43919
14	26	0.36975
14	27	0.50082
14	28	0.31572
14	29	0.29541
14	30	0.34325
14	31	0.47095
14	32	0.28729
14	33	0.29104
14	34	0.33723
14	35	0.2136
14	36	0.18741
14	37	0.18538
14	38	0.14857
14	39	0.13431
14	40	0.070138
14	41	0.12156
14	42	0.27495
14	43	0.22499
14	44	0.14234
14	45	0.078304
14	46	0.12446
14	47	0.11906
14	48	0.057621
14	49	0.17033
14	50	0.14787
14	51	0.060861
14	52	0.18825
14	53	0.1138
14	54	0.13169
14	55	0.086707
14	56	0.19563
14	57	0.099731
14	58	0.22652
14	59	0.2305
14	60	0.15427
14	61	0.18102
14	62	0.16943
14	63	0.13972
14	64	0.045861
14	65	0.047015
14	66	0.082585
14	67	0.12537
14	68	0.016472
14	69	0.12
14	70	0.076952
14	71	0.075495
14	72	0.111
14	73	0.18021
14	74	0.074117
14	75	0.059101
14	76	0.10607
14	77	0.22362
14	78	0.11398
14	79	0.10562
14	80	0.14427
14	81	0.22523
14	82	0.24708
14	83	0.07825
14	84	0.074367
14	85	0.11481
14	86	0.13781
14	87	0.04123
14	88	0.18191
14	89	0.068946
14	90	0.073328
14	91	0.11147
14	92	0.13536
14	93	0.13837
14	94	0.082962
14	95	0.080561
14	96	0.22664
14	97	0
15	16	4.8941
15	17	2.4515
15	18	0.9404
15	19	0.59208
15	20	0.29583
15	21	0.30939
15	22	0.42797
15	23	0.63889
15	24	0.48619
15	25	0.38604
15	26	0.26987
15	27	0.43322
15	28	0.37552
15	29	0.24436
15	30	0.26723
15	31	0.24552
15	32	0.22716
15	33	0.26832
15	34	0.30767
15	35	0.23984
15	36	0.15199
15	37	0.1353
15	38	0.11245
15	39	0.16338
15	40	0.10921
15	41	0.24974
15	42	0.21406
15	43	0.14597
15	44	0.11081
15	45	0.12192
15	46	0.086513
15	47	0.14897
15	48	0.12617
15	49	0.15194
15	50	0.095937
15	51	0.074034
15	52	0.12213
15	53	0.083059
15	54	0.085438
15	55	0.18282
15	56	0.10153
15	57	0.15251
15	58	0.077801
15	59	0.065975
15	60	0.16168
15	61	0.17616
15	62	0.2748
15	63	0.13596
15	64	0.059506
15	65	0.030502
15	66	0.080369
15	67	0.13726
15	68	0.06412
15	69	0.033366
15	70	0.044932
15	71	0.13224
15	72	0.077159
15	73	0.11274
15	74	0.043276
15	75	0.11503
15	76	0.05161
15	77	0.11718
15	78	0.14262
15	79	0.11747
15	80	0.2106
15	81	0.1409
15	82	0.22328
15	83	0.091379
15	84	0.096495
15	85	0.18993
15	86	0.093877
15	87	0.053498
15	88	0.040852
15	89	0.067096
15	90	0.042816
15	91	0.077483
15	92	0.094094
15	93	0.19236
15	94	0.1211
15	95	0.1568
15	96	0.17644
15	97	0
16	17	5.5584
16	18	2.6204
16	19	0.56854
16	20	0.72145
16	21	0.45517
16	22	0.37789
16	23	0.30674
16	24	0.15284
16	25	0.31522
16	26	0.38391
16	27	0.24762
16	28	0.32781
16	29	0.31549
16	30	0.24439
16	31	0.2395
16	32	0.14382
16	33	0.29991
16	34	0.28137
16	35	0.1901
16	36	0.23629
16	37	0.27497
16	38	0.19099
16	39	0.1793
16	40	0.099873
16	41	0.20435
16	42	0.23246
16	43	0.25363
16	44	0.24069
16	45	0.25088
16	46	0.20571
16	47	0.22705
16	48	0.1282
16	49	0.24001
16	50	0.17547
16	51	0.17604
16	52	0.16754
16	53	0.16458
16	54	0.16929
16	55	0.2315
16	56	0.10446
16	57	0.17752
16	58	0.16602
16	59	0.14481
16	60	0.20067
16	61	0.061962
16	62	0.18848
16	63	0.14921
16	64	0.16326
16	65	0.12553
16	66	0.147
16	67	0.11158
16	68	0.11728
16	69	0.12205
16	70	0.095879
16	71	0.18813
16	72	0.042338
16	73	0.17183
16	74	0.092347
16	75	0.1052
16	76	0.1062
16	77	0.12247
16	78	0.028984
16	79	0.094002
16	80	0.11235
16	81	0.18613
16	82	0.10995
16	83	0.12535
16	84	0.044123
16	85	0.10217
16	86	0.12265
16	87	0.061156
16	88	0.062267
16	89	0.15954
16	90	0.078312
16	91	0.099204
16	92	0.068841
16	93	0.10555
16	94	0.11075
16	95	0.095596
16	96	0.24204
16	97	0
17	18	3.59
17	19	1.3055
17	20	0.39987
17	21	0.51821
17	22	0.55355
17	23	0.51815
17	24	0.35426
17	25	0.32147
17	26	0.22798
17	27	0.34769
17	28	0.24226
17	29	0.20401
17	30	0.16932
17	31	0.2489
17	32	0.21257
17	33	0.2569
17	34	0.3327
17	35	0.30798
17	36	0.27734
17	37	0.24384
17	38	0.26058
17	39	0.28157
17	40	0.2491
17	41	0.23985
17	42	0.24413
17	43	0.17757
17	44	0.15447
17	45	0.23175
17	46	0.2982
17	47	0.18458
17	48	0.29845
17	49	0.19604
17	50	0.24314
17	51	0.21015
17	52	0.23215
17	53	0.18244
17	54	0.086615
17	55	0.11406
17	56	0.14153
17	57	0.1265
17	58	0.22347
17	59	0.14714
17	60	0.10537
17	61	0.24727
17	62	0.22287
17	63	0.12405
17	64	0.2413
17	65	0.20099
17	66	0.16295
17	67	0.13915
17	68	0.13001
17	69	0.1353
17	70	0.060734
17	71	0.089377
17	72	0.17209
17	73	0.15239
17	74	0.10237
17	75	0.10204
17	76	0.091562
17	77	0.15273
17	78	0.096387
17	79	0.1042
17	80	0.071166
17	81	0.047614
17	82	0.087058
17	83	0.10808
17	84	0.15896
17	85	0.09061
17	86	0.17674
17	87	0.067793
17	88	0.05522
17	89	0.054416
17	90	0.14468
17	91	0.12568
17	92	0.13355
17	93	0.078004
17	94	0.12277
17	95	0.079478
17	96	0.22359
17	97	0
18	19	4.2408
18	20	1.8902
18	21	1.0498
18	22	0.72741
18	23	0.37724
18	24	0.24963
18	25	0.21237
18	26	0.40029
18	27	0.37073
18	28	0.28045
18	29	0.30997
18	30	0.41162
18	31	0.23532
18	32	0.1256
18	33	0.29085
18	34	0.33701
18	35	0.44333
18	36	0.32775
18	37	0.38594
18	38	0.44542
18	39	0.28522
18	40	0.28036
18	41	0.32394
18	42	0.27477
18	43	0.34476
18	44	0.28449
18	45	0.21911
18	46	0.14214
18	47	0.22096
18	48	0.10077
18	49	0.17021
18	50	0.31197
18	51	0.21287
18	52	0.15677
18	53	0.24167
18	54	0.16085
18	55	0.23106
18	56	0.18246
18	57	0.1139
18	58	0.1731
18	59	0.1084
18	60	0.21347
18	61	0.16698
18	62	0.15521
18	63	0.2234
18	64	0.24443
18	65	0.15661
18	66	0.13755
18	67	0.21926
18	68	0.2963
18	69	0.20558
18	70	0.19994
18	71	0.25651
18	72	0.11093
18	73	0.12863
18	74	0.16295
18	75	0.17718
18	76	0.159
18	77	0.01719
18	78	0.16273
18	79	0.045237
18	80	0.072087
18	81	0.16077
18	82	0.035274
18	83	0.12512
18	84	0.099091
18	85	0.091784
18	86	0.068859
18	87	0.068672
18	88	0.069919
18	89	0.16536
18	90	0.16121
18	91	0.079568
18	92	0.11595
18	93	0.21729
18	94	0.16581
18	95	0.29519
18	96	0.090594
18	97	0.20374
19	20	4.2503
19	21	2.5465
19	22	0.8091
19	23	0.42959
19	24	0.36149
19	25	0.28524
19	26	0.37222
19	27	0.11204
19	28	0.26486
19	29	0.31225
19	30	0.34555
19	31	0.23705
19	32	0.30729
19	33	0.29299
19	34	0.38193
19	35	0.34735
19	36	0.50311
19	37	0.43544
19	38	0.34899
19	39	0.32112
19	40	0.22594
19	41	0.24475
19	42	0.42903
19	43	0.37749
19	44	0.40122
19	45	0.18919
19	46	0.17899
19	47	0.25683
19	48	0.26103
19	49	0.14289
19	50	0.31427
19	51	0.29102
19	52	0.18951
19	53	0.20048
19	54	0.17677
19	55	0.26186
19	56	0.18381
19	57	0.15777
19	58	0.13414
19	59	0.1638
19	60	0.10752
19	61	0.12616
19	62	0.12792
19	63	0.16878
19	64	0.16928
19	65	0.20509
19	66	0.3187
19	67	0.22087
19	68	0.14924
19	69	0.15532
19	70	0.26339
19	71	0.1672
19	72	0.12771
19	73	0.20733
19	74	0.20892
19	75	0.16361
19	76	0.18686
19	77	0.17316
19	78	0.11475
19	79	0.13671
19	80	0.090772
19	81	0.14576
19	82	0.035534
19	83	0.078774
19	84	0.12478
19	85	0.10402
19	86	0.083239
19	87	0.11068
19	88	0.12678
19	89	0.097171
19	90	0.044291
19	91	0.12825
19	92	0.1168
19	93	0.099495
19	94	0.12528
19	95	0.21627
19	96	0.18252
19	97	0.20524
20	21	3.9244
20	22	0.89836
20	23	0.69713
20	24	0.38392
20	25	0.30088
20	26	0.36162
20	27	0.1244
20	28	0.43132
20	29	0.28066
20	30	0.28775
20	31	0.3572
20	32	0.2007
20	33	0.34243
20	34	0.35339
20	35	0.4224
20	36	0.66336
20	37	0.46621
20	38	0.27678
20	39	0.33778
20	40	0.31359
20	41	0.25665
20	42	0.44563
20	43	0.31855
20	44	0.30229
20	45	0.31509
20	46	0.2981
20	47	0.22813
20	48	0.24153
20	49	0.23798
20	50	0.22038
20	51	0.2551
20	52	0.31563
20	53	0.1908
20	54	0.21262
20	55	0.40382
20	56	0.17493
20	57	0.33443
20	58	0.11915
20	59	0.18187
20	60	0.11938
20	61	0.17121
20	62	0.22094
20	63	0.20302
20	64	0.18796
20	65	0.26276
20	66	0.20001
20	67	0.15765
20	68	0.1473
20	69	0.17246
20	70	0.30965
20	71	0.10126
20	72	0.1418
20	73	0.15826
20	74	0.19883
20	75	0.29727
20	76	0.1482
20	77	0.11536
20	78	0.18201
20	79	0.16866
20	80	0.20157
20	81	0.14386
20	82	0.078908
20	83	0.15744
20	84	0.1801
20	85	0.089828
20	86	0.077019
20	87	0.15362
20	88	0.14077
20	89	0.1233
20	90	0.098355
20	91	0.16019
20	92	0.04323
20	93	0.13257
20	94	0.092732
20	95	0.060032
20	96	0.15199
20	97	0
21	22	3.5516
21	23	0.99102
21	24	0.44278
21	25	0.47957
21	26	0.63425
21	27	0.42424
21	28	0.22465
21	29	0.37836
21	30	0.47104
21	31	0.2462
21	32	0.16427
21	33	0.37837
21	34	0.48207
21	35	0.45095
21	36	0.30005
21	37	0.40985
21	38	0.30205
21	39	0.38398
21	40	0.24383
21	41	0.33363
21	42	0.18866
21	43	0.28817
21	44	0.22138
21	45	0.24357
21	46	0.30906
21	47	0.14004
21	48	0.21086
21	49	0.29867
21	50	0.16535
21	51	0.12528
21	52	0.31575
21	53	0.23425
21	54	0.12048
21	55	0.34374
21	56	0.29829
21	57	0.19552
21	58	0.19504
21	59	0.24809
21	60	0.20628
21	61	0.17835
21	62	0.11625
21	63	0.11504
21	64	0.15384
21	65	0.12904
21	66	0.10074
21	67	0.30109
21	68	0.16577
21	69	0.1882
21	70	0.11264
21	71	0.19339
21	72	0.15958
21	73	0.22374
21	74	0.16274
21	75	0.13517
21	76	0.19408
21	77	0.094422
21	78	0.19366
21	79	0.15185
21	80	0.13199
21	81	0.17662
21	82	0.096878
21	83	0.12886
21	84	0.10205
21	85	0.094529
21	86	0.075646
21	87	0.11316
21	88	0.07681
21	89	0.050461
21	90	0.13417
21	91	0.16025
21	92	0.088458
21	93	0.19892
21	94	0.11385
21	95	0.24568
21	96	0.082937
21	97	0.37303
22	23	5.3702
22	24	0.97152
22	25	0.82473
22	26	0.77313
22	27	0.59574
22	28	0.4225
22	29	0.40026
22	30	0.34451
22	31	0.25322
22	32	0.41449
22	33	0.38435
22	34	0.50771
22	35	0.42876
22	36	0.1881
22	37	0.18606
22	38	0.23196
22	39	0.2696
22	40	0.30974
22	41	0.3389
22	42	0.35875
22	43	0.24087
22	44	0.17143
22	45	0.20434
22	46	0.1963
22	47	0.25606
22	48	0.24579
22	49	0.17095
22	50	0.11544
22	51	0.15271
22	52	0.15745
22	53	0.15705
22	54	0.14686
22	55	0.26107
22	56	0.17016
22	57	0.25739
22	58	0.22735
22	59	0.20413
22	60	0.3335
22	61	0.13976
22	62	0.15588
22	63	0.070114
22	64	0.092058
22	65	0.15729
22	66	0.096703
22	67	0.15729
22	68	0.13226
22	69	0.13765
22	70	0.061788
22	71	0.1667
22	72	0.11141
22	73	0.19379
22	74	0.089267
22	75	0.088976
22	76	0.19961
22	77	0.17265
22	78	0.19612
22	79	0.19688
22	80	0.1267
22	81	0.14532
22	82	0.10628
22	83	0.15707
22	84	0.08708
22	85	0.057614
22	86	0.055326
22	87	0.082763
22	88	0.056177
22	89	0.083039
22	90	0.073597
22	91	0.095895
22	92	0.19409
22	93	0.19839
22	94	0.16653
22	95	0.10781
22	96	0.22747
22	97	0
23	24	4.2229
23	25	1.4159
23	26	0.8033
23	27	1.1687
23	28	0.80023
23	29	0.56157
23	30	0.39151
23	31	0.67602
23	32	0.44861
23	33	0.48254
23	34	0.48081
23	35	0.24987
23	36	0.15269
23	37	0.18459
23	38	0.14346
23	39	0.10942
23	40	0.091427
23	41	0.16139
23	42	0.35841
23	43	0.19552
23	44	0.18555
23	45	0.068048
23	46	0.1352
23	47	0.11086
23	48	0.18778
23	49	0.13877
23	50	0.071393
23	51	0.08264
23	52	0.085207
23	53	0.092714
23	54	0.03179
23	55	0.15698
23	56	0.24084
23	57	0.21667
23	58	0.15922
23	59	0.26512
23	60	0.21915
23	61	0.12101
23	62	0.19938
23	63	0.13659
23	64	0.11624
23	65	0.10214
23	66	0.11961
23	67	0.11917
23	68	0.05368
23	69	0.093111
23	70	0.15046
23	71	0.032804
23	72	0.13781
23	73	0.12584
23	74	0.064409
23	75	0.0642
23	76	0.072012
23	77	0.20554
23	78	0.17688
23	79	0.098346
23	80	0.1959
23	81	0.20971
23	82	0.19172
23	83	0.051001
23	84	0.094248
23	85	0.12471
23	86	0.16467
23	87	0.059717
23	88	0.060801
23	89	0.10485
23	90	0.047793
23	91	0.051894
23	92	0.12604
23	93	0.17178
23	94	0
23	95	0.23337
23	96	0.6401
23	97	0.22146
24	25	4.5236
24	26	2.1173
24	27	1.5717
24	28	0.77934
24	29	0.76312
24	30	0.37242
24	31	0.64305
24	32	0.38963
24	33	0.42736
24	34	0.47914
24	35	0.1528
24	36	0.096828
24	37	0.14366
24	38	0.17058
24	39	0.13878
24	40	0.11596
24	41	0.083739
24	42	0.29832
24	43	0.23249
24	44	0.11766
24	45	0.080912
24	46	0.14698
24	47	0.10545
24	48	0.14885
24	49	0.088001
24	50	0.20373
24	51	0.078611
24	52	0.11347
24	53	0.10289
24	54	0.0756
24	55	0.16426
24	56	0.18867
24	57	0.10305
24	58	0.17899
24	59	0.35027
24	60	0.12263
24	61	0.18705
24	62	0.17507
24	63	0.043311
24	64	0.031592
24	65	0.016194
24	66	0.14223
24	67	0.080968
24	68	0.10213
24	69	0.053142
24	70	0.063612
24	71	0.15602
24	72	0.049157
24	73	0.039902
24	74	0.076586
24	75	0.045802
24	76	0.1096
24	77	0.24884
24	78	0.11778
24	79	0.046775
24	80	0.11181
24	81	0.36571
24	82	0.18237
24	83	0.080857
24	84	0.11527
24	85	0.11863
24	86	0.05696
24	87	0.056805
24	88	0.057836
24	89	0.028497
24	90	0.030308
24	91	0.049364
24	92	0.09991
24	93	0.18383
24	94	0.042863
24	95	0.11099
24	96	0.23419
24	97	0.21066
25	26	5.6772
25	27	1.9654
25	28	1.1842
25	29	0.59554
25	30	0.40232
25	31	0.552
25	32	0.57244
25	33	0.45962
25	34	0.37551
25	35	0.15407
25	36	0.21967
25	37	0.057941
25	38	0.10835
25	39	0.14168
25	40	0.22361
25	41	0.15198
25	42	0.15469
25	43	0.18284
25	44	0.21355
25	45	0.16153
25	46	0.13337
25	47	0.19138
25	48	0.14858
25	49	0.15971
25	50	0.04622
25	51	0.11414
25	52	0.10297
25	53	0.13338
25	54	0.10976
25	55	0.16261
25	56	0.18343
25	57	0.093516
25	58	0.23739
25	59	0.16528
25	60	0.25593
25	61	0.14362
25	62	0.17211
25	63	0.065504
25	64	0.10034
25	65	0.13225
25	66	0.10325
25	67	0.17634
25	68	0.15446
25	69	0.064298
25	70	0.20204
25	71	0.084948
25	72	0.059477
25	73	0.1207
25	74	0.15289
25	75	0.083126
25	76	0.037296
25	77	0.24194
25	78	0.18322
25	79	0.16978
25	80	0.13528
25	81	0.16593
25	82	0.24823
25	83	0.13207
25	84	0.092977
25	85	0.13995
25	86	0.06461
25	87	0.077321
25	88	0.078725
25	89	0.064649
25	90	0.096261
25	91	0.08959
25	92	0.19946
25	93	0.25949
25	94	0.15558
25	95	0.17626
25	96	0.63753
25	97	0.19116
26	27	5.0688
26	28	1.3235
26	29	0.75303
26	30	0.76999
26	31	0.60025
26	32	0.56756
26	33	0.54666
26	34	0.47281
26	35	0.31832
26	36	0.33442
26	37	0.063006
26	38	0.16833
26	39	0.15407
26	40	0.17164
26	41	0.13772
26	42	0.22428
26	43	0.13765
26	44	0.17416
26	45	0.11178
26	46	0.16316
26	47	0.13874
26	48	0.11751
26	49	0.20262
26	50	0.13403
26	51	0.20169
26	52	0.079981
26	53	0.087028
26	54	0.13428
26	55	0.088411
26	56	0.19947
26	57	0.11622
26	58	0.095105
26	59	0.16591
26	60	0.096804
26	61	0.085189
26	62	0.21595
26	63	0.11397
26	64	0.062349
26	65	0.14382
26	66	0.18245
26	67	0.063918
26	68	0.08398
26	69	0.06992
26	70	0.12554
26	71	0.061583
26	72	0.12935
26	73	0.18375
26	74	0.075574
26	75	0.12052
26	76	0.12167
26	77	0.19293
26	78	0.21584
26	79	0.15386
26	80	0.18388
26	81	0.14763
26	82	0.23394
26	83	0.15958
26	84	0.13902
26	85	0.15218
26	86	0.16862
26	87	0.070068
26	88	0.11414
26	89	0.070302
26	90	0.089723
26	91	0.048711
26	92	0.059154
26	93	0.10078
26	94	0.12689
26	95	0.19167
26	96	0.13865
26	97	0.41576
27	28	4.1559
27	29	1.5413
27	30	0.9692
27	31	1.0531
27	32	0.48495
27	33	0.47013
27	34	0.38813
27	35	0.30257
27	36	0.19173
27	37	0.20861
27	38	0.20266
27	39	0.1855
27	40	0.034442
27	41	0.11607
27	42	0.23628
27	43	0.18414
27	44	0.17474
27	45	0.038452
27	46	0.13097
27	47	0.1044
27	48	0.2299
27	49	0.19168
27	50	0.20171
27	51	0.20547
27	52	0.077037
27	53	0.12224
27	54	0.089819
27	55	0.15967
27	56	0.17612
27	57	0.13993
27	58	0.08179
27	59	0.31627
27	60	0.072845
27	61	0.18804
27	62	0.13867
27	63	0.034305
27	64	0.093836
27	65	0.057718
27	66	0.13518
27	67	0.096197
27	68	0.080889
27	69	0.12627
27	70	0.11337
27	71	0.18537
27	72	0.11681
27	73	0.079011
27	74	0.10919
27	75	0.036278
27	76	0.048831
27	77	0.16894
27	78	0.13993
27	79	0.11115
27	80	0.13284
27	81	0.158
27	82	0.17333
27	83	0.17292
27	84	0.091298
27	85	0.084566
27	86	0.13535
27	87	0.050617
27	88	0.068715
27	89	0.067714
27	90	0.072017
27	91	0.097747
27	92	0.16618
27	93	0.2912
27	94	0.15277
27	95	0.42857
27	96	0.61211
27	97	0.50057
28	29	3.4979
28	30	1.6736
28	31	1.5816
28	32	0.81292
28	33	0.6935
28	34	0.46489
28	35	0.30518
28	36	0.10878
28	37	0.19727
28	38	0.057492
28	39	0.077958
28	40	0.16284
28	41	0.062718
28	42	0.17555
28	43	0.17413
28	44	0.14872
28	45	0.090901
28	46	0.26832
28	47	0.19745
28	48	0.10034
28	49	0.28012
28	50	0.20981
28	51	0.17663
28	52	0.10927
28	53	0.082568
28	54	0.084933
28	55	0.13421
28	56	0.27252
28	57	0.28117
28	58	0.18562
28	59	0.31481
28	60	0.17909
28	61	0.2263
28	62	0.29503
28	63	0.14597
28	64	0.2307
28	65	0.10916
28	66	0.095872
28	67	0.12735
28	68	0.13386
28	69	0.17911
28	70	0.17866
28	71	0.1227
28	72	0.036817
28	73	0.11954
28	74	0.10325
28	75	0.068609
28	76	0.076957
28	77	0.17972
28	78	0.17013
28	79	0.24523
28	80	0.31403
28	81	0.24278
28	82	0.22537
28	83	0.16351
28	84	0.15827
28	85	0.15993
28	86	0.11199
28	87	0.015954
28	88	0.032488
28	89	0
28	90	0.0681
28	91	0.14789
28	92	0.044898
28	93	0.20652
28	94	0
28	95	0.21822
28	96	0.15786
28	97	0
29	30	4.4125
29	31	2.154
29	32	0.8952
29	33	0.80862
29	34	0.76237
29	35	0.49793
29	36	0.39696
29	37	0.27183
29	38	0.19366
29	39	0.16412
29	40	0.068565
29	41	0.3433
29	42	0.38974
29	43	0.24927
29	44	0.22264
29	45	0.1531
29	46	0.33025
29	47	0.28266
29	48	0.15491
29	49	0.24976
29	50	0.20881
29	51	0.14874
29	52	0.27605
29	53	0.18078
29	54	0.12874
29	55	0.16953
29	56	0.15299
29	57	0.12535
29	58	0.18236
29	59	0.23859
29	60	0.13921
29	61	0.20418
29	62	0.12422
29	63	0.15024
29	64	0.17933
29	65	0.2298
29	66	0.21529
29	67	0.16852
29	68	0.22544
29	69	0.18435
29	70	0.25577
29	71	0.14761
29	72	0.093012
29	73	0.17617
29	74	0.10144
29	75	0.057776
29	76	0.15553
29	77	0.18497
29	78	0.15918
29	79	0.26551
29	80	0.2997
29	81	0.20445
29	82	0.17253
29	83	0.15299
29	84	0.1454
29	85	0.11223
29	86	0.080832
29	87	0.10748
29	88	0.095755
29	89	0.10784
29	90	0.10036
29	91	0.1401
29	92	0.13233
29	93	0.15459
29	94	0.1622
29	95	0.13126
29	96	0.044311
29	97	0.3986
30	31	5.3686
30	32	1.3869
30	33	0.95697
30	34	0.76613
30	35	0.42926
30	36	0.37254
30	37	0.26321
30	38	0.15001
30	39	0.15256
30	40	0.17527
30	41	0.23013
30	42	0.2967
30	43	0.23853
30	44	0.42038
30	45	0.30241
30	46	0.20196
30	47	0.2898
30	48	0.14727
30	49	0.30634
30	50	0.2053
30	51	0.19011
30	52	0.2673
30	53	0.12927
30	54	0.11635
30	55	0.22981
30	56	0.23702
30	57	0.30749
30	58	0.18162
30	59	0.24643
30	60	0.21568
30	61	0.25307
30	62	0.20849
30	63	0.14283
30	64	0.12155
30	65	0.17801
30	66	0.046904
30	67	0.14241
30	68	0.24324
30	69	0.17525
30	70	0.13986
30	71	0.15436
30	72	0.16211
30	73	0.13159
30	74	0.084189
30	75	0.083916
30	76	0.12048
30	77	0.23447
30	78	0.25895
30	79	0.1714
30	80	0.040969
30	81	0.21929
30	82	0.16038
30	83	0.10666
30	84	0.16895
30	85	0.091286
30	86	0.093923
30	87	0.046834
30	88	0.015895
30	89	0.10964
30	90	0.033317
30	91	0.090441
30	92	0.065898
30	93	0.26944
30	94	0.14136
30	95	0.12201
30	96	0.20595
30	97	0
31	32	3.7378
31	33	1.637
31	34	0.93853
31	35	0.32923
31	36	0.29556
31	37	0.20636
31	38	0.16539
31	39	0.20558
31	40	0.18739
31	41	0.27064
31	42	0.44381
31	43	0.18367
31	44	0.23768
31	45	0.1046
31	46	0.15834
31	47	0.1136
31	48	0.14433
31	49	0.30022
31	50	0.18291
31	51	0.10163
31	52	0.22703
31	53	0.20586
31	54	0.1466
31	55	0.32174
31	56	0.18874
31	57	0.079301
31	58	0.23733
31	59	0.2415
31	60	0.31706
31	61	0.20151
31	62	0.25148
31	63	0.15553
31	64	0.17018
31	65	0.20935
31	66	0.15322
31	67	0.13957
31	68	0.16503
31	69	0.095419
31	70	0.1028
31	71	0.084042
31	72	0.12357
31	73	0.18628
31	74	0.099009
31	75	0.18093
31	76	0.11808
31	77	0.15319
31	78	0.30816
31	79	0.16797
31	80	0.28106
31	81	0.34027
31	82	0.33399
31	83	0.19164
31	84	0.096584
31	85	0.076682
31	86	0.13807
31	87	0.091796
31	88	0.093463
31	89	0.030701
31	90	0.14693
31	91	0.15954
31	92	0.17222
31	93	0.24205
31	94	0.13853
31	95	0.35872
31	96	0.30275
31	97	0.22695
32	33	7.0448
32	34	1.7032
32	35	0.87866
32	36	0.31552
32	37	0.23866
32	38	0.15694
32	39	0.19951
32	40	0.21671
32	41	0.30497
32	42	0.32675
32	43	0.26738
32	44	0.20299
32	45	0.22333
32	46	0.084518
32	47	0.22234
32	48	0.20543
32	49	0.32049
32	50	0.25384
32	51	0.23506
32	52	0.14915
32	53	0.084524
32	54	0.12172
32	55	0.15456
32	56	0.23248
32	57	0.23704
32	58	0.14251
32	59	0.17725
32	60	0.14103
32	61	0.24821
32	62	0.25168
32	63	0.083018
32	64	0.0545
32	65	0.20486
32	66	0.14722
32	67	0.11174
32	68	0.21533
32	69	0.12224
32	70	0.073159
32	71	0.089718
32	72	0.13191
32	73	0.15297
32	74	0.19378
32	75	0.052676
32	76	0.12605
32	77	0.18398
32	78	0.29027
32	79	0.19725
32	80	0.40719
32	81	0.2103
32	82	0.29363
32	83	0.22318
32	84	0.11784
32	85	0.15008
32	86	0.11464
32	87	0.06533
32	88	0.1164
32	89	0.1311
32	90	0.087142
32	91	0.17032
32	92	0.13789
32	93	0.21141
32	94	0.14789
32	95	0.2553
32	96	0.37707
32	97	0.48456
33	34	4.6155
33	35	0.63299
33	36	0.38
33	37	0.51682
33	38	0.4184
33	39	0.18722
33	40	0.29865
33	41	0.1917
33	42	0.37631
33	43	0.2281
33	44	0.21646
33	45	0.31754
33	46	0.27038
33	47	0.20692
33	48	0.16065
33	49	0.18707
33	50	0.21655
33	51	0.092553
33	52	0.11133
33	53	0.11537
33	54	0.17802
33	55	0.19046
33	56	0.22477
33	57	0.18777
33	58	0.28368
33	59	0.28867
33	60	0.1925
33	61	0.3388
33	62	0.22903
33	63	0.099152
33	64	0.13948
33	65	0.20654
33	66	0.13954
33	67	0.17477
33	68	0.2171
33	69	0.27808
33	70	0.23405
33	71	0.18369
33	72	0.16076
33	73	0.19574
33	74	0.15028
33	75	0.014979
33	76	0.14786
33	77	0.24415
33	78	0.13207
33	79	0.15297
33	80	0.23768
33	81	0.1631
33	82	0.21471
33	83	0.12693
33	84	0.17592
33	85	0.12803
33	86	0.083828
33	87	0.0418
33	88	0.070932
33	89	0.055919
33	90	0.089209
33	91	0.12915
33	92	0.21565
33	93	0.28056
33	94	0.084108
33	95	0.46282
33	96	0.18381
33	97	0.20669
34	35	2.1087
34	36	0.43573
34	37	0.47409
34	38	0.57572
34	39	0.42156
34	40	0.17611
34	41	0.47104
34	42	0.49862
34	43	0.23017
34	44	0.3177
34	45	0.21847
34	46	0.27283
34	47	0.21354
34	48	0.36172
34	49	0.198
34	50	0.18336
34	51	0.21225
34	52	0.35015
34	53	0.25797
34	54	0.1633
34	55	0.36287
34	56	0.32747
34	57	0.2385
34	58	0.20446
34	59	0.32155
34	60	0.29798
34	61	0.1554
34	62	0.23635
34	63	0.21439
34	64	0.1706
34	65	0.065585
34	66	0.21121
34	67	0.087447
34	68	0.25276
34	69	0.19132
34	70	0.19323
34	71	0.27382
34	72	0.24333
34	73	0.17956
34	74	0.16543
34	75	0.061834
34	76	0.14796
34	77	0.26395
34	78	0.27258
34	79	0.14734
34	80	0.32704
34	81	0.2693
34	82	0.1231
34	83	0.13099
34	84	0.19019
34	85	0.11211
34	86	0.096121
34	87	0.076688
34	88	0.15616
34	89	0.13465
34	90	0.16367
34	91	0.17771
34	92	0.35069
34	93	0.19302
34	94	0.23146
34	95	0.26222
34	96	0.69554
34	97	0.8532
35	36	2.8533
35	37	2.1839
35	38	2.0645
35	39	1.3327
35	40	1.0526
35	41	0.95471
35	42	0.8073
35	43	0.58721
35	44	0.2941
35	45	0.37467
35	46	0.48337
35	47	0.33293
35	48	0.28197
35	49	0.37045
35	50	0.44669
35	51	0.3971
35	52	0.27296
35	53	0.24751
35	54	0.35007
35	55	0.29859
35	56	0.26946
35	57	0.18592
35	58	0.17388
35	59	0.20643
35	60	0.16777
35	61	0.22713
35	62	0.18425
35	63	0.15193
35	64	0.29923
35	65	0.28972
35	66	0.26942
35	67	0.25563
35	68	0.25078
35	69	0.33556
35	70	0.20084
35	71	0.24629
35	72	0.25866
35	73	0.26595
35	74	0.25792
35	75	0.20888
35	76	0.20185
35	77	0.22447
35	78	0.24791
35	79	0.29536
35	80	0.19611
35	81	0.19244
35	82	0.095962
35	83	0.15317
35	84	0.21566
35	85	0.13733
35	86	0.074931
35	87	0.19429
35	88	0.13695
35	89	0.089972
35	90	0.17543
35	91	0.15585
35	92	0.25235
35	93	0.23645
35	94	0.18044
35	95	0.35043
35	96	0.098583
35	97	0.2217
36	37	4.1038
36	38	2.3889
36	39	2.0304
36	40	1.16
36	41	1.0052
36	42	0.62526
36	43	0.68219
36	44	0.52967
36	45	0.37232
36	46	0.62487
36	47	0.3692
36	48	0.38715
36	49	0.38147
36	50	0.37364
36	51	0.47183
36	52	0.45405
36	53	0.3676
36	54	0.40838
36	55	0.16431
36	56	0.16177
36	57	0.17672
36	58	0.082639
36	59	0.14015
36	60	0.1472
36	61	0.18711
36	62	0.10216
36	63	0.15886
36	64	0.39504
36	65	0.32398
36	66	0.34146
36	67	0.38878
36	68	0.42567
36	69	0.63793
36	70	0.33408
36	71	0.34336
36	72	0.40978
36	73	0.15966
36	74	0.18387
36	75	0.30545
36	76	0.16446
36	77	0.10668
36	78	0.20198
36	79	0.14037
36	80	0.14913
36	81	0.1164
36	82	0.1277
36	83	0.11324
36	84	0.12812
36	85	0.035601
36	86	0.085469
36	87	0.071031
36	88	0.10125
36	89	0.15679
36	90	0.25771
36	91	0.21398
36	92	0.11993
36	93	0.26562
36	94	0.30014
36	95	0.16655
36	96	0.23427
36	97	0.42147
37	38	4.2196
37	39	2.3001
37	40	1.3195
37	41	0.99429
37	42	0.54818
37	43	0.61343
37	44	0.50936
37	45	0.41631
37	46	0.509
37	47	0.38257
37	48	0.60386
37	49	0.30476
37	50	0.35278
37	51	0.3578
37	52	0.35287
37	53	0.29088
37	54	0.31417
37	55	0.16253
37	56	0.080005
37	57	0.11653
37	58	0.14986
37	59	0.097041
37	60	0.16987
37	61	0.12813
37	62	0.11549
37	63	0.17142
37	64	0.28134
37	65	0.33648
37	66	0.33775
37	67	0.36853
37	68	0.31999
37	69	0.35055
37	70	0.33045
37	71	0.3705
37	72	0.3729
37	73	0.19741
37	74	0.21218
37	75	0.4532
37	76	0.20334
37	77	0.12311
37	78	0.16649
37	79	0.12342
37	80	0.16594
37	81	0.13159
37	82	0.054134
37	83	0.17601
37	84	0.22811
37	85	0.14086
37	86	0.11272
37	87	0.16862
37	88	0.071534
37	89	0.25377
37	90	0.22492
37	91	0.24422
37	92	0.17794
37	93	0.06063
37	94	0.55135
37	95	0.19219
37	96	0.046344
37	97	0.41689
38	39	3.9071
38	40	1.5633
38	41	0.95922
38	42	0.78107
38	43	0.73747
38	44	0.43545
38	45	0.35933
38	46	0.33025
38	47	0.39025
38	48	0.39348
38	49	0.41872
38	50	0.68217
38	51	0.4821
38	52	0.51421
38	53	0.45072
38	54	0.27179
38	55	0.29999
38	56	0.17099
38	57	0.15567
38	58	0.16014
38	59	0.11852
38	60	0.11669
38	61	0.19778
38	62	0.12341
38	63	0.18318
38	64	0.25054
38	65	0.23972
38	66	0.43612
38	67	0.49656
38	68	0.39594
38	69	0.39334
38	70	0.35312
38	71	0.47842
38	72	0.31186
38	73	0.35159
38	74	0.19435
38	75	0.19372
38	76	0.17383
38	77	0.18794
38	78	0.1957
38	79	0.1154
38	80	0.078815
38	81	0.12304
38	82	0.077132
38	83	0.23939
38	84	0.12188
38	85	0.075262
38	86	0.2108
38	87	0.12013
38	88	0.16818
38	89	0.13559
38	90	0.24035
38	91	0.20878
38	92	0.12677
38	93	0.15118
38	94	0.4079
38	95	0.11736
38	96	0.14857
38	97	0.22275
39	40	2.79
39	41	2.3262
39	42	1.0387
39	43	1.2333
39	44	0.5852
39	45	0.62645
39	46	0.6322
39	47	0.43467
39	48	0.4802
39	49	0.44161
39	50	0.49293
39	51	0.5241
39	52	0.31377
39	53	0.33193
39	54	0.19511
39	55	0.16057
39	56	0.18839
39	57	0.15831
39	58	0.13325
39	59	0.16573
39	60	0.14505
39	61	0.092833
39	62	0.10982
39	63	0.21734
39	64	0.30575
39	65	0.3831
39	66	0.30588
39	67	0.27862
39	68	0.51249
39	69	0.43812
39	70	0.53013
39	71	0.3691
39	72	0.45812
39	73	0.20024
39	74	0.21412
39	75	0.3776
39	76	0.30938
39	77	0.076453
39	78	0.23521
39	79	0.1509
39	80	0.14027
39	81	0.14301
39	82	0.13727
39	83	0.12173
39	84	0.082634
39	85	0.051027
39	86	0.1225
39	87	0.12217
39	88	0.12439
39	89	0.16854
39	90	0.16296
39	91	0.15925
39	92	0.15041
39	93	0.13178
39	94	0.23046
39	95	0.20887
39	96	0.20146
39	97	0.22653
40	41	4.8404
40	42	1.672
40	43	1.2672
40	44	0.58146
40	45	0.42165
40	46	0.59426
40	47	0.5211
40	48	0.40123
40	49	0.40852
40	50	0.35085
40	51	0.52267
40	52	0.4952
40	53	0.36979
40	54	0.40755
40	55	0.21467
40	56	0.21795
40	57	0.18518
40	58	0.24741
40	59	0.15106
40	60	0.17628
40	61	0.21977
40	62	0.18352
40	63	0.31131
40	64	0.3832
40	65	0.32009
40	66	0.19168
40	67	0.39284
40	68	0.35174
40	69	0.23874
40	70	0.30006
40	71	0.29438
40	72	0.23556
40	73	0.20316
40	74	0.19267
40	75	0.32922
40	76	0.34466
40	77	0.14373
40	78	0.24188
40	79	0.23815
40	80	0.066972
40	81	0.044808
40	82	0.14747
40	83	0.13077
40	84	0.17261
40	85	0.13856
40	86	0.11515
40	87	0.063798
40	88	0.090939
40	89	0.17923
40	90	0.21785
40	91	0.17741
40	92	0.17954
40	93	0.091758
40	94	0.61619
40	95	0.14959
40	96	0.21041
40	97	0
41	42	2.9741
41	43	1.2336
41	44	0.64894
41	45	0.48999
41	46	0.58808
41	47	0.39531
41	48	0.38633
41	49	0.26646
41	50	0.39657
41	51	0.44885
41	52	0.23841
41	53	0.39421
41	54	0.30085
41	55	0.25837
41	56	0.1399
41	57	0.19104
41	58	0.15485
41	59	0.14545
41	60	0.15913
41	61	0.11203
41	62	0.1767
41	63	0.21232
41	64	0.25965
41	65	0.26618
41	66	0.18457
41	67	0.35024
41	68	0.25033
41	69	0.32182
41	70	0.23389
41	71	0.18897
41	72	0.22681
41	73	0.26465
41	74	0.23852
41	75	0.19812
41	76	0.17778
41	77	0.26141
41	78	0.087338
41	79	0.21582
41	80	0.19345
41	81	0.14381
41	82	0.11044
41	83	0.11192
41	84	0.13296
41	85	0.10263
41	86	0.17247
41	87	0.11057
41	88	0.12509
41	89	0.14792
41	90	0.11799
41	91	0.22776
41	92	0.15558
41	93	0.19437
41	94	0.14833
41	95	0.31207
41	96	0.12156
41	97	0.18225
42	43	2.0881
42	44	1.0879
42	45	0.65548
42	46	0.42062
42	47	0.55712
42	48	0.51118
42	49	0.56826
42	50	0.299
42	51	0.30457
42	52	0.42822
42	53	0.34947
42	54	0.26628
42	55	0.35502
42	56	0.33226
42	57	0.27223
42	58	0.40009
42	59	0.22207
42	60	0.26995
42	61	0.24072
42	62	0.23124
42	63	0.15255
42	64	0.16691
42	65	0.17111
42	66	0.13776
42	67	0.22815
42	68	0.19484
42	69	0.093589
42	70	0.15404
42	71	0.13738
42	72	0.14428
42	73	0.32793
42	74	0.18883
42	75	0.12099
42	76	0.15683
42	77	0.17216
42	78	0.26669
42	79	0.19221
42	80	0.24613
42	81	0.20493
42	82	0.33723
42	83	0.099678
42	84	0.13533
42	85	0.18803
42	86	0.15047
42	87	0.07503
42	88	0.050928
42	89	0.11292
42	90	0.16013
42	91	0.21734
42	92	0.10557
42	93	0.2518
42	94	0.18872
42	95	0.39094
42	96	0.12373
42	97	0.5565
43	44	3.1653
43	45	1.1971
43	46	0.9355
43	47	0.97932
43	48	0.97245
43	49	0.78909
43	50	0.61983
43	51	0.6193
43	52	0.56066
43	53	0.26831
43	54	0.31958
43	55	0.373
43	56	0.25894
43	57	0.21216
43	58	0.21164
43	59	0.22883
43	60	0.28275
43	61	0.26264
43	62	0.14017
43	63	0.26353
43	64	0.25799
43	65	0.43562
43	66	0.43726
43	67	0.28004
43	68	0.32705
43	69	0.30633
43	70	0.27502
43	71	0.29979
43	72	0.20465
43	73	0.24279
43	74	0.32375
43	75	0.22002
43	76	0.27641
43	77	0.17077
43	78	0.24248
43	79	0.13482
43	80	0.14322
43	81	0.063883
43	82	0.21025
43	83	0.077682
43	84	0.13535
43	85	0.15956
43	86	0.13681
43	87	0.15008
43	88	0.13891
43	89	0.16427
43	90	0.24751
43	91	0.30036
43	92	0.21117
43	93	0.039246
43	94	0.28826
43	95	0.10664
43	96	0
43	97	0.20239
44	45	3.9097
44	46	2.0603
44	47	1.4581
44	48	1.2485
44	49	1.3506
44	50	0.92873
44	51	0.83137
44	52	0.65028
44	53	0.34843
44	54	0.34462
44	55	0.35397
44	56	0.22115
44	57	0.26844
44	58	0.17574
44	59	0.16606
44	60	0.20124
44	61	0.223
44	62	0.14631
44	63	0.22376
44	64	0.31683
44	65	0.13287
44	66	0.24637
44	67	0.41339
44	68	0.45003
44	69	0.37145
44	70	0.20299
44	71	0.21337
44	72	0.29878
44	73	0.21827
44	74	0.22344
44	75	0.15311
44	76	0.14989
44	77	0.12964
44	78	0.2301
44	79	0.08529
44	80	0.10194
44	81	0.090934
44	82	0.19952
44	83	0.22115
44	84	0.093413
44	85	0.15142
44	86	0.14281
44	87	0.10358
44	88	0.11864
44	89	0.10392
44	90	0.22106
44	91	0.21002
44	92	0.18218
44	93	0.24208
44	94	0.27355
44	95	0.10119
44	96	0.21351
44	97	0.57619
45	46	4.165
45	47	2.2742
45	48	1.6872
45	49	1.3388
45	50	0.98777
45	51	0.91471
45	52	0.58538
45	53	0.3981
45	54	0.273
45	55	0.29958
45	56	0.28388
45	57	0.22151
45	58	0.23479
45	59	0.29514
45	60	0.23371
45	61	0.20206
45	62	0.26342
45	63	0.3186
45	64	0.30106
45	65	0.22741
45	66	0.28534
45	67	0.17868
45	68	0.39269
45	69	0.35538
45	70	0.22333
45	71	0.23476
45	72	0.27942
45	73	0.18679
45	74	0.2151
45	75	0.24504
45	76	0.26111
45	77	0.23178
45	78	0.18566
45	79	0.18768
45	80	0.22431
45	81	0.11672
45	82	0.14635
45	83	0.14599
45	84	0.2441
45	85	0.119
45	86	0.15713
45	87	0.17094
45	88	0.13054
45	89	0.2001
45	90	0.16721
45	91	0.11554
45	92	0.12026
45	93	0.14342
45	94	0.17198
45	95	0.13917
45	96	0.14095
45	97	0.21132
46	47	4.003
46	48	2.5428
46	49	1.8206
46	50	1.3534
46	51	0.76991
46	52	0.73844
46	53	0.41849
46	54	0.3616
46	55	0.23808
46	56	0.16882
46	57	0.23472
46	58	0.2352
46	59	0.11169
46	60	0.22344
46	61	0.13109
46	62	0.1163
46	63	0.14797
46	64	0.26984
46	65	0.3504
46	66	0.16197
46	67	0.27663
46	68	0.32953
46	69	0.38329
46	70	0.23544
46	71	0.28429
46	72	0.31723
46	73	0.18177
46	74	0.12211
46	75	0.17387
46	76	0.14042
46	77	0.10121
46	78	0.13413
46	79	0.10654
46	80	0.14855
46	81	0.056794
46	82	0.20769
46	83	0.16575
46	84	0.13127
46	85	0.1351
46	86	0.21082
46	87	0.16173
46	88	0.16467
46	89	0.19472
46	90	0.25887
46	91	0.18739
46	92	0.20481
46	93	0.13956
46	94	0.3417
46	95	0.1264
46	96	0.16002
46	97	0
47	48	3.6162
47	49	2.6044
47	50	1.2947
47	51	1.199
47	52	0.93597
47	53	0.48039
47	54	0.29649
47	55	0.30909
47	56	0.20553
47	57	0.19246
47	58	0.17999
47	59	0.1679
47	60	0.12023
47	61	0.29782
47	62	0.17483
47	63	0.22019
47	64	0.25813
47	65	0.33519
47	66	0.24791
47	67	0.22934
47	68	0.33377
47	69	0.28947
47	70	0.25988
47	71	0.32294
47	72	0.26776
47	73	0.21735
47	74	0.30036
47	75	0.16632
47	76	0.1194
47	77	0.13555
47	78	0.12831
47	79	0.16986
47	80	0.18271
47	81	0.16299
47	82	0.19867
47	83	0.12332
47	84	0.15348
47	85	0.15509
47	86	0.10859
47	87	0.23207
47	88	0.11026
47	89	0.20179
47	90	0.26414
47	91	0.10755
47	92	0.19592
47	93	0.20026
47	94	0.32687
47	95	0.2116
47	96	0.051025
47	97	0
48	49	3.9787
48	50	1.6918
48	51	1.059
48	52	0.95725
48	53	0.52894
48	54	0.37668
48	55	0.248
48	56	0.33572
48	57	0.28526
48	58	0.34301
48	59	0.12927
48	60	0.21497
48	61	0.17259
48	62	0.21538
48	63	0.29306
48	64	0.13117
48	65	0.32872
48	66	0.18372
48	67	0.37354
48	68	0.3298
48	69	0.24517
48	70	0.20543
48	71	0.35989
48	72	0.36285
48	73	0.24545
48	74	0.18373
48	75	0.35217
48	76	0.12641
48	77	0.098401
48	78	0.1242
48	79	0.3165
48	80	0.15474
48	81	0.15338
48	82	0.10096
48	83	0.17905
48	84	0.094538
48	85	0.065675
48	86	0.078834
48	87	0.11793
48	88	0.13341
48	89	0.19721
48	90	0.12584
48	91	0.2581
48	92	0.1475
48	93	0.075384
48	94	0.35594
48	95	0.20482
48	96	0.21608
48	97	0.19438
49	50	2.4079
49	51	1.5437
49	52	0.84004
49	53	0.56127
49	54	0.43988
49	55	0.43443
49	56	0.34305
49	57	0.32123
49	58	0.2879
49	59	0.19107
49	60	0.20067
49	61	0.22238
49	62	0.38465
49	63	0.22313
49	64	0.28722
49	65	0.17667
49	66	0.36206
49	67	0.20611
49	68	0.41781
49	69	0.28988
49	70	0.26025
49	71	0.24114
49	72	0.22345
49	73	0.1572
49	74	0.33421
49	75	0.1388
49	76	0.13701
49	77	0.11312
49	78	0.16827
49	79	0.1701
49	80	0.16942
49	81	0.10579
49	82	0.14922
49	83	0.14702
49	84	0.081507
49	85	0.14021
49	86	0.077677
49	87	0.1162
49	88	0.13145
49	89	0.1425
49	90	0.19288
49	91	0.11968
49	92	0.18167
49	93	0.2414
49	94	0.35072
49	95	0.25227
49	96	0.17033
49	97	0
50	51	4.1861
50	52	1.8425
50	53	0.94362
50	54	0.70014
50	55	0.45574
50	56	0.35456
50	57	0.37184
50	58	0.27531
50	59	0.25066
50	60	0.14196
50	61	0.18171
50	62	0.13818
50	63	0.36464
50	64	0.46547
50	65	0.3238
50	66	0.46401
50	67	0.35789
50	68	0.39408
50	69	0.44742
50	70	0.43515
50	71	0.32839
50	72	0.3104
50	73	0.27995
50	74	0.30628
50	75	0.25708
50	76	0.18743
50	77	0.22447
50	78	0.26561
50	79	0.26254
50	80	0.25494
50	81	0.087473
50	82	0.11515
50	83	0.25528
50	84	0.16174
50	85	0.087393
50	86	0.11989
50	87	0.11956
50	88	0.10652
50	89	0.14995
50	90	0.25517
50	91	0.27707
50	92	0.29441
50	93	0.19346
50	94	0.45109
50	95	0.20442
50	96	0.14787
50	97	0
51	52	3.1438
51	53	1.146
51	54	0.86939
51	55	0.53845
51	56	0.3152
51	57	0.40173
51	58	0.34887
51	59	0.25943
51	60	0.35852
51	61	0.26642
51	62	0.1564
51	63	0.18291
51	64	0.35407
51	65	0.50502
51	66	0.34652
51	67	0.45767
51	68	0.58058
51	69	0.5179
51	70	0.32547
51	71	0.36492
51	72	0.39922
51	73	0.34998
51	74	0.2687
51	75	0.23806
51	76	0.25368
51	77	0.12126
51	78	0.13118
51	79	0.12156
51	80	0.27241
51	81	0.17821
51	82	0.12441
51	83	0.18912
51	84	0.21219
51	85	0.1503
51	86	0.16653
51	87	0.11072
51	88	0.1691
51	89	0.31938
51	90	0.25107
51	91	0.19243
51	92	0.15579
51	93	0.13934
51	94	0.29241
51	95	0.29747
51	96	0.091292
51	97	0
52	53	2.5257
52	54	1.8384
52	55	1.0953
52	56	0.6229
52	57	0.66569
52	58	0.44272
52	59	0.28157
52	60	0.29572
52	61	0.26024
52	62	0.35184
52	63	0.44971
52	64	0.41268
52	65	0.6346
52	66	0.44303
52	67	0.61833
52	68	0.49599
52	69	0.46279
52	70	0.54332
52	71	0.42329
52	72	0.3293
52	73	0.28066
52	74	0.26165
52	75	0.35285
52	76	0.26156
52	77	0.1786
52	78	0.2367
52	79	0.235
52	80	0.24342
52	81	0.11693
52	82	0.12827
52	83	0.27624
52	84	0.10295
52	85	0.095363
52	86	0.12878
52	87	0.12843
52	88	0.15982
52	89	0.14317
52	90	0.27409
52	91	0.14881
52	92	0.16063
52	93	0.22576
52	94	0.25842
52	95	0.11153
52	96	0.14119
52	97	0.21168
53	54	5.3728
53	55	1.6735
53	56	0.94545
53	57	0.84506
53	58	0.56452
53	59	0.3702
53	60	0.45809
53	61	0.35396
53	62	0.38549
53	63	0.35516
53	64	0.54691
53	65	0.45739
53	66	0.5054
53	67	0.33936
53	68	0.38771
53	69	0.22596
53	70	0.39123
53	71	0.24167
53	72	0.38817
53	73	0.35144
53	74	0.30703
53	75	0.3895
53	76	0.34952
53	77	0.14575
53	78	0.29128
53	79	0.2273
53	80	0.15281
53	81	0.090877
53	82	0.19939
53	83	0.17681
53	84	0.12836
53	85	0.1189
53	86	0.1557
53	87	0.20703
53	88	0.17127
53	89	0.20772
53	90	0.22092
53	91	0.25487
53	92	0.21848
53	93	0.24193
53	94	0.31243
53	95	0.27811
53	96	0.12803
53	97	0.19194
54	55	2.4352
54	56	1.0231
54	57	1.159
54	58	0.54198
54	59	0.34141
54	60	0.28732
54	61	0.35062
54	62	0.30082
54	63	0.46005
54	64	0.45895
54	65	0.37943
54	66	0.41323
54	67	0.56156
54	68	0.44667
54	69	0.38185
54	70	0.44715
54	71	0.39482
54	72	0.38393
54	73	0.31165
54	74	0.24405
54	75	0.32911
54	76	0.24397
54	77	0.23322
54	78	0.22078
54	79	0.2192
54	80	0.15719
54	81	0.18696
54	82	0.2222
54	83	0.21219
54	84	0.20406
54	85	0.14454
54	86	0.16016
54	87	0.1331
54	88	0.25748
54	89	0.21367
54	90	0.26986
54	91	0.26217
54	92	0.16855
54	93	0.268
54	94	0.36155
54	95	0.26007
54	96	0.13169
54	97	0
55	56	3.6049
55	57	1.9895
55	58	1.1597
55	59	0.76514
55	60	0.40862
55	61	0.62595
55	62	0.36461
55	63	0.40089
55	64	0.42402
55	65	0.28479
55	66	0.35545
55	67	0.35974
55	68	0.29934
55	69	0.13117
55	70	0.20608
55	71	0.1733
55	72	0.19717
55	73	0.36934
55	74	0.24102
55	75	0.22611
55	76	0.25362
55	77	0.31259
55	78	0.20247
55	79	0.30307
55	80	0.22423
55	81	0.29235
55	82	0.20256
55	83	0.19459
55	84	0.24895
55	85	0.14275
55	86	0.19771
55	87	0.10516
55	88	0.080302
55	89	0.21102
55	90	0.2104
55	91	0.13708
55	92	0.18496
55	93	0.26468
55	94	0.39675
55	95	0.25684
55	96	0.13006
55	97	0
56	57	4.2673
56	58	1.4722
56	59	0.88948
56	60	0.56339
56	61	0.70913
56	62	0.3778
56	63	0.44621
56	64	0.2771
56	65	0.32465
56	66	0.22574
56	67	0.24349
56	68	0.29858
56	69	0.20716
56	70	0.10628
56	71	0.23459
56	72	0.20531
56	73	0.33332
56	74	0.14075
56	75	0.1913
56	76	0.29755
56	77	0.32665
56	78	0.33733
56	79	0.32561
56	80	0.23349
56	81	0.37493
56	82	0.27421
56	83	0.27017
56	84	0.18188
56	85	0.16846
56	86	0.16653
56	87	0.18981
56	88	0.14494
56	89	0.15473
56	90	0.12659
56	91	0.12371
56	92	0.28376
56	93	0.18768
56	94	0.10742
56	95	0.32451
56	96	0.19563
56	97	0.17597
57	58	3.1663
57	59	1.0484
57	60	0.60428
57	61	0.53834
57	62	0.41273
57	63	0.43476
57	64	0.54777
57	65	0.38422
57	66	0.27256
57	67	0.29556
57	68	0.18639
57	69	0.35564
57	70	0.24671
57	71	0.25628
57	72	0.29906
57	73	0.38841
57	74	0.19569
57	75	0.29258
57	76	0.27505
57	77	0.27575
57	78	0.27638
57	79	0.17074
57	80	0.3231
57	81	0.19721
57	82	0.19971
57	83	0.29515
57	84	0.22207
57	85	0.22734
57	86	0.18193
57	87	0.16847
57	88	0.22431
57	89	0.18204
57	90	0.22127
57	91	0.31533
57	92	0.29176
57	93	0.22367
57	94	0.27381
57	95	0.12661
57	96	0.12823
57	97	0
58	59	3.9818
58	60	1.3815
58	61	0.62627
58	62	0.4607
58	63	0.41892
58	64	0.62014
58	65	0.35933
58	66	0.41271
58	67	0.30405
58	68	0.24695
58	69	0.27213
58	70	0.2986
58	71	0.29294
58	72	0.13984
58	73	0.34054
58	74	0.30067
58	75	0.23454
58	76	0.22216
58	77	0.1517
58	78	0.30156
58	79	0.23952
58	80	0.31808
58	81	0.24119
58	82	0.18677
58	83	0.31744
58	84	0.32792
58	85	0.17212
58	86	0.17015
58	87	0.13332
58	88	0.20978
58	89	0.18241
58	90	0.21987
58	91	0.15448
58	92	0.28991
58	93	0.15689
58	94	0.14633
58	95	0.18946
58	96	0.39974
58	97	0.17979
59	60	3.6741
59	61	1.3371
59	62	0.86159
59	63	0.41376
59	64	0.42528
59	65	0.29534
59	66	0.20999
59	67	0.12657
59	68	0.19217
59	69	0.18461
59	70	0.15193
59	71	0.1897
59	72	0.19923
59	73	0.23102
59	74	0.21284
59	75	0.21215
59	76	0.32125
59	77	0.35504
59	78	0.33609
59	79	0.24374
59	80	0.25894
59	81	0.24543
59	82	0.3326
59	83	0.19662
59	84	0.23358
59	85	0.27817
59	86	0.22261
59	87	0.13567
59	88	0.18836
59	89	0.061873
59	90	0.11845
59	91	0.18577
59	92	0.32972
59	93	0.24834
59	94	0.18613
59	95	0.28918
59	96	0.20338
59	97	0.54887
60	61	4.7247
60	62	1.4416
60	63	0.91082
60	64	0.61235
60	65	0.4062
60	66	0.50811
60	67	0.36927
60	68	0.27169
60	69	0.14811
60	70	0.22968
60	71	0.30834
60	72	0.22419
60	73	0.25275
60	74	0.17464
60	75	0.15086
60	76	0.20827
60	77	0.24319
60	78	0.39648
60	79	0.21333
60	80	0.24079
60	81	0.34116
60	82	0.23565
60	83	0.20897
60	84	0.23364
60	85	0.24347
60	86	0.18401
60	87	0.26986
60	88	0.26377
60	89	0.1408
60	90	0.12671
60	91	0.11257
60	92	0.21264
60	93	0.17078
60	94	0.097742
60	95	0.23201
60	96	0.21361
60	97	0.16013
61	62	3.0448
61	63	1.6095
61	64	0.6058
61	65	0.75103
61	66	0.5074
61	67	0.41884
61	68	0.4706
61	69	0.26858
61	70	0.29786
61	71	0.19481
61	72	0.26305
61	73	0.32029
61	74	0.23224
61	75	0.1634
61	76	0.30547
61	77	0.28535
61	78	0.19509
61	79	0.20859
61	80	0.2493
61	81	0.19274
61	82	0.22771
61	83	0.30288
61	84	0.23988
61	85	0.14813
61	86	0.16511
61	87	0.17732
61	88	0.15475
61	89	0.13979
61	90	0.21625
61	91	0.33754
61	92	0.23168
61	93	0.29147
61	94	0.2676
61	95	0.29698
61	96	0.41773
61	97	0.18789
62	63	3.9429
62	64	1.5428
62	65	1.1423
62	66	0.63025
62	67	0.57114
62	68	0.50796
62	69	0.35243
62	70	0.30202
62	71	0.19754
62	72	0.28155
62	73	0.38491
62	74	0.26319
62	75	0.17949
62	76	0.2354
62	77	0.27326
62	78	0.24346
62	79	0.1833
62	80	0.30334
62	81	0.2706
62	82	0.2144
62	83	0.17549
62	84	0.20848
62	85	0.32185
62	86	0.30907
62	87	0.20549
62	88	0.20922
62	89	0.1804
62	90	0.17816
62	91	0.26785
62	92	0.21685
62	93	0.33248
62	94	0.27134
62	95	0.30113
62	96	0.42357
62	97	0
63	64	3.8167
63	65	1.9998
63	66	1.0946
63	67	1.0434
63	68	0.91392
63	69	0.6658
63	70	0.46964
63	71	0.47472
63	72	0.39591
63	73	0.51182
63	74	0.35639
63	75	0.39622
63	76	0.2452
63	77	0.31813
63	78	0.22586
63	79	0.30697
63	80	0.15008
63	81	0.16364
63	82	0.21216
63	83	0.21708
63	84	0.26361
63	85	0.27602
63	86	0.33133
63	87	0.33043
63	88	0.29761
63	89	0.24227
63	90	0.1763
63	91	0.36813
63	92	0.16094
63	93	0.21934
63	94	0.38358
63	95	0.27315
63	96	0.083829
63	97	0.18852
64	65	3.0761
64	66	2.0332
64	67	1.2685
64	68	0.9833
64	69	0.503
64	70	0.51386
64	71	0.62635
64	72	0.56154
64	73	0.37768
64	74	0.40494
64	75	0.47837
64	76	0.40243
64	77	0.17404
64	78	0.23065
64	79	0.35113
64	80	0.16421
64	81	0.13021
64	82	0.16071
64	83	0.30085
64	84	0.16303
64	85	0.12777
64	86	0.25098
64	87	0.23639
64	88	0.29731
64	89	0.30693
64	90	0.44515
64	91	0.25778
64	92	0.35218
64	93	0.27999
64	94	0.58757
64	95	0.13585
64	96	0.13758
64	97	0.20627
65	66	3.7976
65	67	1.8693
65	68	1.1276
65	69	0.76459
65	70	0.68643
65	71	0.42285
65	72	0.57567
65	73	0.42723
65	74	0.246
65	75	0.58236
65	76	0.24754
65	77	0.26763
65	78	0.10134
65	79	0.21911
65	80	0.29928
65	81	0.16686
65	82	0.14645
65	83	0.32465
65	84	0.24426
65	85	0.27388
65	86	0.21441
65	87	0.24234
65	88	0.29028
65	89	0.40047
65	90	0.45635
65	91	0.49551
65	92	0.32092
65	93	0.34854
65	94	0.38723
65	95	0.16712
65	96	0.23507
65	97	0
66	67	2.9267
66	68	1.4706
66	69	0.90579
66	70	0.96742
66	71	0.59147
66	72	0.70785
66	73	0.4925
66	74	0.36461
66	75	0.37688
66	76	0.24157
66	77	0.31341
66	78	0.25218
66	79	0.28867
66	80	0.21357
66	81	0.23449
66	82	0.20901
66	83	0.3992
66	84	0.24841
66	85	0.15688
66	86	0.18831
66	87	0.32552
66	88	0.38242
66	89	0.33917
66	90	0.36073
66	91	0.46421
66	92	0.40518
66	93	0.36014
66	94	0.45347
66	95	0.29356
66	96	0.20646
66	97	0
67	68	3.2121
67	69	1.6537
67	70	1.1015
67	71	0.87703
67	72	0.93752
67	73	0.6809
67	74	0.49201
67	75	0.36781
67	76	0.37131
67	77	0.26763
67	78	0.18579
67	79	0.14086
67	80	0.24317
67	81	0.18355
67	82	0.21967
67	83	0.32465
67	84	0.28283
67	85	0.33342
67	86	0.057176
67	87	0.34212
67	88	0.33382
67	89	0.47199
67	90	0.54762
67	91	0.2973
67	92	0.18052
67	93	0.41005
67	94	0.5163
67	95	0.50136
67	96	0.047015
67	97	0.21146
68	69	2.8782
68	70	1.7618
68	71	1.6297
68	72	1.262
68	73	1.0104
68	74	0.58179
68	75	0.56379
68	76	0.41918
68	77	0.24379
68	78	0.30179
68	79	0.36191
68	80	0.39322
68	81	0.15785
68	82	0.23089
68	83	0.25593
68	84	0.24323
68	85	0.17523
68	86	0.31551
68	87	0.4495
68	88	0.21358
68	89	0.30067
68	90	0.41571
68	91	0.32985
68	92	0.4849
68	93	0.36635
68	94	0.49746
68	95	0.70263
68	96	0.34592
68	97	0
69	70	3.8242
69	71	2.4498
69	72	2.0511
69	73	1.4166
69	74	0.55502
69	75	0.62027
69	76	0.48138
69	77	0.35131
69	78	0.42493
69	79	0.44513
69	80	0.266
69	81	0.18253
69	82	0.22027
69	83	0.35513
69	84	0.23907
69	85	0.32565
69	86	0.14072
69	87	0.2495
69	88	0.30166
69	89	0.39114
69	90	0.54911
69	91	0.37942
69	92	0.4827
69	93	0.2467
69	94	0.56478
69	95	0.36562
69	96	0.30857
69	97	0.69395
70	71	3.7681
70	72	2.2291
70	73	1.3374
70	74	0.70967
70	75	0.46656
70	76	0.4997
70	77	0.33291
70	78	0.39808
70	79	0.43036
70	80	0.36739
70	81	0.22942
70	82	0.19775
70	83	0.36665
70	84	0.26513
70	85	0.15203
70	86	0.2246
70	87	0.26599
70	88	0.29932
70	89	0.46352
70	90	0.41828
70	91	0.45418
70	92	0.35456
70	93	0.24162
70	94	0.67605
70	95	0.38295
70	96	0.27703
70	97	0.41533
71	72	3.5022
71	73	2.0967
71	74	1.1258
71	75	0.67921
71	76	0.60948
71	77	0.44694
71	78	0.358
71	79	0.49761
71	80	0.23428
71	81	0.27331
71	82	0.3351
71	83	0.34407
71	84	0.29727
71	85	0.14915
71	86	0.16526
71	87	0.31589
71	88	0.36358
71	89	0.49608
71	90	0.70348
71	91	0.42966
71	92	0.42515
71	93	0.31606
71	94	0.5389
71	95	0.40254
71	96	0.22649
71	97	0.61121
72	73	2.9315
72	74	1.229
72	75	0.68231
72	76	0.68184
72	77	0.45133
72	78	0.39307
72	79	0.61762
72	80	0.30283
72	81	0.23638
72	82	0.31489
72	83	0.47633
72	84	0.33822
72	85	0.18074
72	86	0.18803
72	87	0.43272
72	88	0.33778
72	89	0.37628
72	90	0.53872
72	91	0.58495
72	92	0.34503
72	93	0.24895
72	94	0.65303
72	95	0.42276
72	96	0.28543
72	97	0.21397
73	74	2.7656
73	75	0.91888
73	76	0.80196
73	77	0.99649
73	78	0.83233
73	79	0.61703
73	80	0.41481
73	81	0.49339
73	82	0.4661
73	83	0.43998
73	84	0.39069
73	85	0.28364
73	86	0.19959
73	87	0.31613
73	88	0.2861
73	89	0.38767
73	90	0.27487
73	91	0.44768
73	92	0.47776
73	93	0.42099
73	94	0.17669
73	95	0.22877
73	96	0.23169
73	97	0.52105
74	75	3.7254
74	76	2.7706
74	77	1.3332
74	78	1.0224
74	79	0.90303
74	80	0.58386
74	81	0.36302
74	82	0.41556
74	83	0.64487
74	84	0.59585
74	85	0.15769
74	86	0.25689
74	87	0.35057
74	88	0.31575
74	89	0.52761
74	90	0.57553
74	91	0.31246
74	92	0.36047
74	93	0.34907
74	94	0.61045
74	95	0.23711
74	96	0.13341
74	97	0.80006
75	76	4.3953
75	77	1.598
75	78	0.85987
75	79	0.91485
75	80	0.72305
75	81	0.42476
75	82	0.46599
75	83	0.48973
75	84	0.32726
75	85	0.40417
75	86	0.26953
75	87	0.44351
75	88	0.46525
75	89	0.57984
75	90	0.55932
75	91	0.31144
75	92	0.30257
75	93	0.3866
75	94	0.68959
75	95	0.21008
75	96	0.31028
75	97	0
76	77	2.868
76	78	1.386
76	79	1.1122
76	80	0.74377
76	81	0.50821
76	82	0.43364
76	83	0.61799
76	84	0.46769
76	85	0.33246
76	86	0.22977
76	87	0.3618
76	88	0.35609
76	89	0.43561
76	90	0.48903
76	91	0.48908
76	92	0.42423
76	93	0.45098
76	94	0.4004
76	95	0.11782
76	96	0.19888
76	97	0
77	78	3.9487
77	79	1.4258
77	80	0.98549
77	81	0.89745
77	82	0.90417
77	83	0.71269
77	84	0.49388
77	85	0.4444
77	86	0.37654
77	87	0.28164
77	88	0.27082
77	89	0.23548
77	90	0.4675
77	91	0.39884
77	92	0.4183
77	93	0.51759
77	94	0.14168
77	95	0.36687
77	96	0.36123
77	97	0.69631
78	79	4.163
78	80	1.2244
78	81	1.0229
78	82	0.85592
78	83	0.77585
78	84	0.58775
78	85	0.4578
78	86	0.31189
78	87	0.51841
78	88	0.37701
78	89	0.41611
78	90	0.23708
78	91	0.54918
78	92	0.43766
78	93	0.42606
78	94	0.58117
78	95	0.43411
78	96	0.3908
78	97	0
79	80	3.674
79	81	1.4138
79	82	1.1456
79	83	0.92212
79	84	0.61891
79	85	0.45862
79	86	0.34407
79	87	0.34313
79	88	0.41923
79	89	0.31673
79	90	0.42474
79	91	0.23854
79	92	0.44418
79	93	0.51325
79	94	0.33141
79	95	0.295
79	96	0.31687
79	97	0.2036
80	81	4.9156
80	82	2.0012
80	83	1.1955
80	84	0.97639
80	85	0.49331
80	86	0.23028
80	87	0.21325
80	88	0.46765
80	89	0.31271
80	90	0.4026
80	91	0.39914
80	92	0.4847
80	93	0.42467
80	94	0.29706
80	95	0.48078
80	96	0.32461
80	97	0.48667
81	82	4.5852
81	83	1.733
81	84	0.96339
81	85	0.709
81	86	0.4402
81	87	0.2634
81	88	0.37248
81	89	0.35237
81	90	0.406
81	91	0.40693
81	92	0.53534
81	93	0.50512
81	94	0.22084
81	95	0.65763
81	96	0.82046
81	97	0.43415
82	83	3.9669
82	84	1.6071
82	85	0.69734
82	86	0.6117
82	87	0.36923
82	88	0.5067
82	89	0.2255
82	90	0.23983
82	91	0.22321
82	92	0.49694
82	93	0.76194
82	94	0.29072
82	95	0.69009
82	96	0.52946
82	97	0.23814
83	84	4.1083
83	85	0.97511
83	86	0.69944
83	87	0.86836
83	88	0.82616
83	89	0.72843
83	90	0.33419
83	91	0.46184
83	92	0.30045
83	93	0.40949
83	94	0.2578
83	95	0.50067
83	96	0.5634
83	97	0.21117
84	85	2.2321
84	86	1.4583
84	87	1.1612
84	88	1.102
84	89	1.1086
84	90	0.69778
84	91	0.41802
84	92	0.5235
84	93	0.55132
84	94	0.20417
84	95	0.50667
84	96	0.40902
84	97	0.83622
85	86	5.9897
85	87	2.0364
85	88	2.0415
85	89	1.2888
85	90	0.73548
85	91	0.5445
85	92	0.4849
85	93	0.58577
85	94	0.40975
85	95	0.40809
85	96	0.68884
85	97	0.30982
86	87	3.9988
86	88	2.8078
86	89	1.8614
86	90	0.94972
86	91	0.71169
86	92	0.54678
86	93	0.5589
86	94	0.41618
86	95	0.48986
86	96	0.53746
86	97	0.55785
87	88	5.244
87	89	2.6967
87	90	0.94714
87	91	0.70975
87	92	0.63324
87	93	0.39556
87	94	0.30185
87	95	0.26869
87	96	0.45353
87	97	0
88	89	3.5119
88	90	1.4397
88	91	0.75214
88	92	0.71638
88	93	0.38444
88	94	0.6915
88	95	0.32331
88	96	0.33583
88	97	0
89	90	3.654
89	91	1.7876
89	92	1.1295
89	93	0.8118
89	94	1.2493
89	95	0.41664
89	96	0.24821
89	97	0.18606
90	91	4.4979
90	92	2.365
90	93	0.92095
90	94	1.1676
90	95	0.72983
90	96	0.21998
90	97	0
91	92	5.727
91	93	1.5833
91	94	1.7487
91	95	0.90567
91	96	0.95545
91	97	0.21487
92	93	4.402
92	94	1.8582
92	95	2.2684
92	96	1.0442
92	97	1.3047
93	94	5.0469
93	95	4.8833
93	96	2.6685
93	97	2.1337
94	95	5.3819
94	96	2.4889
94	97	2.2389
95	96	9.5062
95	97	5.0728
96	97	27.523
