1	2	19.932
1	3	4.0091
1	4	2.6743
1	5	1.3199
1	6	0.53952
1	7	0.14748
1	8	0.20366
1	9	0.4203
1	10	0.48592
1	11	0.25559
1	12	0.2361
1	13	0.08269
1	14	0.1417
1	15	0.20463
1	16	0.17012
1	17	0.39047
1	18	0.41673
1	19	0
1	20	0.17681
1	21	0.36831
1	22	0.53252
1	23	0.45717
1	24	0.559
1	25	0.57073
1	26	0.21
1	27	0.15767
1	28	0.10159
1	29	0.49484
1	30	1.3392
1	31	0.43894
1	32	0.74366
1	33	0.82387
1	34	0.6584
1	35	0
1	36	0.58281
1	37	0.3779
1	38	0.13064
1	39	0.068926
1	40	0.17721
1	41	0.19523
1	42	0.060686
1	43	0.113
1	44	0.06142
1	45	0.062296
1	46	0.2566
1	47	0.52155
1	48	0.10192
1	49	0.37766
1	50	0.060756
1	51	0
1	52	0.057789
1	53	0
1	54	0.12405
1	55	0
1	56	0.061324
1	57	0.18056
1	58	0.78736
1	59	0.39364
1	60	0.4367
1	61	0
1	62	0.27402
1	63	0
1	64	0
1	65	0.18405
1	66	0
1	67	0.17305
1	68	0
1	69	0.13484
1	70	0.061015
1	71	0.21715
1	72	0.14176
1	73	0
1	74	0.1816
1	75	0.24626
1	76	0.12856
1	77	0.33672
1	78	1.2711
1	79	0.24397
1	80	1.6848
2	3	16.08
2	4	2.6267
2	5	2.4488
2	6	0.17664
2	7	0.072428
2	8	0.20004
2	9	0.16513
2	10	0.1591
2	11	0.66946
2	12	0.81165
2	13	0.16244
2	14	0.13918
2	15	0.40198
2	16	0.50128
2	17	0
2	18	0.40932
2	19	0.67347
2	20	0
2	21	0.09044
2	22	0.26152
2	23	0.26943
2	24	0.09151
2	25	0.16017
2	26	0.20626
2	27	0.30974
2	28	0.39912
2	29	0.97208
2	30	1.9731
2	31	1.509
2	32	0.43826
2	33	0.40461
2	34	0
2	35	0.10915
2	36	0.57245
2	37	0
2	38	0.06416
2	39	0.1354
2	40	0.17406
2	41	0.063921
2	42	0
2	43	0.055498
2	44	0.12066
2	45	0
2	46	0.063009
2	47	0.36591
2	48	0.1001
2	49	0.061824
2	50	0
2	51	0
2	52	0.056761
2	53	0
2	54	0.060923
2	55	0.053023
2	56	0
2	57	0.17735
2	58	0.66288
2	59	0.48331
2	60	0.42894
2	61	0
2	62	0
2	63	0
2	64	0.063763
2	65	0
2	66	0
2	67	0.056657
2	68	0
2	69	0.066222
2	70	0
2	71	0.071095
2	72	0
2	73	0.057224
2	74	0.17837
2	75	0
2	76	0.37883
2	77	0.11024
2	78	0.74908
2	79	0.71889
2	80	1.3239
3	4	6.0759
3	5	2.3396
3	6	0.42191
3	7	0.069199
3	8	0.063706
3	9	0.078883
3	10	0.152
3	11	0.55966
3	12	0.88624
3	13	0.31039
3	14	0.5319
3	15	0.28804
3	16	0.79822
3	17	0.36643
3	18	0.23464
3	19	0
3	20	0.33184
3	21	0.17281
3	22	0.74959
3	23	0.25741
3	24	0.26229
3	25	0.076513
3	26	0.19707
3	27	0.22195
3	28	0.286
3	29	0.69656
3	30	0.62838
3	31	1.4417
3	32	0
3	33	0
3	34	0
3	35	0
3	36	0
3	37	0.21278
3	38	0.061299
3	39	0.12936
3	40	0.083147
3	41	0.061071
3	42	0.056949
3	43	0.10605
3	44	0.11528
3	45	0.11692
3	46	0.1806
3	47	0.20976
3	48	0.095641
3	49	0
3	50	0.17105
3	51	0.050607
3	52	0.054231
3	53	0
3	54	0.058206
3	55	0
3	56	0.057549
3	57	0.59305
3	58	0.73888
3	59	0.36941
3	60	0.68302
3	61	0.14492
3	62	0.12858
3	63	0.12971
3	64	0
3	65	0.17271
3	66	0
3	67	0
3	68	0
3	69	0
3	70	0
3	71	0.13585
3	72	0.066518
3	73	0
3	74	0.17042
3	75	0.46219
3	76	0.12065
3	77	0.10533
3	78	0.47712
3	79	0.68684
3	80	3.4783
4	5	7.5953
4	6	0.63989
4	7	0.32068
4	8	0.29522
4	9	0.39879
4	10	0.41624
4	11	0.70733
4	12	1.1668
4	13	0.3596
4	14	0.28011
4	15	0.64719
4	16	0.6053
4	17	0.38593
4	18	0.16476
4	19	0.27107
4	20	0.2796
4	21	0.25482
4	22	0.36843
4	23	0.54223
4	24	0.36833
4	25	0.25787
4	26	0.055348
4	27	0.18701
4	28	0.3213
4	29	0.78254
4	30	0.52946
4	31	0.95443
4	32	0.41161
4	33	0.16286
4	34	0
4	35	0.043935
4	36	0
4	37	0.17928
4	38	0.051649
4	39	0.109
4	40	0.10509
4	41	0.10291
4	42	0.047984
4	43	0.089352
4	44	0.024282
4	45	0.049257
4	46	0.10145
4	47	0.35347
4	48	0.32234
4	49	0.12442
4	50	0.04804
4	51	0.02132
4	52	0
4	53	0.024551
4	54	0.073565
4	55	0.064026
4	56	0
4	57	0.32123
4	58	0.53362
4	59	0.19453
4	60	0.2302
4	61	0.1221
4	62	0.1625
4	63	0.054643
4	64	0.076994
4	65	0.21829
4	66	0.11521
4	67	0.068414
4	68	0.056582
4	69	0.026654
4	70	0.024122
4	71	0.028616
4	72	0.14012
4	73	0.046066
4	74	0.17949
4	75	0.34075
4	76	0.25413
4	77	0.17749
4	78	0.40201
4	79	0.38581
4	80	0.66608
5	6	1.5927
5	7	0.78975
5	8	0.36353
5	9	1.1427
5	10	0.66722
5	11	0.84228
5	12	0.68079
5	13	0.30656
5	14	0.40859
5	15	0.33717
5	16	0.77084
5	17	0.40211
5	18	0.44633
5	19	0.56489
5	20	0.40058
5	21	0.45515
5	22	0.49356
5	23	0.48964
5	24	0.57567
5	25	0.36944
5	26	0.28835
5	27	0.16238
5	28	0.6277
5	29	0.61152
5	30	0.8275
5	31	0.90405
5	32	0.5514
5	33	0
5	34	0.27122
5	35	0.13733
5	36	0.48015
5	37	0.34247
5	38	0.24217
5	39	0.34071
5	40	0.54747
5	41	0.13404
5	42	0
5	43	0.1862
5	44	0.1518
5	45	0.12831
5	46	0.13213
5	47	0.42968
5	48	0.29388
5	49	0.10371
5	50	0.10011
5	51	0
5	52	0.04761
5	53	0.02558
5	54	0
5	55	0.088948
5	56	0.025261
5	57	0.48346
5	58	0.37067
5	59	0.16215
5	60	0.11993
5	61	0.12722
5	62	0.1411
5	63	0.17081
5	64	0.18719
5	65	0.22744
5	66	0.15005
5	67	0.11881
5	68	0.11791
5	69	0.055545
5	70	0.10054
5	71	0.089449
5	72	0.26279
5	73	0.095995
5	74	0.11221
5	75	0.35504
5	76	0.26479
5	77	0.092469
5	78	0.41887
5	79	0.30149
5	80	0.69401
6	7	5.0099
6	8	2.4347
6	9	1.9108
6	10	0.69547
6	11	0.34429
6	12	0.14908
6	13	0.35505
6	14	0.64421
6	15	0.25842
6	16	0.17187
6	17	0.54242
6	18	0.63153
6	19	0.34636
6	20	0.26794
6	21	0.32558
6	22	0.269
6	23	0.13856
6	24	0.18825
6	25	0.20593
6	26	0.40664
6	27	0.55754
6	28	0.25658
6	29	0.12498
6	30	0
6	31	0.16629
6	32	0.82644
6	33	0.7283
6	34	1.4966
6	35	0.7017
6	36	0.2944
6	37	0.17181
6	38	0.18148
6	39	0.13927
6	40	0.15665
6	41	0.23012
6	42	0.22991
6	43	0.28542
6	44	0.18616
6	45	0.26748
6	46	0.17823
6	47	0.16936
6	48	0.28315
6	49	0.25436
6	50	0.21483
6	51	0.17707
6	52	0.18975
6	53	0.15684
6	54	0.34465
6	55	0.23178
6	56	0.15489
6	57	0.11401
6	58	0.056818
6	59	0.099423
6	60	0.14706
6	61	0.058505
6	62	0.10382
6	63	0.10473
6	64	0.098377
6	65	0.046485
6	66	0.073601
6	67	0.058276
6	68	0.19881
6	69	0.17028
6	70	0.15411
6	71	0.054845
6	72	0.071611
6	73	0.17658
6	74	0.1376
6	75	0.062198
6	76	0.16235
6	77	0.14174
6	78	0
6	79	0.061619
6	80	0
7	8	4.0916
7	9	2.0544
7	10	0.83872
7	11	0.37057
7	12	0.22005
7	13	0.41105
7	14	0.44024
7	15	0.31787
7	16	0.10571
7	17	0.3235
7	18	0.4661
7	19	0.071008
7	20	0.31128
7	21	0.24792
7	22	0.19302
7	23	0.20832
7	24	0.057891
7	25	0.20265
7	26	0.27547
7	27	0.42455
7	28	0.27353
7	29	0.15374
7	30	0.13869
7	31	0.090914
7	32	0.46209
7	33	0.59725
7	34	1.3637
7	35	0.69052
7	36	0.24143
7	37	0.18785
7	38	0.21647
7	39	0.27125
7	40	0.25692
7	41	0.2561
7	42	0.25139
7	43	0.24576
7	44	0.15266
7	45	0.32257
7	46	0.079721
7	47	0.061728
7	48	0.063327
7	49	0.15644
7	50	0.3146
7	51	0.39093
7	52	0.23939
7	53	0.30869
7	54	0.28263
7	55	0.24598
7	56	0.27944
7	57	0.056097
7	58	0.046594
7	59	0
7	60	0
7	61	0.015992
7	62	0.028378
7	63	0.085883
7	64	0.1479
7	65	0.0953
7	66	0.1358
7	67	0.095579
7	68	0.044465
7	69	0.16757
7	70	0.12638
7	71	0.059968
7	72	0.11745
7	73	0.084468
7	74	0.075228
7	75	0.10201
7	76	0.13314
7	77	0.046494
7	78	0.21061
7	79	0.050531
7	80	0
8	9	3.0775
8	10	1.0347
8	11	0.37365
8	12	0.18008
8	13	0.26805
8	14	0.71602
8	15	0.27313
8	16	0.29194
8	17	0.33505
8	18	0.54035
8	19	0.19611
8	20	0.236
8	21	0.2458
8	22	0.050771
8	23	0.17435
8	24	0.088826
8	25	0.13992
8	26	0.38708
8	27	0.39085
8	28	0.27119
8	29	0.047178
8	30	0
8	31	0
8	32	0.53885
8	33	0.94258
8	34	1.5065
8	35	0.99594
8	36	0.77792
8	37	0.21618
8	38	0.1121
8	39	0.19714
8	40	0.18584
8	41	0.29782
8	42	0.25458
8	43	0.19393
8	44	0.12883
8	45	0.20194
8	46	0.19571
8	47	0.056828
8	48	0.038867
8	49	0.25205
8	50	0.2317
8	51	0.28792
8	52	0.24242
8	53	0.31971
8	54	0.33116
8	55	0.37056
8	56	0.30403
8	57	0.068859
8	58	0.021448
8	59	0.056295
8	60	0.027757
8	61	0.14723
8	62	0.039189
8	63	0.15813
8	64	0.12378
8	65	0.10528
8	66	0.069457
8	67	0.054995
8	68	0.13645
8	69	0.17998
8	70	0.11635
8	71	0.17943
8	72	0.14868
8	73	0.1222
8	74	0
8	75	0.093914
8	76	0.024514
8	77	0.085607
8	78	0.048474
8	79	0.04652
8	80	0
9	10	2.8874
9	11	1.4886
9	12	0.6132
9	13	0.44905
9	14	0.76951
9	15	0.50731
9	16	0.3615
9	17	0.55316
9	18	0.49198
9	19	0.56662
9	20	0.43834
9	21	0.26088
9	22	0.15717
9	23	0.12953
9	24	0.24197
9	25	0.17326
9	26	0.21486
9	27	0.50259
9	28	0.38377
9	29	0.17526
9	30	0.1581
9	31	0.36273
9	32	0.63211
9	33	0.68083
9	34	0.46637
9	35	0.65597
9	36	0.27522
9	37	0.30337
9	38	0.2005
9	39	0.16274
9	40	0.14644
9	41	0.26122
9	42	0.2006
9	43	0.13341
9	44	0.23203
9	45	0.23534
9	46	0.12117
9	47	0.15833
9	48	0.16844
9	49	0.16348
9	50	0.21518
9	51	0.089129
9	52	0.15009
9	53	0.21993
9	54	0.26361
9	55	0.11471
9	56	0.26063
9	57	0.14921
9	58	0.053115
9	59	0.069708
9	60	0
9	61	0.072923
9	62	0.16175
9	63	0.21212
9	64	0.091966
9	65	0.065183
9	66	0.15481
9	67	0.054478
9	68	0.20275
9	69	0.12735
9	70	0.11525
9	71	0.10254
9	72	0.066944
9	73	0.17882
9	74	0.17151
9	75	0.11629
9	76	0.18213
9	77	0
9	78	0.060023
9	79	0.11521
9	80	0.23868
10	11	6.0274
10	12	1.0205
10	13	0.75242
10	14	0.91868
10	15	0.58187
10	16	0.46439
10	17	0.48854
10	18	0.5688
10	19	0.23396
10	20	0.32177
10	21	0.60743
10	22	0.15142
10	23	0.2912
10	24	0.3391
10	25	0.22257
10	26	0.23886
10	27	0.52009
10	28	0.36975
10	29	0.28142
10	30	0
10	31	0.14978
10	32	0.33834
10	33	0.28112
10	34	0
10	35	0.22752
10	36	0.26516
10	37	0.20632
10	38	0.20803
10	39	0.20383
10	40	0.12093
10	41	0.19245
10	42	0.15186
10	43	0.15424
10	44	0.06986
10	45	0.15588
10	46	0.10215
10	47	0.18644
10	48	0.18547
10	49	0.11455
10	50	0.13821
10	51	0.14721
10	52	0.06573
10	53	0.084759
10	54	0.056439
10	55	0.11052
10	56	0.069751
10	57	0.24645
10	58	0.076762
10	59	0.06716
10	60	0.099343
10	61	0.12295
10	62	0.093504
10	63	0.12577
10	64	0.088605
10	65	0.10467
10	66	0.082862
10	67	0.1181
10	68	0.032557
10	69	0.076685
10	70	0.08328
10	71	0.065863
10	72	0.080623
10	73	0.14578
10	74	0.14459
10	75	0.19607
10	76	0.11698
10	77	0.25532
10	78	0
10	79	0.055498
10	80	0.076652
11	12	4.8872
11	13	1.2664
11	14	0.71211
11	15	0.83247
11	16	0.89563
11	17	0.56065
11	18	0.31913
11	19	0.49225
11	20	0.52889
11	21	0.24238
11	22	0.19115
11	23	0.15317
11	24	0.20066
11	25	0.23414
11	26	0.23452
11	27	0.15093
11	28	0.31604
11	29	0.47367
11	30	0.16024
11	31	0.47268
11	32	0.42711
11	33	0.098579
11	34	0.15756
11	35	0.13297
11	36	0.13947
11	37	0.21704
11	38	0.14069
11	39	0.16495
11	40	0.19083
11	41	0.17131
11	42	0.029045
11	43	0.22986
11	44	0.08819
11	45	0.11926
11	46	0.15351
11	47	0.24962
11	48	0.19511
11	49	0.060251
11	50	0.029079
11	51	0.05162
11	52	0.055317
11	53	0.044582
11	54	0
11	55	0.025837
11	56	0.088052
11	57	0.15123
11	58	0.080751
11	59	0.16485
11	60	0.10451
11	61	0.12934
11	62	0.065576
11	63	0.08269
11	64	0.13982
11	65	0.088087
11	66	0.1046
11	67	0.082823
11	68	0.17125
11	69	0.11294
11	70	0.11681
11	71	0.10393
11	72	0.084813
11	73	0.069709
11	74	0.10865
11	75	0.23572
11	76	0.030766
11	77	0.080578
11	78	0.18251
11	79	0.058383
11	80	0.24191
12	13	3.0709
12	14	1.0337
12	15	1.1535
12	16	1.3538
12	17	0.32368
12	18	0.304
12	19	0.45471
12	20	0.35176
12	21	0.33584
12	22	0.22072
12	23	0.3335
12	24	0.49428
12	25	0.35145
12	26	0.18568
12	27	0.078423
12	28	0.4379
12	29	0.65632
12	30	0.22203
12	31	0.5094
12	32	0.34522
12	33	0
12	34	0.43663
12	35	0
12	36	0.19325
12	37	0.3258
12	38	0.12996
12	39	0.022855
12	40	0.20565
12	41	0.15105
12	42	0.020122
12	43	0.03747
12	44	0.14256
12	45	0.082625
12	46	0.085083
12	47	0.54351
12	48	0.33794
12	49	0.041742
12	50	0
12	51	0.053644
12	52	0.095809
12	53	0
12	54	0.0617
12	55	0.0179
12	56	0.061002
12	57	0.35922
12	58	0.18648
12	59	0.19579
12	60	0.19307
12	61	0.10241
12	62	0.15901
12	63	0.09166
12	64	0.064576
12	65	0.091539
12	66	0.096625
12	67	0.095633
12	68	0.047456
12	69	0.044711
12	70	0.040463
12	71	0.024001
12	72	0.14102
12	73	0.057953
12	74	0.030108
12	75	0.20414
12	76	0.21314
12	77	0.26051
12	78	0.084293
12	79	0.080895
12	80	0.22346
13	14	4.1305
13	15	2.6378
13	16	0.90878
13	17	0.99761
13	18	0.81306
13	19	0.31851
13	20	0.84186
13	21	0.40634
13	22	0.37105
13	23	0.36103
13	24	0.32459
13	25	0.28406
13	26	0.24388
13	27	0.31129
13	28	0.35393
13	29	0.6896
13	30	0
13	31	0.50975
13	32	0.27636
13	33	0
13	34	0.30585
13	35	0.077434
13	36	0.27073
13	37	0.1931
13	38	0.16689
13	39	0.14408
13	40	0.24695
13	41	0.045346
13	42	0.056381
13	43	0.026247
13	44	0.14266
13	45	0.13022
13	46	0.1937
13	47	0.20766
13	48	0.1657
13	49	0.16082
13	50	0.14112
13	51	0.087677
13	52	0.093956
13	53	0.057694
13	54	0.086438
13	55	0.10031
13	56	0.042731
13	57	0.23066
13	58	0.078375
13	59	0.18286
13	60	0.27048
13	61	0.1614
13	62	0.12729
13	63	0.12841
13	64	0.1357
13	65	0.12824
13	66	0.15229
13	67	0.10718
13	68	0.099724
13	69	0.093956
13	70	0.099202
13	71	0.10087
13	72	0.19756
13	73	0.12178
13	74	0.16872
13	75	0.085795
13	76	0.11944
13	77	0.078207
13	78	0.11809
13	79	0.28332
13	80	0.078263
14	15	3.7465
14	16	0.64324
14	17	0.5828
14	18	0.71323
14	19	0.81871
14	20	0.5278
14	21	0.40313
14	22	0.26494
14	23	0.27294
14	24	0.22249
14	25	0.27584
14	26	0.29254
14	27	0.47068
14	28	0.28304
14	29	0.14772
14	30	0.26652
14	31	0.1747
14	32	0.35519
14	33	0.16396
14	34	0.39309
14	35	0.19904
14	36	0.34795
14	37	0.21058
14	38	0.18199
14	39	0.13717
14	40	0.17633
14	41	0.15541
14	42	0.157
14	43	0.12369
14	44	0.048893
14	45	0.14877
14	46	0.089364
14	47	0.088965
14	48	0.10141
14	49	0.16284
14	50	0.096728
14	51	0.10732
14	52	0.13801
14	53	0.098866
14	54	0.20984
14	55	0.075201
14	56	0.097633
14	57	0.017967
14	58	0.089538
14	59	0.13709
14	60	0.086908
14	61	0.16903
14	62	0.10907
14	63	0.082519
14	64	0.077514
14	65	0.12819
14	66	0.086988
14	67	0.045918
14	68	0.099687
14	69	0.14759
14	70	0.14571
14	71	0.057619
14	72	0.084637
14	73	0.16232
14	74	0.14456
14	75	0.22053
14	76	0.05117
14	77	0.13402
14	78	0.30355
14	79	0.097103
14	80	0
15	16	3.1289
15	17	1.066
15	18	0.69463
15	19	0.98524
15	20	0.68596
15	21	0.58215
15	22	0.53563
15	23	0.39415
15	24	0.45517
15	25	0.46863
15	26	0.18105
15	27	0.18125
15	28	0.29195
15	29	0.28442
15	30	0.38487
15	31	0.63072
15	32	0.38469
15	33	0.35515
15	34	0.75687
15	35	0.2555
15	36	0
15	37	0.32581
15	38	0.15018
15	39	0.15847
15	40	0.10185
15	41	0.13092
15	42	0.052321
15	43	0.064952
15	44	0.088257
15	45	0.14322
15	46	0.055307
15	47	0.1713
15	48	0.17574
15	49	0.090445
15	50	0.052381
15	51	0.030996
15	52	0.066431
15	53	0.089232
15	54	0.053476
15	55	0.046541
15	56	0.035248
15	57	0.15567
15	58	0.1293
15	59	0.16969
15	60	0.20917
15	61	0.2219
15	62	0.098439
15	63	0.099303
15	64	0.093281
15	65	0.13223
15	66	0.14656
15	67	0.049732
15	68	0.08226
15	69	0.058127
15	70	0.017535
15	71	0.062405
15	72	0.10185
15	73	0.083715
15	74	0.13048
15	75	0.10616
15	76	0.14779
15	77	0.12902
15	78	0.073058
15	79	0.21034
15	80	0
16	17	5.8773
16	18	1.6727
16	19	2.2934
16	20	1.1406
16	21	0.79196
16	22	0.82698
16	23	0.4806
16	24	0.4897
16	25	0.31168
16	26	0.36793
16	27	0.22603
16	28	0.58251
16	29	1.1823
16	30	0.31997
16	31	0.73409
16	32	0.7107
16	33	0.19684
16	34	0
16	35	0.1062
16	36	0
16	37	0.25281
16	38	0.2497
16	39	0.032936
16	40	0.16935
16	41	0.12439
16	42	0.11599
16	43	0.080997
16	44	0.029349
16	45	0.059534
16	46	0.061306
16	47	0.071204
16	48	0.2435
16	49	0.24061
16	50	0.11613
16	51	0.077305
16	52	0.027614
16	53	0.029673
16	54	0.088914
16	55	0.077384
16	56	0.029303
16	57	0.2157
16	58	0.42998
16	59	0.1881
16	60	0
16	61	0.11068
16	62	0.06547
16	63	0.16511
16	64	0.12408
16	65	0.21986
16	66	0
16	67	0.082689
16	68	0.034194
16	69	0.16108
16	70	0
16	71	0.20752
16	72	0.27096
16	73	0.083516
16	74	0.13016
16	75	0.23534
16	76	0.18429
16	77	0.1609
16	78	0.12147
16	79	0.11658
16	80	0.16101
17	18	6.9931
17	19	3.1961
17	20	1.0181
17	21	0.8079
17	22	0.36503
17	23	0.55156
17	24	0.40873
17	25	0.31298
17	26	0.76774
17	27	0.82143
17	28	0.55709
17	29	0.81409
17	30	0
17	31	0.72212
17	32	0.73407
17	33	0.6777
17	34	0
17	35	0.36565
17	36	0.31961
17	37	0.12434
17	38	0.17911
17	39	0.18899
17	40	0.24294
17	41	0.10706
17	42	0.13312
17	43	0.15493
17	44	0.033682
17	45	0.13665
17	46	0.14071
17	47	0.040859
17	48	0.22356
17	49	0
17	50	0.066636
17	51	0.17744
17	52	0.095072
17	53	0.068108
17	54	0.068028
17	55	0.08881
17	56	0.10089
17	57	0.24754
17	58	0
17	59	0.10793
17	60	0
17	61	0.12703
17	62	0.1127
17	63	0.11369
17	64	0.1424
17	65	0.050464
17	66	0.039951
17	67	0.031632
17	68	0.078484
17	69	0.073945
17	70	0.06692
17	71	0.079387
17	72	0.11661
17	73	0.031949
17	74	0
17	75	0.067522
17	76	0.141
17	77	0.1231
17	78	0.27882
17	79	0.13379
17	80	0.18478
18	19	4.1735
18	20	1.5108
18	21	1.1209
18	22	0.40517
18	23	0.40671
18	24	0.3926
18	25	0.57263
18	26	0.55718
18	27	0.73826
18	28	0.73726
18	29	0.52131
18	30	0.31353
18	31	0.35966
18	32	0.66157
18	33	0.57863
18	34	0.61656
18	35	0.26016
18	36	0.54577
18	37	0.26541
18	38	0.16822
18	39	0.24204
18	40	0.16594
18	41	0.19806
18	42	0.12786
18	43	0.27778
18	44	0.14379
18	45	0.11667
18	46	0.15018
18	47	0.1221
18	48	0.14316
18	49	0.11789
18	50	0.071118
18	51	0.17675
18	52	0.12176
18	53	0.14538
18	54	0.072604
18	55	0.12638
18	56	0.11485
18	57	0.12681
18	58	0.078998
18	59	0.20735
18	60	0.068158
18	61	0.16269
18	62	0.064152
18	63	0.080894
18	64	0.18237
18	65	0.06463
18	66	0.1535
18	67	0.040512
18	68	0.083764
18	69	0.094702
18	70	0.085706
18	71	0.15251
18	72	0.082971
18	73	0.15003
18	74	0.08503
18	75	0.057651
18	76	0.12039
18	77	0.1051
18	78	0
18	79	0.057115
18	80	0.078885
19	20	5.1078
19	21	1.5073
19	22	0.51279
19	23	0.44024
19	24	0.35886
19	25	0.31405
19	26	0.60666
19	27	0.30367
19	28	0.48912
19	29	0.71477
19	30	0
19	31	0.42268
19	32	0.57289
19	33	0
19	34	0
19	35	0.10701
19	36	1.1224
19	37	0.29112
19	38	0.37741
19	39	0.066373
19	40	0.76789
19	41	0.12534
19	42	0.11688
19	43	0.10882
19	44	0.17744
19	45	0.29994
19	46	0
19	47	0.28699
19	48	0.58885
19	49	0.12122
19	50	0.11701
19	51	0.05193
19	52	0.16695
19	53	0.059799
19	54	0.059728
19	55	0.051983
19	56	0.29527
19	57	0.086937
19	58	0.21663
19	59	0.094766
19	60	0.14018
19	61	0
19	62	0
19	63	0.1331
19	64	0.062513
19	65	0
19	66	0.14031
19	67	0.16664
19	68	0.068909
19	69	0
19	70	0.058756
19	71	0.2788
19	72	0.068257
19	73	0.1122
19	74	0.26231
19	75	0.35571
19	76	0
19	77	0
19	78	0.2448
19	79	0
19	80	0
20	21	4.1384
20	22	1.3223
20	23	0.86277
20	24	0.69404
20	25	0.60737
20	26	0.64313
20	27	0.6656
20	28	0.8829
20	29	0.67582
20	30	0.16627
20	31	0.43598
20	32	0.62785
20	33	0.40916
20	34	0.49047
20	35	0.13797
20	36	0
20	37	0.18768
20	38	0.21086
20	39	0.11981
20	40	0.28602
20	41	0.096959
20	42	0.15069
20	43	0.15433
20	44	0.25928
20	45	0.092813
20	46	0.095575
20	47	0.18501
20	48	0.20246
20	49	0.10941
20	50	0.15087
20	51	0.066954
20	52	0.1722
20	53	0.0771
20	54	0.030804
20	55	0.12064
20	56	0.15228
20	57	0.13451
20	58	0.055861
20	59	0.12218
20	60	0.10844
20	61	0.15338
20	62	0.13609
20	63	0.18877
20	64	0.14508
20	65	0.091402
20	66	0.05427
20	67	0.071617
20	68	0.14215
20	69	0.10045
20	70	0.075755
20	71	0.17974
20	72	0.17601
20	73	0.057867
20	74	0.15783
20	75	0.091724
20	76	0.19154
20	77	0.13935
20	78	0.063125
20	79	0.12116
20	80	0.083671
21	22	3.7186
21	23	1.8918
21	24	0.98793
21	25	1.0333
21	26	0.81468
21	27	0.73403
21	28	0.73566
21	29	0.57591
21	30	0.34636
21	31	0.28381
21	32	0.30773
21	33	0.31962
21	34	0.34057
21	35	0.17245
21	36	0
21	37	0.17593
21	38	0.20273
21	39	0.24957
21	40	0.22915
21	41	0.16831
21	42	0.12556
21	43	0.087679
21	44	0.063541
21	45	0.096669
21	46	0.11614
21	47	0.096349
21	48	0.10543
21	49	0.11395
21	50	0.04714
21	51	0.055789
21	52	0.044838
21	53	0.11242
21	54	0.17646
21	55	0.069808
21	56	0.095162
21	57	0.23349
21	58	0.11636
21	59	0.17816
21	60	0.18824
21	61	0.079878
21	62	0.14174
21	63	0.12511
21	64	0.18468
21	65	0.1904
21	66	0.094208
21	67	0.13427
21	68	0.11104
21	69	0.22668
21	70	0.063122
21	71	0.14976
21	72	0.091662
21	73	0.13561
21	74	0.093936
21	75	0.25476
21	76	0.16625
21	77	0.4064
21	78	0.1315
21	79	0.063097
21	80	0
22	23	7.1118
22	24	2.1949
22	25	1.1281
22	26	0.44499
22	27	0.32429
22	28	0.79774
22	29	1.2953
22	30	0.2504
22	31	0.49241
22	32	0.22247
22	33	0
22	34	0
22	35	0.12467
22	36	0
22	37	0.19784
22	38	0.12213
22	39	0.12887
22	40	0.099397
22	41	0.073006
22	42	0.11347
22	43	0.084514
22	44	0.068903
22	45	0.11647
22	46	0.14393
22	47	0.11145
22	48	0.11433
22	49	0.047074
22	50	0
22	51	0
22	52	0.043219
22	53	0.092886
22	54	0.023194
22	55	0.020186
22	56	0.045864
22	57	0.067519
22	58	0.2103
22	59	0.0736
22	60	0.3266
22	61	0.14436
22	62	0.076852
22	63	0.025842
22	64	0.072826
22	65	0.068822
22	66	0.027242
22	67	0.06471
22	68	0.1338
22	69	0.050423
22	70	0.045632
22	71	0.054133
22	72	0.053012
22	73	0.021786
22	74	0.13582
22	75	0.092086
22	76	0.096149
22	77	0.083942
22	78	0.28518
22	79	0.18246
22	80	0.252
23	24	4.1156
23	25	1.2564
23	26	0.77304
23	27	0.48594
23	28	0.57399
23	29	0.69898
23	30	0.51592
23	31	0.50729
23	32	0.19099
23	33	0.21159
23	34	0.1691
23	35	0.11416
23	36	0.29936
23	37	0.11647
23	38	0.20132
23	39	0.14162
23	40	0.13653
23	41	0.10028
23	42	0.062343
23	43	0.087068
23	44	0.094646
23	45	0.031998
23	46	0.049426
23	47	0.2679
23	48	0.15705
23	49	0.12932
23	50	0.062415
23	51	0
23	52	0.044525
23	53	0.063795
23	54	0.03186
23	55	0.027728
23	56	0.11025
23	57	0.18549
23	58	0.2311
23	59	0.2022
23	60	0.11216
23	61	0.15864
23	62	0.10557
23	63	0.088744
23	64	0.13338
23	65	0.11817
23	66	0.03742
23	67	0.074073
23	68	0.055135
23	69	0.10389
23	70	0.094022
23	71	0.092948
23	72	0.10923
23	73	0.074813
23	74	0.18656
23	75	0.094869
23	76	0.066036
23	77	0.25943
23	78	0.065289
23	79	0.25063
23	80	0.17308
24	25	4.8007
24	26	0.82433
24	27	0.41262
24	28	0.82413
24	29	1.3597
24	30	0.70093
24	31	0.5169
24	32	0.31138
24	33	0.1078
24	34	0
24	35	0.11633
24	36	0
24	37	0.15823
24	38	0.13675
24	39	0.18038
24	40	0.18549
24	41	0.034061
24	42	0.031762
24	43	0.088717
24	44	0.09644
24	45	0.048907
24	46	0.06715
24	47	0.31197
24	48	0.16002
24	49	0.049416
24	50	0.095397
24	51	0.042337
24	52	0.030246
24	53	0.081254
24	54	0.016232
24	55	0.028254
24	56	0.048145
24	57	0.11813
24	58	0.17661
24	59	0.25753
24	60	0.11428
24	61	0.12124
24	62	0.21513
24	63	0.18085
24	64	0.067953
24	65	0.14449
24	66	0.057194
24	67	0.090571
24	68	0.018727
24	69	0.1235
24	70	0.095804
24	71	0.11365
24	72	0.1113
24	73	0.1982
24	74	0.16633
24	75	0.25778
24	76	0.13457
24	77	0.23498
24	78	0.19958
24	79	0.12769
24	80	0
25	26	2.4046
25	27	1.3361
25	28	1.233
25	29	1.1333
25	30	0.46005
25	31	0.50262
25	32	0.44281
25	33	0.37736
25	34	0
25	35	0.12725
25	36	0
25	37	0.15578
25	38	0.11968
25	39	0.17364
25	40	0.30437
25	41	0.059615
25	42	0.041694
25	43	0.10352
25	44	0.084397
25	45	0.1284
25	46	0.1616
25	47	0.20476
25	48	0.32677
25	49	0.072075
25	50	0.041742
25	51	0.06175
25	52	0.066173
25	53	0.042665
25	54	0.056819
25	55	0.037088
25	56	0.056177
25	57	0.26878
25	58	0.28335
25	59	0.1803
25	60	0.16669
25	61	0.15915
25	62	0.17258
25	63	0.094961
25	64	0.089202
25	65	0.14752
25	66	0.15016
25	67	0.092472
25	68	0.098329
25	69	0.061761
25	70	0.027947
25	71	0.11604
25	72	0.1461
25	73	0.053369
25	74	0.08318
25	75	0.11279
25	76	0.11777
25	77	0.15423
25	78	0.17466
25	79	0.16762
25	80	0
26	27	4.7433
26	28	2.2171
26	29	1.1189
26	30	0.13166
26	31	0.21576
26	32	0.73109
26	33	0.56696
26	34	0.12945
26	35	0.24035
26	36	0.34377
26	37	0.20805
26	38	0.23118
26	39	0.2846
26	40	0.19163
26	41	0.16634
26	42	0.15512
26	43	0.11109
26	44	0.14492
26	45	0.11024
26	46	0.16397
26	47	0.10255
26	48	0.14027
26	49	0.16089
26	50	0.14335
26	51	0.10603
26	52	0.14771
26	53	0.097679
26	54	0.20732
26	55	0.12737
26	56	0.22909
26	57	0.21301
26	58	0.13269
26	59	0.077398
26	60	0.028621
26	61	0.075907
26	62	0.12123
26	63	0.14947
26	64	0.16593
26	65	0.072374
26	66	0.18621
26	67	0.17012
26	68	0.04221
26	69	0.14582
26	70	0.11997
26	71	0.14232
26	72	0.11149
26	73	0.17182
26	74	0.2678
26	75	0.14526
26	76	0.10111
26	77	0.15448
26	78	0.39987
26	79	0
26	80	0.066252
27	28	2.542
27	29	0.82184
27	30	0.14828
27	31	0.1458
27	32	0.72458
27	33	0.63854
27	34	0.72899
27	35	0.36913
27	36	0.51624
27	37	0.21758
27	38	0.2459
27	39	0.24421
27	40	0.23545
27	41	0.15852
27	42	0.20158
27	43	0.16266
27	44	0.20402
27	45	0.15174
27	46	0.2557
27	47	0.098994
27	48	0.15798
27	49	0.1812
27	50	0.12109
27	51	0.15524
27	52	0.15356
27	53	0.027503
27	54	0.12362
27	55	0.13149
27	56	0.19012
27	57	0.11995
27	58	0.049815
27	59	0.15255
27	60	0.12894
27	61	0.13678
27	62	0.12136
27	63	0.19894
27	64	0.15813
27	65	0.061133
27	66	0.14519
27	67	0.089414
27	68	0.206
27	69	0.16423
27	70	0.14863
27	71	0.14426
27	72	0.14127
27	73	0.18062
27	74	0.32172
27	75	0.054532
27	76	0.14234
27	77	0.12427
27	78	0.11259
27	79	0.054025
27	80	0.14923
28	29	4.5184
28	30	1.5286
28	31	0.93936
28	32	1.1459
28	33	0.58772
28	34	0.18787
28	35	0.15855
28	36	0
28	37	0.2588
28	38	0.31686
28	39	0.29502
28	40	0.27811
28	41	0.14856
28	42	0.1039
28	43	0.1451
28	44	0.26289
28	45	0.19553
28	46	0.20135
28	47	0.2126
28	48	0.26173
28	49	0.053882
28	50	0.17337
28	51	0.092327
28	52	0.065959
28	53	0.053159
28	54	0.017699
28	55	0.061614
28	56	0.12249
28	57	0.30913
28	58	0.064191
28	59	0.14041
28	60	0.041537
28	61	0.19829
28	62	0.11729
28	63	0.21692
28	64	0.14819
28	65	0.34136
28	66	0.14551
28	67	0.11522
28	68	0.1021
28	69	0.076952
28	70	0.19151
28	71	0.12392
28	72	0.16181
28	73	0.16624
28	74	0.23319
28	75	0.1054
28	76	0.18342
28	77	0.22419
28	78	0.21762
28	79	0.069615
28	80	0
29	30	9.7725
29	31	3.508
29	32	1.0336
29	33	0
29	34	0.45757
29	35	0.077231
29	36	0
29	37	0.36768
29	38	0.27238
29	39	0.1437
29	40	0.43103
29	41	0.13568
29	42	0.08435
29	43	0.19634
29	44	0.34148
29	45	0.043293
29	46	0.089164
29	47	0.46602
29	48	0.14166
29	49	0.13123
29	50	0.042224
29	51	0
29	52	0
29	53	0
29	54	0.086211
29	55	0
29	56	0
29	57	0.43919
29	58	0.39085
29	59	0.27357
29	60	0.30349
29	61	0.16098
29	62	0.19044
29	63	0.096056
29	64	0.045115
29	65	0.31976
29	66	0
29	67	0.080175
29	68	0.049731
29	69	0
29	70	0
29	71	0.20121
29	72	0.14778
29	73	0.12147
29	74	0.063104
29	75	0.085571
29	76	0.089346
29	77	0.39001
29	78	0.17667
29	79	0.50865
29	80	0
30	31	11.558
30	32	1.3987
30	33	0
30	34	0
30	35	0.62705
30	36	0
30	37	0.14216
30	38	0.36858
30	39	0.25928
30	40	0
30	41	0.1224
30	42	0.34242
30	43	0
30	44	0
30	45	0.11717
30	46	0.12066
30	47	0.56055
30	48	0.38338
30	49	0
30	50	0
30	51	0
30	52	0
30	53	0
30	54	0.11666
30	55	0
30	56	0
30	57	0.33961
30	58	0.84623
30	59	0.37019
30	60	0.27379
30	61	0.14522
30	62	0.12885
30	63	0.12998
30	64	0
30	65	0
30	66	0
30	67	0
30	68	0
30	69	0.12681
30	70	0
30	71	0.13614
30	72	0
30	73	0.10958
30	74	0.17078
30	75	0
30	76	0.2418
30	77	0.42221
30	78	0
30	79	1.8355
30	80	1.9013
31	32	4.5844
31	33	0.76182
31	34	0.40588
31	35	0.27403
31	36	0
31	37	0.37274
31	38	0.16107
31	39	0.04249
31	40	0.2731
31	41	0.080236
31	42	0.03741
31	43	0.13932
31	44	0.15145
31	45	0.076805
31	46	0.039545
31	47	0.41337
31	48	0.31413
31	49	0.038802
31	50	0
31	51	0
31	52	0
31	53	0.038281
31	54	0.038236
31	55	0
31	56	0.075608
31	57	0.55654
31	58	0.9014
31	59	0.12133
31	60	0.35894
31	61	0.33319
31	62	0.12669
31	63	0.12781
31	64	0.040019
31	65	0.11346
31	66	0.04491
31	67	0.071118
31	68	0.088226
31	69	0.041562
31	70	0.037613
31	71	0.089241
31	72	0.13109
31	73	0.071829
31	74	0.2239
31	75	0.15181
31	76	0.079252
31	77	0
31	78	0.15671
31	79	0.45119
31	80	1.0386
32	33	2.5814
32	34	2.2005
32	35	0.41784
32	36	1.2174
32	37	0.69465
32	38	0.30018
32	39	0.37434
32	40	0.40717
32	41	0.38063
32	42	0.35494
32	43	0.28326
32	44	0.23094
32	45	0.28628
32	46	0.2144
32	47	0.52915
32	48	0.34062
32	49	0.26296
32	50	0.20306
32	51	0.13517
32	52	0.21728
32	53	0.15566
32	54	0.18139
32	55	0.13531
32	56	0.35867
32	57	0.37716
32	58	0.14097
32	59	0.20556
32	60	0.12163
32	61	0.064514
32	62	0.17172
32	63	0.11548
32	64	0.24408
32	65	0.076888
32	66	0.091305
32	67	0.096392
32	68	0.11958
32	69	0.11266
32	70	0.02549
32	71	0.21167
32	72	0.088837
32	73	0.19471
32	74	0.075868
32	75	0.15432
32	76	0.21484
32	77	0.18756
32	78	0.42481
32	79	0.30577
32	80	0
33	34	3.0473
33	35	2.1859
33	36	2.6974
33	37	0.26236
33	38	0.075581
33	39	0.47851
33	40	0.5126
33	41	0.1506
33	42	0.35109
33	43	0.26151
33	44	0.28427
33	45	0.3604
33	46	0.37113
33	47	0.25863
33	48	0
33	49	0.21849
33	50	0.1406
33	51	0.49918
33	52	1.003
33	53	0.43112
33	54	0.28707
33	55	0.49969
33	56	0.28383
33	57	0
33	58	0
33	59	0
33	60	0
33	61	0.35736
33	62	0.15853
33	63	0.15992
33	64	0.075113
33	65	0.10648
33	66	0.16859
33	67	0
33	68	0.082799
33	69	0
33	70	0.2824
33	71	0.1675
33	72	0.082016
33	73	0.20223
33	74	0
33	75	0
33	76	0.44626
33	77	0.12987
33	78	0.29414
33	79	0
33	80	0
34	35	2.4662
34	36	7.5448
34	37	0.13978
34	38	0.1208
34	39	0.38241
34	40	0.16386
34	41	0.60177
34	42	0.78562
34	43	0.31348
34	44	0
34	45	0.34562
34	46	0.47454
34	47	0.27558
34	48	0.18848
34	49	0.23281
34	50	0.67417
34	51	0.29919
34	52	1.2825
34	53	1.3781
34	54	0.11471
34	55	0.39933
34	56	0.68047
34	57	0
34	58	0
34	59	0
34	60	0
34	61	0
34	62	0.12669
34	63	0.12781
34	64	0.48022
34	65	0.17018
34	66	0.13473
34	67	0.21335
34	68	0.26468
34	69	0.12468
34	70	0.11284
34	71	0
34	72	0
34	73	0.10774
34	74	0.33585
34	75	0.22771
34	76	0
34	77	0.20757
34	78	0
34	79	0
34	80	0.62316
35	36	8.7323
35	37	0.25951
35	38	0.36702
35	39	0.38727
35	40	0.24891
35	41	0.52816
35	42	0.60617
35	43	0.31747
35	44	0.19172
35	45	0.46669
35	46	0.22026
35	47	0.023257
35	48	0.19088
35	49	0.43225
35	50	0.58791
35	51	0.53866
35	52	0.82977
35	53	0.67844
35	54	0.81316
35	55	0.67402
35	56	0.63169
35	57	0.19727
35	58	0
35	59	0.061437
35	60	0.045438
35	61	0.096406
35	62	0.042768
35	63	0.12943
35	64	0.2229
35	65	0.1149
35	66	0.068221
35	67	0.14404
35	68	0.24571
35	69	0.16836
35	70	0.17141
35	71	0.090375
35	72	0.066377
35	73	0.18185
35	74	0.028343
35	75	0.038434
35	76	0.24078
35	77	0.14014
35	78	0.079352
35	79	0.076153
35	80	0
36	37	0.49491
36	38	0.21387
36	39	0.3385
36	40	0.14505
36	41	0.31961
36	42	0.79476
36	43	0.18499
36	44	0.20109
36	45	0.10198
36	46	0
36	47	0
36	48	0
36	49	0.41216
36	50	0.59676
36	51	0.61796
36	52	0.28381
36	53	0.71161
36	54	0.40615
36	55	0.6186
36	56	0.40156
36	57	0
36	58	0
36	59	0
36	60	0
36	61	0
36	62	0.33644
36	63	0.11313
36	64	0.10627
36	65	0
36	66	0.11926
36	67	0.094429
36	68	0.11714
36	69	0.22074
36	70	0.19977
36	71	0.23698
36	72	0.11604
36	73	0.28612
36	74	0
36	75	0.20157
36	76	0
36	77	0.18374
36	78	0
36	79	0
36	80	0
37	38	4.7149
37	39	1.5072
37	40	1.2038
37	41	0.56645
37	42	0.24478
37	43	0.40784
37	44	0.45637
37	45	0.27773
37	46	0.29961
37	47	0.33217
37	48	0.43273
37	49	0.44097
37	50	0.24507
37	51	0.13738
37	52	0.19629
37	53	0.22412
37	54	0.17118
37	55	0.28651
37	56	0.29944
37	57	0.38332
37	58	0.21491
37	59	0.33427
37	60	0.12361
37	61	0.14753
37	62	0.24724
37	63	0.17606
37	64	0.16538
37	65	0.41026
37	66	0.13919
37	67	0.18369
37	68	0.16711
37	69	0.14313
37	70	0.14249
37	71	0.19976
37	72	0.28591
37	73	0.13605
37	74	0.17349
37	75	0.2614
37	76	0.19105
37	77	0.23828
37	78	0.16191
37	79	0.15538
37	80	0.2146
38	39	2.7063
38	40	1.2355
38	41	0.71643
38	42	0.47879
38	43	0.36284
38	44	0.23666
38	45	0.32004
38	46	0.3531
38	47	0.27341
38	48	0.41139
38	49	0.28872
38	50	0.2341
38	51	0.20778
38	52	0.32869
38	53	0.19369
38	54	0.20485
38	55	0.17828
38	56	0.29254
38	57	0.39755
38	58	0.1651
38	59	0.090281
38	60	0.10683
38	61	0.22667
38	62	0.27653
38	63	0.27896
38	64	0.20248
38	65	0.27015
38	66	0.1604
38	67	0.14817
38	68	0.18381
38	69	0.13607
38	70	0.20151
38	71	0.29217
38	72	0.19508
38	73	0.22448
38	74	0.13328
38	75	0.18073
38	76	0.16512
38	77	0.18534
38	78	0.27986
38	79	0
38	80	0.12365
39	40	2.453
39	41	1.1339
39	42	0.61095
39	43	0.62353
39	44	0.4043
39	45	0.54273
39	46	0.40985
39	47	0.30292
39	48	0.23678
39	49	0.36558
39	50	0.2823
39	51	0.26101
39	52	0.20139
39	53	0.33663
39	54	0.25218
39	55	0.28218
39	56	0.45116
39	57	0.17479
39	58	0.10888
39	59	0.20958
39	60	0.11273
39	61	0.26908
39	62	0.29179
39	63	0.1338
39	64	0.2765
39	65	0.17816
39	66	0.23977
39	67	0.16752
39	68	0.30479
39	69	0.18274
39	70	0.40164
39	71	0.32231
39	72	0.23329
39	73	0.31582
39	74	0.33401
39	75	0.19071
39	76	0.22401
39	77	0.2173
39	78	0.049217
39	79	0
39	80	0
40	41	2.7534
40	42	0.51351
40	43	0.60466
40	44	0.61144
40	45	0.51162
40	46	0.65457
40	47	0.59337
40	48	0.7102
40	49	0.2663
40	50	0.25705
40	51	0.28184
40	52	0.21573
40	53	0.21637
40	54	0.35504
40	55	0.20152
40	56	0.24419
40	57	0.44937
40	58	0.22395
40	59	0.12246
40	60	0.14491
40	61	0.17295
40	62	0.17049
40	63	0.17199
40	64	0.27465
40	65	0.41224
40	66	0.2357
40	67	0.15791
40	68	0.21371
40	69	0.18457
40	70	0.19741
40	71	0.36028
40	72	0.33517
40	73	0.23199
40	74	0.15819
40	75	0.24515
40	76	0.22397
40	77	0.19553
40	78	0.31634
40	79	0.24287
40	80	0.08386
41	42	2.3074
41	43	1.0948
41	44	0.87573
41	45	0.64908
41	46	0.82084
41	47	0.35411
41	48	0.42849
41	49	0.44873
41	50	0.31097
41	51	0.30559
41	52	0.22183
41	53	0.3746
41	54	0.28345
41	55	0.31577
41	56	0.50444
41	57	0.29705
41	58	0.12336
41	59	0.053967
41	60	0
41	61	0.15525
41	62	0.30054
41	63	0.16422
41	64	0.23733
41	65	0.15139
41	66	0.27965
41	67	0.23197
41	68	0.23545
41	69	0.29578
41	70	0.3346
41	71	0.18524
41	72	0.2721
41	73	0.15974
41	74	0.18258
41	75	0.3151
41	76	0.1175
41	77	0.2462
41	78	0.27882
41	79	0.089192
41	80	0.061594
42	43	2.6679
42	44	0.86898
42	45	0.93446
42	46	0.62329
42	47	0.1524
42	48	0.1911
42	49	0.52573
42	50	0.62139
42	51	0.66185
42	52	0.49253
42	53	0.69863
42	54	0.53921
42	55	0.48769
42	56	0.53312
42	57	0.10772
42	58	0.095866
42	59	0.0671
42	60	0.049627
42	61	0.13162
42	62	0.14013
42	63	0.18848
42	64	0.25451
42	65	0.1098
42	66	0.17385
42	67	0.12782
42	68	0.29275
42	69	0.35626
42	70	0.31202
42	71	0.13572
42	72	0.084578
42	73	0.28799
42	74	0.17026
42	75	0.083954
42	76	0.13149
42	77	0.11479
42	78	0.086666
42	79	0.041586
42	80	0
43	44	2.164
43	45	1.3545
43	46	0.76357
43	47	0.39022
43	48	0.42055
43	49	0.5794
43	50	0.46284
43	51	0.43649
43	52	0.4494
43	53	0.27596
43	54	0.27563
43	55	0.3941
43	56	0.40877
43	57	0.34388
43	58	0.14281
43	59	0.1718
43	60	0.11551
43	61	0.11029
43	62	0.1196
43	63	0.2742
43	64	0.20606
43	65	0.14605
43	66	0.31217
43	67	0.21971
43	68	0.21578
43	69	0.2675
43	70	0.22272
43	71	0.19529
43	72	0.19124
43	73	0.2404
43	74	0.15852
43	75	0.13679
43	76	0.12242
43	77	0.19594
43	78	0.16138
43	79	0.11616
43	80	0
44	45	2.7836
44	46	1.2838
44	47	0.84837
44	48	0.93188
44	49	0.43436
44	50	0.37734
44	51	0.30702
44	52	0.37885
44	53	0.37497
44	54	0.21401
44	55	0.26077
44	56	0.32797
44	57	0.43611
44	58	0.19405
44	59	0.16978
44	60	0.25114
44	61	0.17317
44	62	0.17728
44	63	0.23845
44	64	0.16799
44	65	0.19051
44	66	0.18853
44	67	0.3085
44	68	0.29629
44	69	0.221
44	70	0.17895
44	71	0.34965
44	72	0.2568
44	73	0.19097
44	74	0.18798
44	75	0.1487
44	76	0.19962
44	77	0.15491
44	78	0.13157
44	79	0.29463
44	80	0.11626
45	46	1.9756
45	47	0.26074
45	48	0.49933
45	49	0.72691
45	50	0.56345
45	51	0.50955
45	52	0.43481
45	53	0.48897
45	54	0.33645
45	55	0.46285
45	56	0.64383
45	57	0.22116
45	58	0.059045
45	59	0.10332
45	60	0.076414
45	61	0.14862
45	62	0.11987
45	63	0.21767
45	64	0.2499
45	65	0.22543
45	66	0.2422
45	67	0.20187
45	68	0.32556
45	69	0.30673
45	70	0.29894
45	71	0.22798
45	72	0.26046
45	73	0.32622
45	74	0.25421
45	75	0.10773
45	76	0.13497
45	77	0.098198
45	78	0.13345
45	79	0.12807
45	80	0
46	47	1.5976
46	48	1.01
46	49	0.5444
46	50	0.36127
46	51	0.4567
46	52	0.31238
46	53	0.30212
46	54	0.26823
46	55	0.24317
46	56	0.3757
46	57	0.39042
46	58	0.10134
46	59	0.053197
46	60	0.10492
46	61	0.19478
46	62	0.25922
46	63	0.22414
46	64	0.33922
46	65	0.23214
46	66	0.26254
46	67	0.28063
46	68	0.25788
46	69	0.26726
46	70	0.27486
46	71	0.28693
46	72	0.34485
46	73	0.36742
46	74	0.19634
46	75	0.17749
46	76	0.11583
46	77	0.44493
46	78	0.22903
46	79	0.13188
46	80	0
47	48	3.3913
47	49	0.35567
47	50	0.12715
47	51	0.14672
47	52	0.10885
47	53	0.051984
47	54	0.11683
47	55	0.079082
47	56	0.24385
47	57	0.81244
47	58	0.61203
47	59	0.37072
47	60	0.27418
47	61	0.29086
47	62	0.35842
47	63	0.20248
47	64	0.17662
47	65	0.40443
47	66	0.28968
47	67	0.10865
47	68	0.25459
47	69	0.15521
47	70	0.12769
47	71	0.34841
47	72	0.38569
47	73	0.09754
47	74	0.38006
47	75	0.43806
47	76	0.21524
47	77	0.093957
47	78	0.31921
47	79	0.15317
47	80	0.35259
48	49	1.874
48	50	0.41742
48	51	0.27788
48	52	0.31432
48	53	0.24888
48	54	0.24858
48	55	0.16999
48	56	0.24577
48	57	0.9304
48	58	0.57959
48	59	0.30989
48	60	0.37504
48	61	0.37576
48	62	0.43145
48	63	0.29675
48	64	0.16725
48	65	0.28978
48	66	0.22941
48	67	0.21467
48	68	0.30728
48	69	0.1158
48	70	0.1572
48	71	0.35225
48	72	0.34495
48	73	0.13342
48	74	0.28593
48	75	0.35248
48	76	0.14721
48	77	0.19278
48	78	0.21832
48	79	0.41904
48	80	0.28938
49	50	2.3847
49	51	1.7352
49	52	1.2771
49	53	0.92224
49	54	0.6799
49	55	0.67763
49	56	0.50958
49	57	0.36712
49	58	0.079545
49	59	0.12179
49	60	0.23163
49	61	0.20477
49	62	0.27857
49	63	0.28102
49	64	0.18364
49	65	0.2115
49	66	0.29624
49	67	0.24476
49	68	0.29099
49	69	0.45296
49	70	0.23733
49	71	0.17916
49	72	0.16292
49	73	0.25751
49	74	0.33713
49	75	0.17415
49	76	0.11365
49	77	0.21828
49	78	0.08989
49	79	0.086267
49	80	0.059574
50	51	2.8345
50	52	1.8442
50	53	1.1339
50	54	0.85739
50	55	0.70936
50	56	0.61746
50	57	0.18488
50	58	0.038391
50	59	0.033589
50	60	0.074526
50	61	0.22401
50	62	0.14029
50	63	0.17691
50	64	0.28804
50	65	0.17275
50	66	0.22379
50	67	0.25594
50	68	0.17097
50	69	0.21861
50	70	0.22908
50	71	0.24705
50	72	0.16935
50	73	0.1889
50	74	0.24793
50	75	0.084051
50	76	0.02194
50	77	0.076617
50	78	0.17353
50	79	0.041634
50	80	0.057504
51	52	2.416
51	53	1.3169
51	54	0.85497
51	55	0.9567
51	56	0.65023
51	57	0.19145
51	58	0.11926
51	59	0.04472
51	60	0.066149
51	61	0.16374
51	62	0.17641
51	63	0.21983
51	64	0.21633
51	65	0.12545
51	66	0.1876
51	67	0.15727
51	68	0.3577
51	69	0.3268
51	70	0.33272
51	71	0.19735
51	72	0.1181
51	73	0.22944
51	74	0.22006
51	75	0.1119
51	76	0.019474
51	77	0.13601
51	78	0.11552
51	79	0
51	80	0.05104
52	53	2.4797
52	54	1.4095
52	55	1.0077
52	56	0.65698
52	57	0.19051
52	58	0.054773
52	59	0.047922
52	60	0.094515
52	61	0.16293
52	62	0.12232
52	63	0.16826
52	64	0.28451
52	65	0.074686
52	66	0.16555
52	67	0.26217
52	68	0.16262
52	69	0.13132
52	70	0.28722
52	71	0.27023
52	72	0.17259
52	73	0.2175
52	74	0.23582
52	75	0.099932
52	76	0.041736
52	77	0.12753
52	78	0.082529
52	79	0.039601
52	80	0.054695
53	54	2.3477
53	55	1.5725
53	56	1.0162
53	57	0.15747
53	58	0.098098
53	59	0.13732
53	60	0.025391
53	61	0.18855
53	62	0.19119
53	63	0.22903
53	64	0.31705
53	65	0.096308
53	66	0.20332
53	67	0.20123
53	68	0.28708
53	69	0.36456
53	70	0.32993
53	71	0.15151
53	72	0.19782
53	73	0.28454
53	74	0.22174
53	75	0.064431
53	76	0.13455
53	77	0.11747
53	78	0.13303
53	79	0.042555
53	80	0.11755
54	55	2.9625
54	56	1.6133
54	57	0.23593
54	58	0.039193
54	59	0.13716
54	60	0.076083
54	61	0.14797
54	62	0.17903
54	63	0.27692
54	64	0.32799
54	65	0.16032
54	66	0.165
54	67	0.39193
54	68	0.28674
54	69	0.3054
54	70	0.34017
54	71	0.20177
54	72	0.12349
54	73	0.33495
54	74	0.094917
54	75	0.085807
54	76	0.089592
54	77	0.039109
54	78	0.088579
54	79	0
54	80	0.058705
55	56	2.3804
55	57	0.21903
55	58	0.051166
55	59	0.14922
55	60	0.044145
55	61	0.22245
55	62	0.15581
55	63	0.25149
55	64	0.34452
55	65	0.19535
55	66	0.3093
55	67	0.27989
55	68	0.32551
55	69	0.43958
55	70	0.49034
55	71	0.23048
55	72	0.20421
55	73	0.26502
55	74	0.20652
55	75	0.05601
55	76	0.058481
55	77	0.13615
55	78	0.26982
55	79	0.073985
55	80	0
56	57	0.91751
56	58	0.13562
56	59	0.16951
56	60	0.12537
56	61	0.3192
56	62	0.23601
56	63	0.41664
56	64	0.45847
56	65	0.20606
56	66	0.18823
56	67	0.30802
56	68	0.24652
56	69	0.41808
56	70	0.28377
56	71	0.16208
56	72	0.17094
56	73	0.37131
56	74	0.35974
56	75	0.16967
56	76	0.08858
56	77	0.15467
56	78	0.21895
56	79	0.12607
56	80	0.058042
57	58	3.8791
57	59	1.1729
57	60	1.1443
57	61	0.66572
57	62	0.59065
57	63	0.3505
57	64	0.31278
57	65	0.81675
57	66	0.35101
57	67	0.30718
57	68	0.21776
57	69	0.17097
57	70	0.21662
57	71	0.34875
57	72	0.66507
57	73	0.20683
57	74	0.27631
57	75	0.46836
57	76	0.55422
57	77	0.51232
57	78	0.64465
57	79	0.43307
57	80	0
58	59	5.41
58	60	3.2653
58	61	0.56107
58	62	0.56274
58	63	0.17467
58	64	0.18459
58	65	0.26166
58	66	0.18413
58	67	0.091121
58	68	0.15826
58	69	0.063902
58	70	0.019277
58	71	0.29729
58	72	0.26873
58	73	0.16566
58	74	0.057375
58	75	0.35011
58	76	0.20309
58	77	0.21276
58	78	0.56221
58	79	0.46247
58	80	1.2775
59	60	7.3234
59	61	1.0458
59	62	0.81428
59	63	0.34385
59	64	0.17945
59	65	0.58505
59	66	0.18124
59	67	0.12756
59	68	0.079122
59	69	0.074546
59	70	0.050598
59	71	0.18007
59	72	0.23512
59	73	0.096625
59	74	0.35139
59	75	0.57861
59	76	0.39091
59	77	0.40333
59	78	0.28108
59	79	0.40463
59	80	0.55885
60	61	2.3678
60	62	1.2885
60	63	0.50862
60	64	0.39815
60	65	0.94066
60	66	0.35745
60	67	0.28302
60	68	0.20481
60	69	0.0827
60	70	0
60	71	0.17757
60	72	0.20288
60	73	0.11911
60	74	0.37127
60	75	0.30207
60	76	0.1577
60	77	0.27535
60	78	0.62366
60	79	0.69827
60	80	0.82665
61	62	2.7932
61	63	1.1391
61	64	0.85883
61	65	0.81827
61	66	0.3634
61	67	0.32527
61	68	0.45007
61	69	0.2632
61	70	0.23819
61	71	0.43955
61	72	0.35358
61	73	0.22743
61	74	0.33478
61	75	0.42727
61	76	0.19518
61	77	0.4625
61	78	0.27567
61	79	0.26456
61	80	0.29232
62	63	2.5931
62	64	1.5615
62	65	1.2218
62	66	0.49064
62	67	0.37739
62	68	0.33047
62	69	0.41515
62	70	0.34049
62	71	0.32035
62	72	0.42282
62	73	0.24663
62	74	0.27956
62	75	0.37909
62	76	0.42055
62	77	0.19438
62	78	0.19567
62	79	0.32862
62	80	0.25936
63	64	3.7174
63	65	1.0182
63	66	0.52324
63	67	0.71661
63	68	0.40283
63	69	0.40571
63	70	0.42638
63	71	0.30911
63	72	0.39902
63	73	0.39582
63	74	0.38777
63	75	0.28681
63	76	0.29947
63	77	0.30502
63	78	0.44412
63	79	0.28415
63	80	0.19622
64	65	1.3759
64	66	0.96973
64	67	0.77834
64	68	0.62632
64	69	0.41798
64	70	0.48953
64	71	0.31676
64	72	0.3619
64	73	0.50991
64	74	0.48015
64	75	0.17961
64	76	0.25786
64	77	0.30699
64	78	0.18542
64	79	0.044486
64	80	0
65	66	2.8434
65	67	1.0437
65	68	0.61039
65	69	0.36596
65	70	0.29965
65	71	0.50515
65	72	0.58629
65	73	0.36141
65	74	0.51635
65	75	0.38192
65	76	0.43199
65	77	0.40616
65	78	0.52567
65	79	0.56754
65	80	0.17419
66	67	4.3555
66	68	1.3472
66	69	0.7174
66	70	0.61179
66	71	0.71095
66	72	0.49316
66	73	0.39341
66	74	0.4831
66	75	0.17637
66	76	0.47353
66	77	0.22967
66	78	0.2601
66	79	0.14977
66	80	0.1379
67	68	2.342
67	69	0.9722
67	70	0.60304
67	71	0.52774
67	72	0.40196
67	73	0.3587
67	74	0.33837
67	75	0.3192
67	76	0.2083
67	77	0.32734
67	78	0
67	79	0.11859
67	80	0.10919
68	69	2.507
68	70	1.4594
68	71	1.1639
68	72	0.64113
68	73	0.67919
68	74	0.36502
68	75	0.22274
68	76	0.33593
68	77	0.27072
68	78	0.25549
68	79	0.098075
68	80	0.067728
69	70	3.2122
69	71	1.4804
69	72	0.7517
69	73	0.7392
69	74	0.41269
69	75	0.32644
69	76	0.41388
69	77	0.46761
69	78	0.096283
69	79	0.046201
69	80	0.12762
70	71	2.3818
70	72	0.74103
70	73	0.9785
70	74	0.60691
70	75	0.27433
70	76	0.17627
70	77	0.15389
70	78	0.56639
70	79	0.12544
70	80	0.1155
71	72	2.4931
71	73	1.1371
71	74	0.99689
71	75	0.55074
71	76	0.36593
71	77	0.47921
71	78	0.41348
71	79	0.24801
71	80	0.13701
72	73	2.6215
72	74	1.5909
72	75	0.93156
72	76	0.6911
72	77	0.44693
72	78	0.40491
72	79	0.53431
72	80	0.26835
73	74	2.8084
73	75	1.0679
73	76	0.61011
73	77	0.80815
73	78	0.4576
73	79	0.15969
73	80	0.11028
74	75	4.0197
74	76	1.7706
74	77	1.0878
74	78	0.90772
74	79	0.37334
74	80	0.51564
75	76	4.8909
75	77	1.9021
75	78	2.1101
75	79	1.4344
75	80	0.46615
76	77	6.8497
76	78	4.4982
76	79	1.9382
76	80	1.2168
77	78	6.3314
77	79	1.769
77	80	1.2748
78	79	5.7488
78	80	3.1279
79	80	27.94
