1	2	6.572
1	3	1.7437
1	4	0
1	5	0.78294
1	6	0
1	7	2.3012
1	8	4.5401
1	9	1.7585
1	10	2.7883
1	11	0.51188
1	12	2.3063
1	13	0
1	14	0
1	15	0.52809
1	16	0.51324
1	17	0
1	18	0.63618
1	19	0
1	20	0.56938
1	21	1.6713
1	22	0
1	23	0.59585
1	24	0
1	25	0
1	26	0.56339
1	27	0
1	28	0.60116
1	29	0.58861
1	30	0
1	31	0.51528
1	32	0
1	33	0
1	34	0
1	35	0
1	36	0.53854
1	37	0
1	38	0
1	39	0.57487
1	40	0
1	41	0
1	42	0
1	43	0
1	44	0
1	45	0
1	46	0
1	47	0
1	48	0
1	49	0
1	50	0
1	51	0
1	52	0
1	53	0
1	54	0
1	55	0
1	56	0
1	57	0
1	58	0
1	59	0
1	60	0
1	61	0
1	62	0.51942
1	63	1.0708
1	64	0.96666
1	65	0
1	66	0
1	67	0
1	68	0
1	69	0
1	70	0.51426
1	71	0
1	72	0
1	73	0
1	74	0.70404
1	75	0
1	76	0.60303
1	77	0.7131
1	78	0
1	79	1.0251
1	80	1.0911
1	81	0.65059
1	82	0
1	83	0
1	84	0
1	85	0
1	86	0
1	87	0
1	88	0
1	89	0
2	3	4.6547
2	4	1.3136
2	5	0.73539
2	6	1.0786
2	7	1.0238
2	8	1.543
2	9	1.0142
2	10	0.89596
2	11	0.73384
2	12	1.0831
2	13	0.23683
2	14	0.45049
2	15	0.52212
2	16	0.45669
2	17	0.44449
2	18	0.44029
2	19	0.6066
2	20	0.67554
2	21	0.44065
2	22	0.40797
2	23	0.50075
2	24	0.38649
2	25	0.44526
2	26	0.58487
2	27	0.52588
2	28	0.44578
2	29	0.58196
2	30	0.52964
2	31	0.50946
2	32	0.29823
2	33	0.1283
2	34	0.21591
2	35	0.13884
2	36	0.18636
2	37	0.088232
2	38	0.156
2	39	0.31261
2	40	0.18157
2	41	0.23643
2	42	0.050878
2	43	0.11846
2	44	0.09507
2	45	0.11789
2	46	0.094426
2	47	0.16726
2	48	0.084879
2	49	0.036511
2	50	0.083888
2	51	0.12742
2	52	0.033049
2	53	0.059483
2	54	0.05207
2	55	0.03426
2	56	0.085765
2	57	0.062059
2	58	0.12806
2	59	0.042408
2	60	0.33981
2	61	0.25422
2	62	0.17974
2	63	0.18527
2	64	0.16725
2	65	0.15143
2	66	0.1852
2	67	0.15809
2	68	0.20423
2	69	0.13348
2	70	0.27965
2	71	0.12238
2	72	0.097384
2	73	0.16661
2	74	0.13922
2	75	0.14419
2	76	0.23849
2	77	0.17626
2	78	0.19568
2	79	0.17737
2	80	0.16182
2	81	0.28946
2	82	0.12576
2	83	0.38822
2	84	0.040958
2	85	0.10532
2	86	0.13643
2	87	0.32216
2	88	0.17039
2	89	0
3	4	4.54
3	5	2.2489
3	6	2.1822
3	7	1.1997
3	8	0.55826
3	9	0.36903
3	10	0.32914
3	11	0.38269
3	12	0.34031
3	13	0.68333
3	14	0.38248
3	15	0.37403
3	16	0.36351
3	17	0.6722
3	18	0.67587
3	19	0.26555
3	20	0.17923
3	21	0.52611
3	22	0.34502
3	23	0.23446
3	24	0.18931
3	25	0.2599
3	26	0.088672
3	27	0.25115
3	28	0.21289
3	29	0.1158
3	30	0.074395
3	31	0.3244
3	32	0.66465
3	33	0.32679
3	34	0.38667
3	35	0.24865
3	36	0.2331
3	37	0.2341
3	38	0.24834
3	39	0.18096
3	40	0.2271
3	41	0.18819
3	42	0.12149
3	43	0.16501
3	44	0.13242
3	45	0.1689
3	46	0.27558
3	47	0.13313
3	48	0.067559
3	49	0.14531
3	50	0.1558
3	51	0.17748
3	52	0.078916
3	53	0.14204
3	54	0.10361
3	55	0.081808
3	56	0.23893
3	57	0.24698
3	58	0.15289
3	59	0.27004
3	60	0.24589
3	61	0.16188
3	62	0.081753
3	63	0.1896
3	64	0.13313
3	65	0.020088
3	66	0.10529
3	67	0.10486
3	68	0.046445
3	69	0.084998
3	70	0.10117
3	71	0.29224
3	72	0.12919
3	73	0.15914
3	74	0.27703
3	75	0.028692
3	76	0.11864
3	77	0.25253
3	78	0.25959
3	79	0.30252
3	80	0.15026
3	81	0.051199
3	82	0.33367
3	83	0.11588
3	84	0.22821
3	85	0.20958
3	86	0.10859
3	87	0.3419
3	88	0.13562
3	89	0.13807
4	5	7.487
4	6	2.1519
4	7	1.0712
4	8	0.26866
4	9	0.1295
4	10	0.264
4	11	0.35541
4	12	0.32754
4	13	0.41579
4	14	0.38347
4	15	0.3
4	16	0.37255
4	17	0.36889
4	18	0.26101
4	19	0.29044
4	20	0.19767
4	21	0.26374
4	22	0.21162
4	23	0.15044
4	24	0.22776
4	25	0.17056
4	26	0.23115
4	27	0.21822
4	28	0.22767
4	29	0.16719
4	30	0.13923
4	31	0.27646
4	32	0.3427
4	33	0.26211
4	34	0.2929
4	35	0.24375
4	36	0.20396
4	37	0.24409
4	38	0.18259
4	39	0.30843
4	40	0.13247
4	41	0.22641
4	42	0.16241
4	43	0.13235
4	44	0.16691
4	45	0.18063
4	46	0.24113
4	47	0.21357
4	48	0.18063
4	49	0.23309
4	50	0.24992
4	51	0.24404
4	52	0.063297
4	53	0.26582
4	54	0.099727
4	55	0.087488
4	56	0.16426
4	57	0.15848
4	58	0.16351
4	59	0.18952
4	60	0.1775
4	61	0.12984
4	62	0.081965
4	63	0.15207
4	64	0.076269
4	65	0.096674
4	66	0.11824
4	67	0.11775
4	68	0.11176
4	69	0.085218
4	70	0.09738
4	71	0.039066
4	72	0.20724
4	73	0.36164
4	74	0.31107
4	75	0.27616
4	76	0.13322
4	77	0.13503
4	78	0.27067
4	79	0.14559
4	80	0.086088
4	81	0.041065
4	82	0.37468
4	83	0.12392
4	84	0.26148
4	85	0.20171
4	86	0.30485
4	87	0.13711
4	88	0.21755
4	89	0
5	6	5.7825
5	7	0.63018
5	8	0.20053
5	9	0.18641
5	10	0.12316
5	11	0.25323
5	12	0.24449
5	13	0.42321
5	14	0.47228
5	15	0.16794
5	16	0.39898
5	17	0.69897
5	18	0.38216
5	19	0.17344
5	20	0.12072
5	21	0.23623
5	22	0.10936
5	23	0.12633
5	24	0.19126
5	25	0.084871
5	26	0.059723
5	27	0.22554
5	28	0.1487
5	29	0.14559
5	30	0.15589
5	31	0.054624
5	32	0.27712
5	33	0.2201
5	34	0.25078
5	35	0.2481
5	36	0.15224
5	37	0.27329
5	38	0.18584
5	39	0.16251
5	40	0.22249
5	41	0.1183
5	42	0.16365
5	43	0.12701
5	44	0.10193
5	45	0.13482
5	46	0.38247
5	47	0.35868
5	48	0.14156
5	49	0.15659
5	50	0.25984
5	51	0.13662
5	52	0.16536
5	53	0.085036
5	54	0.16749
5	55	0.19591
5	56	0.12261
5	57	0.2218
5	58	0.091533
5	59	0.21219
5	60	0.15457
5	61	0.054515
5	62	0.11013
5	63	0.037836
5	64	0.051236
5	65	0.03608
5	66	0
5	67	0.113
5	68	0.020855
5	69	0.076331
5	70	0.1272
5	71	0.2187
5	72	0.11602
5	73	0.262
5	74	0.19902
5	75	0.33497
5	76	0.10654
5	77	0.17639
5	78	0.23312
5	79	0.12678
5	80	0.13494
5	81	0.068967
5	82	0.23972
5	83	0
5	84	0.40987
5	85	0.41405
5	86	0.2438
5	87	0.23028
5	88	0
5	89	0.86796
6	7	2.1481
6	8	0.51229
6	9	0.24051
6	10	0.37183
6	11	0.58809
6	12	0.37853
6	13	0.78629
6	14	0.39884
6	15	0.19502
6	16	0.58965
6	17	0.92232
6	18	0.44376
6	19	0.22657
6	20	0.16354
6	21	0.32003
6	22	0.21164
6	23	0.22004
6	24	0.14806
6	25	0.14783
6	26	0.20805
6	27	0.37102
6	28	0.17267
6	29	0.096607
6	30	0.20688
6	31	0.21143
6	32	0.34654
6	33	0.36208
6	34	0.31361
6	35	0.14405
6	36	0.30936
6	37	0.24411
6	38	0.19422
6	39	0.14153
6	40	0.10765
6	41	0.19624
6	42	0.1478
6	43	0.19665
6	44	0.098636
6	45	0.078278
6	46	0.23512
6	47	0.11106
6	48	0.23483
6	49	0.24244
6	50	0.18567
6	51	0.10576
6	52	0.13716
6	53	0.14812
6	54	0.28092
6	55	0.19905
6	56	0.14237
6	57	0.18028
6	58	0.29229
6	59	0.28159
6	60	0.33333
6	61	0.063302
6	62	0.085251
6	63	0.15377
6	64	0.099159
6	65	0.16758
6	66	0.13176
6	67	0.065608
6	68	0.024216
6	69	0
6	70	0.1055
6	71	0.22856
6	72	0.053887
6	73	0.24892
6	74	0.17333
6	75	0.17952
6	76	0.07423
6	77	0.23408
6	78	0.18949
6	79	0.18928
6	80	0.17908
6	81	0.18686
6	82	0.38275
6	83	0.080557
6	84	0.23797
6	85	0.043709
6	86	0.22648
6	87	0.089132
6	88	0
6	89	0.43195
7	8	2.5934
7	9	1.3089
7	10	1.1041
7	11	1.1962
7	12	1.1976
7	13	0.91737
7	14	0.70983
7	15	0.42506
7	16	0.49306
7	17	0.44356
7	18	0.61116
7	19	0.57348
7	20	0.45829
7	21	0.52074
7	22	0.29463
7	23	0.38677
7	24	0.40599
7	25	0.26504
7	26	0.21942
7	27	0.46955
7	28	0.37461
7	29	0.27509
7	30	0.36
7	31	0.3211
7	32	0.21929
7	33	0.17521
7	34	0.1701
7	35	0.20053
7	36	0.26568
7	37	0.15447
7	38	0.081934
7	39	0.22389
7	40	0.19073
7	41	0.16143
7	42	0.16033
7	43	0.1711
7	44	0.2247
7	45	0.11145
7	46	0.082658
7	47	0.10542
7	48	0.0743
7	49	0.076706
7	50	0.073433
7	51	0.083653
7	52	0.08679
7	53	0.10935
7	54	0.068371
7	55	0.053982
7	56	0.18018
7	57	0.048892
7	58	0.1177
7	59	0.089095
7	60	0.11358
7	61	0.12017
7	62	0.21578
7	63	0.22241
7	64	0.15059
7	65	0.21209
7	66	0.097272
7	67	0.096871
7	68	0.21453
7	69	0.15424
7	70	0.21364
7	71	0.22498
7	72	0.18754
7	73	0.052504
7	74	0.10968
7	75	0.056799
7	76	0.093944
7	77	0.12961
7	78	0.1199
7	79	0.11977
7	80	0.25497
7	81	0.13514
7	82	0.19816
7	83	0.17841
7	84	0.12907
7	85	0.16595
7	86	0.10748
7	87	0.1128
7	88	0.089491
7	89	0
8	9	4.6992
8	10	3.1066
8	11	1.4946
8	12	1.4029
8	13	0.41413
8	14	0.45125
8	15	0.56809
8	16	0.27605
8	17	0.20726
8	18	0.34218
8	19	0.88
8	20	0.67084
8	21	0.31392
8	22	0.25101
8	23	0.38154
8	24	0.52372
8	25	0.35373
8	26	0.53391
8	27	0.32696
8	28	0.50812
8	29	0.66335
8	30	0.54883
8	31	0.42233
8	32	0.12361
8	33	0.10636
8	34	0.13983
8	35	0.16185
8	36	0.12414
8	37	0.015238
8	38	0.080825
8	39	0.10307
8	40	0.026878
8	41	0.061248
8	42	0.092262
8	43	0.10741
8	44	0.13546
8	45	0.14659
8	46	0.032615
8	47	0.069329
8	48	0.087953
8	49	0.075668
8	50	0.028976
8	51	0.066017
8	52	0.034246
8	53	0.092457
8	54	0.040467
8	55	0.071002
8	56	0
8	57	0.04823
8	58	0
8	59	0.021972
8	60	0.080027
8	61	0.092201
8	62	0.23947
8	63	0.16455
8	64	0.16093
8	65	0.35306
8	66	0.1782
8	67	0.13651
8	68	0.22674
8	69	0.22131
8	70	0.15806
8	71	0.063409
8	72	0.13455
8	73	0.051793
8	74	0.054097
8	75	0.018677
8	76	0.10812
8	77	0.054794
8	78	0.084487
8	79	0.14441
8	80	0.2096
8	81	0.28328
8	82	0.086879
8	83	0.45257
8	84	0.021221
8	85	0
8	86	0.10603
8	87	0
8	88	0
8	89	0.089877
9	10	4.9054
9	11	1.8281
9	12	1.2813
9	13	0.33269
9	14	0.56252
9	15	0.5728
9	16	0.33944
9	17	0.30922
9	18	0.47124
9	19	0.79531
9	20	0.78328
9	21	0.26529
9	22	0.35478
9	23	0.42561
9	24	0.36593
9	25	0.74661
9	26	0.52165
9	27	0.14071
9	28	0.58844
9	29	0.59173
9	30	0.7336
9	31	0.40895
9	32	0.11172
9	33	0.17852
9	34	0.11554
9	35	0.18575
9	36	0.11398
9	37	0.015739
9	38	0.12522
9	39	0.045625
9	40	0.069404
9	41	0.075914
9	42	0.12252
9	43	0.11094
9	44	0.15263
9	45	0.11356
9	46	0.08422
9	47	0.017902
9	48	0.030282
9	49	0.058617
9	50	0.089785
9	51	0.068187
9	52	0.070744
9	53	0
9	54	0.083596
9	55	0.036668
9	56	0.045897
9	57	0.033211
9	58	0.017132
9	59	0.045389
9	60	0.09919
9	61	0.23128
9	62	0.27483
9	63	0.099145
9	64	0.21737
9	65	0.2296
9	66	0.28317
9	67	0.2679
9	68	0.20297
9	69	0.14287
9	70	0.081628
9	71	0.065494
9	72	0.10423
9	73	0.089161
9	74	0.037251
9	75	0.038582
9	76	0.015953
9	77	0.075461
9	78	0.069812
9	79	0.16272
9	80	0.20206
9	81	0.10327
9	82	0.11217
9	83	0.15582
9	84	0.10959
9	85	0
9	86	0.036505
9	87	0
9	88	0
9	89	0.092832
10	11	2.6572
10	12	1.9772
10	13	0.41448
10	14	0.45871
10	15	0.56488
10	16	0.53284
10	17	0.14144
10	18	0.46033
10	19	0.54046
10	20	0.96731
10	21	0.3856
10	22	0.14605
10	23	0.50614
10	24	0.58653
10	25	0.60451
10	26	0.46084
10	27	0.31794
10	28	0.51065
10	29	0.8148
10	30	0.55517
10	31	0.53497
10	32	0.037958
10	33	0
10	34	0.085877
10	35	0.13254
10	36	0.15249
10	37	0.056151
10	38	0.066186
10	39	0.054257
10	40	0.16507
10	41	0.075232
10	42	0.048569
10	43	0.11308
10	44	0.12101
10	45	0.075024
10	46	0.020031
10	47	0.063868
10	48	0.054017
10	49	0.092944
10	50	0.017796
10	51	0.040545
10	52	0.021033
10	53	0.056783
10	54	0.19883
10	55	0.021803
10	56	0.054581
10	57	0.059242
10	58	0.040748
10	59	0.080966
10	60	0.078639
10	61	0.2265
10	62	0.1961
10	63	0.20212
10	64	0.2585
10	65	0.14456
10	66	0.2694
10	67	0.21799
10	68	0.20424
10	69	0.23786
10	70	0.14561
10	71	0.097357
10	72	0.10329
10	73	0.021206
10	74	0
10	75	0.13765
10	76	0.11383
10	77	0.089739
10	78	0.062266
10	79	0.096752
10	80	0.17163
10	81	0.26608
10	82	0.080036
10	83	0.30883
10	84	0.052132
10	85	0.067027
10	86	0
10	87	0.068341
10	88	0
10	89	0
11	12	3.9695
11	13	1.3696
11	14	0.8
11	15	0.86621
11	16	0.59285
11	17	0.35312
11	18	0.48501
11	19	0.7087
11	20	0.60509
11	21	0.48908
11	22	0.34557
11	23	0.42673
11	24	0.34734
11	25	0.3468
11	26	0.45554
11	27	0.49152
11	28	0.62497
11	29	0.54393
11	30	0.53871
11	31	0.29761
11	32	0.23693
11	33	0.16789
11	34	0.12612
11	35	0.064883
11	36	0.12442
11	37	0.068722
11	38	0.13365
11	39	0.079685
11	40	0.024243
11	41	0.13259
11	42	0.083219
11	43	0.12456
11	44	0.12218
11	45	0.1212
11	46	0.058837
11	47	0.0469
11	48	0.06611
11	49	0.23888
11	50	0.078406
11	51	0.044659
11	52	0.030889
11	53	0.041697
11	54	0.097336
11	55	0.048032
11	56	0.06012
11	57	0.058004
11	58	0.10473
11	59	0.039637
11	60	0.08662
11	61	0.20197
11	62	0.132
11	63	0.16079
11	64	0.14516
11	65	0.12974
11	66	0.11128
11	67	0.20933
11	68	0.19088
11	69	0.2121
11	70	0.17821
11	71	0.12869
11	72	0.12136
11	73	0.12458
11	74	0.048795
11	75	0.084231
11	76	0.027863
11	77	0.098846
11	78	0.12193
11	79	0.11841
11	80	0.31509
11	81	0.19539
11	82	0.078363
11	83	0.22678
11	84	0.038282
11	85	0.098439
11	86	0.063757
11	87	0.10037
11	88	0.079626
11	89	0.16213
12	13	2.057
12	14	1.1066
12	15	1.223
12	16	0.68114
12	17	0.49135
12	18	0.52975
12	19	0.97389
12	20	0.78528
12	21	0.44942
12	22	0.46978
12	23	0.40314
12	24	0.42254
12	25	0.39064
12	26	0.4105
12	27	0.38755
12	28	0.62575
12	29	0.39824
12	30	0.2952
12	31	0.38886
12	32	0.25117
12	33	0.081045
12	34	0.14206
12	35	0.14617
12	36	0.11211
12	37	0.077408
12	38	0.095803
12	39	0.16455
12	40	0.095577
12	41	0.087118
12	42	0.1473
12	43	0.18707
12	44	0.1126
12	45	0.12411
12	46	0.049705
12	47	0.070437
12	48	0.089359
12	49	0.038439
12	50	0.073597
12	51	0.050304
12	52	0.10438
12	53	0.031312
12	54	0.041114
12	55	0.036068
12	56	0.022573
12	57	0.016334
12	58	0.016852
12	59	0.06697
12	60	0.2114
12	61	0.18735
12	62	0.2433
12	63	0.25077
12	64	0.15093
12	65	0.092997
12	66	0.23676
12	67	0.22191
12	68	0.12286
12	69	0.16864
12	70	0.17397
12	71	0.048317
12	72	0.085437
12	73	0.12278
12	74	0.036641
12	75	0.075901
12	76	0.078461
12	77	0.092783
12	78	0.103
12	79	0.1067
12	80	0.17036
12	81	0.1693
12	82	0.1986
12	83	0.17881
12	84	0.1078
12	85	0.05544
12	86	0
12	87	0.11305
12	88	0
12	89	0
13	14	3.4809
13	15	1.0419
13	16	1.1513
13	17	1.3122
13	18	1.0488
13	19	0.53062
13	20	0.40011
13	21	0.61734
13	22	0.30669
13	23	0.27377
13	24	0.17879
13	25	0.12983
13	26	0.15227
13	27	0.37376
13	28	0.24371
13	29	0.20681
13	30	0.18737
13	31	0.30638
13	32	0.30979
13	33	0.36476
13	34	0.25083
13	35	0.15181
13	36	0.20377
13	37	0.20903
13	38	0.18479
13	39	0.18644
13	40	0.21271
13	41	0.24559
13	42	0.25035
13	43	0.24287
13	44	0.11695
13	45	0.18046
13	46	0.41299
13	47	0.18289
13	48	0.18562
13	49	0.13973
13	50	0.091726
13	51	0.12191
13	52	0.14455
13	53	0.13008
13	54	0.21351
13	55	0.14984
13	56	0.11722
13	57	0.067857
13	58	0.10502
13	59	0.1623
13	60	0.11822
13	61	0.16679
13	62	0.098269
13	63	0.15917
13	64	0.11757
13	65	0.11039
13	66	0.086789
13	67	0.10084
13	68	0.11166
13	69	0.13136
13	70	0.11119
13	71	0.10036
13	72	0.23071
13	73	0.18218
13	74	0.15222
13	75	0.2365
13	76	0.16298
13	77	0.212
13	78	0.12481
13	79	0.19394
13	80	0.073723
13	81	0.14067
13	82	0.27503
13	83	0.26531
13	84	0.22393
13	85	0.25911
13	86	0.29836
13	87	0.23484
13	88	0.093153
13	89	0.094839
14	15	2.6642
14	16	2.1249
14	17	0.88751
14	18	0.92449
14	19	0.97569
14	20	0.42152
14	21	0.36661
14	22	0.31113
14	23	0.34309
14	24	0.37926
14	25	0.26342
14	26	0.20082
14	27	0.3646
14	28	0.18131
14	29	0.24209
14	30	0.22464
14	31	0.28257
14	32	0.26465
14	33	0.22772
14	34	0.17963
14	35	0.19251
14	36	0.20673
14	37	0.16312
14	38	0.23073
14	39	0.20491
14	40	0.18702
14	41	0.17047
14	42	0.19753
14	43	0.14783
14	44	0.25047
14	45	0.22231
14	46	0.1222
14	47	0.12988
14	48	0.28246
14	49	0.16201
14	50	0.046528
14	51	0.070671
14	52	0.073321
14	53	0.098975
14	54	0.086641
14	55	0.19002
14	56	0.023784
14	57	0.068841
14	58	0.12429
14	59	0.094085
14	60	0.17134
14	61	0.1974
14	62	0.18515
14	63	0.19083
14	64	0.066261
14	65	0.15398
14	66	0.17609
14	67	0.14614
14	68	0.12946
14	69	0.074036
14	70	0.141
14	71	0.22061
14	72	0.18004
14	73	0.092409
14	74	0.17373
14	75	0.17994
14	76	0.082672
14	77	0.15642
14	78	0.090443
14	79	0.16864
14	80	0.19446
14	81	0.16054
14	82	0.20926
14	83	0.18841
14	84	0.068151
14	85	0.087623
14	86	0.07567
14	87	0.059561
14	88	0.094503
14	89	0.096214
15	16	4.5627
15	17	0.98577
15	18	0.9704
15	19	0.97972
15	20	0.59711
15	21	0.35851
15	22	0.15981
15	23	0.32663
15	24	0.28667
15	25	0.3721
15	26	0.33569
15	27	0.38031
15	28	0.41551
15	29	0.29461
15	30	0.27038
15	31	0.36843
15	32	0.18692
15	33	0.1732
15	34	0.15614
15	35	0.20081
15	36	0.19253
15	37	0.11344
15	38	0.075211
15	39	0.12331
15	40	0.20009
15	41	0.12539
15	42	0.17171
15	43	0.15706
15	44	0.091671
15	45	0.26145
15	46	0.13657
15	47	0.09677
15	48	0.16369
15	49	0.070412
15	50	0.040445
15	51	0.046073
15	52	0.047801
15	53	0.028678
15	54	0.075313
15	55	0.049553
15	56	0.062024
15	57	0.10472
15	58	0.077174
15	59	0.16357
15	60	0.2383
15	61	0.17159
15	62	0.22284
15	63	0.22968
15	64	0.18431
15	65	0.085176
15	66	0.20409
15	67	0.13974
15	68	0.14066
15	69	0.19307
15	70	0.18385
15	71	0.14751
15	72	0.10955
15	73	0.096392
15	74	0.10068
15	75	0.10428
15	76	0.12935
15	77	0.10198
15	78	0.078618
15	79	0.13438
15	80	0.10402
15	81	0.20158
15	82	0.14148
15	83	0.14038
15	84	0.039494
15	85	0.12694
15	86	0.065776
15	87	0.051774
15	88	0
15	89	0
16	17	1.8328
16	18	1.5915
16	19	0.71057
16	20	0.43523
16	21	0.52909
16	22	0.41817
16	23	0.28984
16	24	0.33433
16	25	0.34772
16	26	0.27405
16	27	0.33265
16	28	0.37598
16	29	0.20452
16	30	0.18978
16	31	0.23871
16	32	0.29345
16	33	0.2044
16	34	0.20233
16	35	0.24396
16	36	0.18712
16	37	0.12403
16	38	0.13401
16	39	0.15979
16	40	0.17015
16	41	0.19941
16	42	0.22648
16	43	0.15264
16	44	0.22273
16	45	0.15467
16	46	0.10324
16	47	0.15675
16	48	0.079542
16	49	0.20529
16	50	0.10482
16	51	0.044778
16	52	0.046457
16	53	0.083615
16	54	0.10979
16	55	0.080265
16	56	0.080373
16	57	0.11631
16	58	0.090004
16	59	0.11923
16	60	0.1737
16	61	0.17868
16	62	0.19251
16	63	0.21082
16	64	0.11196
16	65	0.14191
16	66	0.14876
16	67	0.19753
16	68	0.054683
16	69	0.11258
16	70	0.17868
16	71	0.1577
16	72	0.13689
16	73	0.12491
16	74	0.17939
16	75	0.16891
16	76	0.12571
16	77	0.14866
16	78	0.18338
16	79	0.15434
16	80	0.11373
16	81	0.16577
16	82	0.29464
16	83	0.22738
16	84	0.11515
16	85	0.12337
16	86	0.095889
16	87	0.15095
16	88	0
16	89	0.081282
17	18	4.905
17	19	0.72201
17	20	0.16174
17	21	0.45215
17	22	0.33489
17	23	0.048359
17	24	0.19524
17	25	0.1462
17	26	0.1829
17	27	0.32376
17	28	0.19516
17	29	0.14331
17	30	0.15345
17	31	0.16728
17	32	0.66097
17	33	0.31596
17	34	0.42092
17	35	0.39889
17	36	0.26225
17	37	0.33799
17	38	0.25611
17	39	0.23328
17	40	0.23421
17	41	0.17467
17	42	0.12529
17	43	0.36465
17	44	0.23412
17	45	0.21289
17	46	0.41339
17	47	0.21968
17	48	0.069674
17	49	0.2098
17	50	0.20658
17	51	0.18304
17	52	0.1899
17	53	0.21973
17	54	0.1496
17	55	0.39372
17	56	0.1056
17	57	0.22924
17	58	0.18396
17	59	0.3133
17	60	0.40573
17	61	0.10434
17	62	0.063234
17	63	0.086902
17	64	0.17652
17	65	0
17	66	0.10859
17	67	0.064886
17	68	0.1437
17	69	0.065744
17	70	0.16695
17	71	0.20092
17	72	0.26647
17	73	0.35559
17	74	0.14285
17	75	0.26632
17	76	0.26918
17	77	0.11575
17	78	0.26771
17	79	0.20799
17	80	0.088553
17	81	0.079202
17	82	0.20647
17	83	0.07967
17	84	0.30259
17	85	0.4755
17	86	0.33597
17	87	0.26445
17	88	0
17	89	0.1424
18	19	2.9418
18	20	0.70297
18	21	1.0077
18	22	0.4591
18	23	0.34216
18	24	0.44895
18	25	0.31033
18	26	0.30734
18	27	0.56505
18	28	0.34521
18	29	0.35491
18	30	0.25333
18	31	0.47343
18	32	0.3291
18	33	0.29807
18	34	0.26647
18	35	0.24191
18	36	0.20101
18	37	0.17082
18	38	0.16611
18	39	0.2971
18	40	0.18078
18	41	0.23344
18	42	0.22163
18	43	0.22361
18	44	0.19326
18	45	0.2328
18	46	0.16453
18	47	0.23315
18	48	0.19719
18	49	0.16965
18	50	0.12993
18	51	0.11101
18	52	0.07678
18	53	0.034548
18	54	0.13609
18	55	0.11939
18	56	0.12453
18	57	0.12615
18	58	0.037188
18	59	0.19705
18	60	0.17942
18	61	0.13289
18	62	0.13422
18	63	0.1076
18	64	0.15265
18	65	0.11727
18	66	0.1383
18	67	0.12243
18	68	0.11862
18	69	0.093034
18	70	0.16242
18	71	0.24878
18	72	0.30166
18	73	0.17418
18	74	0.12129
18	75	0.083747
18	76	0.069257
18	77	0.12285
18	78	0.15154
18	79	0.19132
18	80	0.14097
18	81	0.1868
18	82	0.24348
18	83	0.1973
18	84	0.28546
18	85	0.091756
18	86	0.11886
18	87	0.06237
18	88	0.098961
18	89	0
19	20	3.7996
19	21	1.7586
19	22	0.4856
19	23	0.56097
19	24	0.59949
19	25	0.73158
19	26	0.936
19	27	0.66276
19	28	0.6492
19	29	0.44006
19	30	0.43628
19	31	0.72767
19	32	0.11693
19	33	0.18685
19	34	0.13605
19	35	0.21386
19	36	0.20877
19	37	0.082369
19	38	0.17476
19	39	0.12734
19	40	0.087173
19	41	0.092701
19	42	0.18524
19	43	0.082941
19	44	0.18638
19	45	0.31695
19	46	0.01763
19	47	0.11243
19	48	0.031695
19	49	0.020451
19	50	0.062651
19	51	0.16058
19	52	0.018512
19	53	0.066636
19	54	0.058332
19	55	0.03838
19	56	0.02402
19	57	0
19	58	0.10759
19	59	0.047508
19	60	0.17303
19	61	0.37023
19	62	0.37395
19	63	0.22237
19	64	0.10707
19	65	0.21205
19	66	0.22229
19	67	0.23613
19	68	0.1961
19	69	0.16449
19	70	0.18512
19	71	0.085688
19	72	0.090912
19	73	0.13065
19	74	0.097474
19	75	0
19	76	0.13358
19	77	0.15797
19	78	0.10961
19	79	0.22708
19	80	0.31723
19	81	0.18015
19	82	0.16437
19	83	0.13591
19	84	0.045884
19	85	0.029497
19	86	0.11463
19	87	0.1203
19	88	0
19	89	0
20	21	3.1782
20	22	1.0074
20	23	1.225
20	24	1.0818
20	25	0.95669
20	26	0.89761
20	27	0.8611
20	28	0.83421
20	29	0.72604
20	30	0.7126
20	31	0.63559
20	32	0.12402
20	33	0.10671
20	34	0.12626
20	35	0.10826
20	36	0.17991
20	37	0.076442
20	38	0.081092
20	39	0.088636
20	40	0.20225
20	41	0.086031
20	42	0.13224
20	43	0.10776
20	44	0.19768
20	45	0.14707
20	46	0.032723
20	47	0.034779
20	48	0.044122
20	49	0.056938
20	50	0.014536
20	51	0.11591
20	52	0.12026
20	53	0.077302
20	54	0.040601
20	55	0.017809
20	56	0.044583
20	57	0.03226
20	58	0.066567
20	59	0
20	60	0.12847
20	61	0.30395
20	62	0.25361
20	63	0.19261
20	64	0.21115
20	65	0.28863
20	66	0.19255
20	67	0.21914
20	68	0.25783
20	69	0.31919
20	70	0.14537
20	71	0.079523
20	72	0.050623
20	73	0.017322
20	74	0.072368
20	75	0.11243
20	76	0.061986
20	77	0.03665
20	78	0.067813
20	79	0.13171
20	80	0.25235
20	81	0.21734
20	82	0.043583
20	83	0.12613
20	84	0.021291
20	85	0.027374
20	86	0.07092
20	87	0.055822
20	88	0
20	89	0.090174
21	22	2.3993
21	23	1.5431
21	24	1.3609
21	25	1.1021
21	26	0.93493
21	27	1.5514
21	28	0.60462
21	29	0.3552
21	30	0.4437
21	31	0.37573
21	32	0.50056
21	33	0.11746
21	34	0.15099
21	35	0.17654
21	36	0.2979
21	37	0.11967
21	38	0.21159
21	39	0.10118
21	40	0.21108
21	41	0.18038
21	42	0.10351
21	43	0.15063
21	44	0.12089
21	45	0.28781
21	46	0.16009
21	47	0.13612
21	48	0.11512
21	49	0.12999
21	50	0.14222
21	51	0.12961
21	52	0.067238
21	53	0.10589
21	54	0.10594
21	55	0.052276
21	56	0.065433
21	57	0.047347
21	58	0.13026
21	59	0.10785
21	60	0.26711
21	61	0.19395
21	62	0.14366
21	63	0.21538
21	64	0.24305
21	65	0.16688
21	66	0.16148
21	67	0.20102
21	68	0.089036
21	69	0.20368
21	70	0.23275
21	71	0.21787
21	72	0.066042
21	73	0.10169
21	74	0.21243
21	75	0.14668
21	76	0.030325
21	77	0.07172
21	78	0.1327
21	79	0.05155
21	80	0.12345
21	81	0.24537
21	82	0.14925
21	83	0.29619
21	84	0.14583
21	85	0.080353
21	86	0.034696
21	87	0
21	88	0.34665
21	89	0
22	23	4.0642
22	24	2.506
22	25	1.6075
22	26	1.4427
22	27	1.6344
22	28	0.37785
22	29	0.26035
22	30	0.33744
22	31	0.5038
22	32	0.26683
22	33	0.24167
22	34	0.1398
22	35	0.11441
22	36	0.11283
22	37	0.16619
22	38	0.18365
22	39	0.14721
22	40	0.14657
22	41	0.22267
22	42	0.2875
22	43	0.29286
22	44	0.13431
22	45	0.16654
22	46	0.16304
22	47	0.078765
22	48	0.079939
22	49	0.10316
22	50	0.079006
22	51	0.12
22	52	0.077814
22	53	0.11204
22	54	0.07356
22	55	0.064532
22	56	0.080773
22	57	0.073059
22	58	0.1206
22	59	0.09985
22	60	0.16002
22	61	0.22746
22	62	0.1451
22	63	0.16202
22	64	0.13502
22	65	0.17827
22	66	0.11213
22	67	0.13648
22	68	0.17861
22	69	0.12572
22	70	0.095771
22	71	0.12967
22	72	0.15286
22	73	0.20399
22	74	0.098336
22	75	0.1358
22	76	0.18249
22	77	0.083002
22	78	0.06143
22	79	0.16705
22	80	0.1651
22	81	0.1666
22	82	0.13818
22	83	0.091407
22	84	0.096436
22	85	0.074394
22	86	0.19274
22	87	0.050568
22	88	0
22	89	0.081687
23	24	3.2831
23	25	2.3899
23	26	1.9696
23	27	1.2301
23	28	0.69516
23	29	0.56985
23	30	0.55929
23	31	0.51271
23	32	0.25957
23	33	0.069795
23	34	0.10277
23	35	0.15105
23	36	0.17379
23	37	0.079995
23	38	0.099005
23	39	0.26281
23	40	0.18343
23	41	0.15434
23	42	0.13839
23	43	0.17721
23	44	0.20687
23	45	0.16674
23	46	0.051366
23	47	0.054594
23	48	0.12313
23	49	0.11917
23	50	0.045634
23	51	0.051985
23	52	0.017978
23	53	0.080895
23	54	0.09914
23	55	0.055911
23	56	0.023327
23	57	0.050639
23	58	0
23	59	0.023069
23	60	0.23527
23	61	0.22127
23	62	0.25143
23	63	0.086385
23	64	0.14297
23	65	0.28831
23	66	0.14393
23	67	0.31533
23	68	0.1111
23	69	0.24689
23	70	0.26276
23	71	0.13315
23	72	0.14127
23	73	0.05438
23	74	0.056799
23	75	0.058829
23	76	0.064867
23	77	0.11506
23	78	0.088706
23	79	0.096486
23	80	0.22006
23	81	0.20995
23	82	0.18244
23	83	0.21119
23	84	0.022281
23	85	0
23	86	0.037108
23	87	0
23	88	0
23	89	0
24	25	4.2212
24	26	2.4467
24	27	1.588
24	28	0.8648
24	29	0.49527
24	30	0.5645
24	31	0.55944
24	32	0.24561
24	33	0.1268
24	34	0.23709
24	35	0.22869
24	36	0.17541
24	37	0.096888
24	38	0.085652
24	39	0.14043
24	40	0.09969
24	41	0.12981
24	42	0.16761
24	43	0.22764
24	44	0.15659
24	45	0.15534
24	46	0.086407
24	47	0.055102
24	48	0.12427
24	49	0.12028
24	50	0.015353
24	51	0.034979
24	52	0.018146
24	53	0.065318
24	54	0.028589
24	55	0.037621
24	56	0.047089
24	57	0.085184
24	58	0.10546
24	59	0.069852
24	60	0.11873
24	61	0.29312
24	62	0.23967
24	63	0.11625
24	64	0.10495
24	65	0.20786
24	66	0.072632
24	67	0.18807
24	68	0.16019
24	69	0.19055
24	70	0.20937
24	71	0.11759
24	72	0.089115
24	73	0.12807
24	74	0.15287
24	75	0.079168
24	76	0.032735
24	77	0.096776
24	78	0.053719
24	79	0.16694
24	80	0.17769
24	81	0.070634
24	82	0.11508
24	83	0.18651
24	84	0.044976
24	85	0.028913
24	86	0.11236
24	87	0.05896
24	88	0
24	89	0
25	26	3.9086
25	27	1.355
25	28	0.94492
25	29	0.66997
25	30	0.4953
25	31	0.61443
25	32	0.065395
25	33	0.16881
25	34	0.17754
25	35	0.26639
25	36	0.20432
25	37	0.080615
25	38	0.071266
25	39	0.15579
25	40	0.19907
25	41	0.11665
25	42	0.13946
25	43	0.21106
25	44	0.16938
25	45	0.21973
25	46	0.13804
25	47	0.091694
25	48	0.077551
25	49	0.16012
25	50	0.061317
25	51	0.12224
25	52	0.054352
25	53	0.032609
25	54	0.05709
25	55	0.037563
25	56	0.094032
25	57	0.01701
25	58	0.087751
25	59	0.092992
25	60	0.13548
25	61	0.26479
25	62	0.18299
25	63	0.13058
25	64	0.20957
25	65	0.23521
25	66	0.26107
25	67	0.27444
25	68	0.23991
25	69	0.30734
25	70	0.22298
25	71	0.10064
25	72	0.10677
25	73	0.036534
25	74	0.038159
25	75	0.098807
25	76	0.081712
25	77	0.096626
25	78	0.035757
25	79	0.069452
25	80	0.20698
25	81	0.14105
25	82	0.11491
25	83	0.13301
25	84	0.044907
25	85	0.057737
25	86	0.14958
25	87	0.058869
25	88	0.093406
25	89	0.19019
26	27	2.6643
26	28	0.93242
26	29	1.0028
26	30	0.81726
26	31	0.69441
26	32	0.13805
26	33	0.17158
26	34	0.18046
26	35	0.16068
26	36	0.13693
26	37	0.10589
26	38	0.17385
26	39	0.10232
26	40	0.20012
26	41	0.097285
26	42	0.15702
26	43	0.13709
26	44	0.15892
26	45	0.20616
26	46	0.032378
26	47	0.034413
26	48	0.16008
26	49	0.11268
26	50	0.071913
26	51	0.065537
26	52	0.050996
26	53	0.06119
26	54	0.093738
26	55	0.017622
26	56	0
26	57	0.06384
26	58	0.016466
26	59	0.10906
26	60	0.063557
26	61	0.18306
26	62	0.30377
26	63	0.16336
26	64	0.17205
26	65	0.2077
26	66	0.21773
26	67	0.21684
26	68	0.39017
26	69	0.35702
26	70	0.28767
26	71	0.078685
26	72	0.066786
26	73	0.10283
26	74	0
26	75	0.055623
26	76	0.15333
26	77	0.036264
26	78	0.11742
26	79	0.18246
26	80	0.27743
26	81	0.19851
26	82	0.12937
26	83	0.09984
26	84	0.14747
26	85	0
26	86	0
26	87	0.1657
26	88	0
26	89	0
27	28	1.8183
27	29	1.0315
27	30	0.87748
27	31	1.138
27	32	0.72409
27	33	0.29906
27	34	0.30142
27	35	0.28653
27	36	0.31027
27	37	0.19994
27	38	0.17676
27	39	0.2208
27	40	0.18893
27	41	0.091847
27	42	0.19765
27	43	0.21572
27	44	0.1385
27	45	0.25188
27	46	0.18341
27	47	0.081223
27	48	0.096173
27	49	0.15957
27	50	0.081472
27	51	0.077342
27	52	0.048145
27	53	0.12998
27	54	0.10114
27	55	0.099819
27	56	0.12494
27	57	0.075339
27	58	0.15546
27	59	0.12356
27	60	0.21001
27	61	0.32097
27	62	0.33666
27	63	0.24419
27	64	0.22045
27	65	0.13481
27	66	0.24411
27	67	0.14074
27	68	0.12751
27	69	0.20742
27	70	0.18517
27	71	0.13372
27	72	0.17339
27	73	0.097086
27	74	0.13521
27	75	0.087524
27	76	0.086857
27	77	0.068474
27	78	0.26923
27	79	0.22148
27	80	0.22264
27	81	0.12494
27	82	0.20357
27	83	0.18852
27	84	0.099446
27	85	0.051144
27	86	0.06625
27	87	0.15644
27	88	0.24822
27	89	0
28	29	3.5134
28	30	2.6333
28	31	1.8175
28	32	0.40919
28	33	0.21125
28	34	0.29624
28	35	0.36195
28	36	0.32146
28	37	0.064567
28	38	0.22832
28	39	0.18717
28	40	0.31319
28	41	0.15571
28	42	0.20943
28	43	0.16254
28	44	0.18262
28	45	0.45291
28	46	0.017275
28	47	0.07344
28	48	0.12423
28	49	0.10019
28	50	0.12278
28	51	0.034966
28	52	0.036277
28	53	0.09794
28	54	0.028578
28	55	0
28	56	0
28	57	0.03406
28	58	0.087853
28	59	0.0931
28	60	0.10173
28	61	0.43253
28	62	0.32414
28	63	0.20336
28	64	0.35407
28	65	0.34629
28	66	0.29042
28	67	0.3326
28	68	0.30424
28	69	0.36631
28	70	0.22324
28	71	0.083961
28	72	0.071264
28	73	0.073153
28	74	0.038204
28	75	0.039569
28	76	0.11453
28	77	0.038696
28	78	0.089497
28	79	0.18079
28	80	0.32564
28	81	0.28243
28	82	0.092031
28	83	0.1598
28	84	0.1124
28	85	0.028902
28	86	0.037439
28	87	0
28	88	0
28	89	0
29	30	4.2191
29	31	2.2176
29	32	0.35257
29	33	0.3999
29	34	0.30456
29	35	0.27979
29	36	0.32905
29	37	0.063219
29	38	0.15369
29	39	0.33598
29	40	0.1812
29	41	0.16517
29	42	0.21873
29	43	0.23872
29	44	0.24267
29	45	0.36743
29	46	0.050743
29	47	0.089884
29	48	0.091224
29	49	0.13734
29	50	0.10519
29	51	0.08559
29	52	0.07104
29	53	0.031965
29	54	0.055963
29	55	0.036821
29	56	0.046088
29	57	0.016675
29	58	0.10322
29	59	0.045579
29	60	0.18261
29	61	0.31421
29	62	0.52435
29	63	0.19912
29	64	0.28248
29	65	0.35263
29	66	0.31279
29	67	0.39646
29	68	0.40764
29	69	0.34432
29	70	0.24591
29	71	0.14798
29	72	0.13955
29	73	0.10744
29	74	0
29	75	0.077486
29	76	0.080099
29	77	0.22733
29	78	0.10515
29	79	0.20425
29	80	0.28986
29	81	0.17283
29	82	0.13517
29	83	0.26078
29	84	0.066031
29	85	0.028299
29	86	0.18329
29	87	0.11541
29	88	0.091562
29	89	0
30	31	3.3124
30	32	0.63489
30	33	0.31005
30	34	0.34163
30	35	0.099856
30	36	0.42891
30	37	0.21999
30	38	0.20944
30	39	0.29433
30	40	0.14924
30	41	0.13604
30	42	0.1171
30	43	0.22152
30	44	0.35556
30	45	0.32558
30	46	0.10866
30	47	0.057744
30	48	0.24419
30	49	0.12605
30	50	0.048267
30	51	0.018328
30	52	0.11409
30	53	0.06845
30	54	0.11984
30	55	0.078849
30	56	0
30	57	0.053561
30	58	0.01842
30	59	0.073202
30	60	0.23107
30	61	0.30718
30	62	0.41368
30	63	0.35025
30	64	0.23371
30	65	0.33399
30	66	0.41102
30	67	0.31836
30	68	0.26859
30	69	0.39938
30	70	0.19016
30	71	0.12323
30	72	0.13074
30	73	0.13421
30	74	0.020026
30	75	0.10371
30	76	0.12007
30	77	0.020283
30	78	0.15012
30	79	0.21869
30	80	0.29483
30	81	0.25907
30	82	0.1206
30	83	0.33506
30	84	0.070699
30	85	0.0303
30	86	0
30	87	0.061787
30	88	0.19607
30	89	0.09981
31	32	1.2486
31	33	0.56736
31	34	0.48245
31	35	0.4572
31	36	0.33815
31	37	0.24904
31	38	0.1957
31	39	0.30749
31	40	0.29285
31	41	0.14459
31	42	0.15558
31	43	0.29257
31	44	0.30189
31	45	0.34384
31	46	0.10365
31	47	0.031474
31	48	0.1331
31	49	0.13741
31	50	0.065773
31	51	0.1049
31	52	0.062189
31	53	0.041974
31	54	0.048991
31	55	0.048351
31	56	0.020173
31	57	0.087583
31	58	0.090363
31	59	0.2394
31	60	0.24705
31	61	0.40662
31	62	0.30199
31	63	0.26147
31	64	0.29224
31	65	0.23746
31	66	0.26138
31	67	0.27269
31	68	0.2196
31	69	0.43957
31	70	0.23919
31	71	0.17272
31	72	0.13744
31	73	0.14108
31	74	0.065492
31	75	0.10175
31	76	0.12622
31	77	0.11609
31	78	0.18411
31	79	0.22648
31	80	0.25374
31	81	0.27234
31	82	0.13805
31	83	0.1598
31	84	0.11561
31	85	0.024773
31	86	0.12836
31	87	0
31	88	0
31	89	0.081606
32	33	3.9006
32	34	1.4418
32	35	0.78378
32	36	0.42522
32	37	0.8585
32	38	0.45823
32	39	0.37564
32	40	0.31429
32	41	0.46877
32	42	0.26621
32	43	0.34253
32	44	0.19635
32	45	0.15583
32	46	0.60673
32	47	0.38691
32	48	0.20257
32	49	0.12065
32	50	0.23101
32	51	0.21053
32	52	0.20022
32	53	0.18018
32	54	0.20075
32	55	0.35851
32	56	0.23618
32	57	0.25635
32	58	0.28211
32	59	0.44378
32	60	0.32327
32	61	0.14002
32	62	0.19799
32	63	0.26238
32	64	0.052638
32	65	0.083401
32	66	0.08743
32	67	0.10158
32	68	0.11248
32	69	0.11763
32	70	0.25203
32	71	0.23591
32	72	0.37545
32	73	0.20188
32	74	0.34504
32	75	0.37722
32	76	0.31195
32	77	0.2524
32	78	0.1437
32	79	0.097687
32	80	0.089121
32	81	0.070854
32	82	0.36941
32	83	0.080181
32	84	0.40605
32	85	0.26103
32	86	0.33813
32	87	0.47315
32	88	0.28152
32	89	0.09554
33	34	4.8473
33	35	1.2172
33	36	0.93362
33	37	0.69688
33	38	0.41892
33	39	0.40403
33	40	0.35647
33	41	0.44817
33	42	0.22905
33	43	0.32279
33	44	0.18021
33	45	0.18994
33	46	0.47731
33	47	0.19024
33	48	0.24134
33	49	0.22493
33	50	0.18552
33	51	0.19624
33	52	0.26625
33	53	0.29598
33	54	0.19741
33	55	0.30848
33	56	0.26418
33	57	0.22057
33	58	0.27308
33	59	0.24116
33	60	0.23423
33	61	0.16867
33	62	0.10952
33	63	0.16305
33	64	0.090584
33	65	0.083722
33	66	0.06269
33	67	0.14984
33	68	0.082957
33	69	0.11386
33	70	0.13252
33	71	0.24649
33	72	0.29228
33	73	0.30003
33	74	0.2474
33	75	0.20499
33	76	0.18365
33	77	0.30071
33	78	0.15455
33	79	0.18012
33	80	0.063903
33	81	0.15241
33	82	0.29799
33	83	0.091988
33	84	0.15528
33	85	0.17469
33	86	0.29094
33	87	0.10178
33	88	0.24224
33	89	0.16441
34	35	3.2005
34	36	1.3535
34	37	0.9235
34	38	0.53131
34	39	0.48159
34	40	0.58176
34	41	0.35352
34	42	0.40574
34	43	0.26569
34	44	0.24877
34	45	0.28203
34	46	0.29807
34	47	0.35014
34	48	0.22563
34	49	0.23657
34	50	0.1115
34	51	0.25403
34	52	0.26355
34	53	0.26683
34	54	0.11679
34	55	0.13661
34	56	0.23511
34	57	0.26291
34	58	0.2553
34	59	0.21137
34	60	0.29254
34	61	0.16472
34	62	0.089587
34	63	0.22425
34	64	0.14291
34	65	0.075475
34	66	0.11868
34	67	0.15759
34	68	0.08725
34	69	0.10645
34	70	0.15205
34	71	0.122
34	72	0.27505
34	73	0.29895
34	74	0.17347
34	75	0.17967
34	76	0.13372
34	77	0.21084
34	78	0.16255
34	79	0.13892
34	80	0.094094
34	81	0.04809
34	82	0.16715
34	83	0.096748
34	84	0.10207
34	85	0.34121
34	86	0.102
34	87	0.32114
34	88	0.25477
34	89	0.34584
35	36	4.3176
35	37	1.8099
35	38	0.68332
35	39	0.72867
35	40	0.64845
35	41	0.48497
35	42	0.44029
35	43	0.41764
35	44	0.33518
35	45	0.27204
35	46	0.40352
35	47	0.3431
35	48	0.30831
35	49	0.37447
35	50	0.30472
35	51	0.22461
35	52	0.29659
35	53	0.34317
35	54	0.11682
35	55	0.21961
35	56	0.13744
35	57	0.11934
35	58	0.12313
35	59	0.38058
35	60	0.33664
35	61	0.13037
35	62	0.11522
35	63	0.20359
35	64	0.13784
35	65	0.048534
35	66	0.11872
35	67	0.1689
35	68	0.13091
35	69	0.22247
35	70	0.21185
35	71	0.23535
35	72	0.20808
35	73	0.23496
35	74	0.17848
35	75	0.27729
35	76	0.17198
35	77	0.15818
35	78	0.27177
35	79	0.21115
35	80	0.10373
35	81	0.1237
35	82	0.37621
35	83	0.15553
35	84	0.2888
35	85	0.16878
35	86	0.13118
35	87	0
35	88	0.10922
35	89	0.1112
36	37	2.5595
36	38	1.0482
36	39	0.85233
36	40	0.57389
36	41	0.34873
36	42	0.51281
36	43	0.30578
36	44	0.33888
36	45	0.33617
36	46	0.15475
36	47	0.3454
36	48	0.16693
36	49	0.39493
36	50	0.23372
36	51	0.17228
36	52	0.27623
36	53	0.1901
36	54	0.16641
36	55	0.23582
36	56	0.084335
36	57	0.10679
36	58	0.18888
36	59	0.35446
36	60	0.30377
36	61	0.33748
36	62	0.18937
36	63	0.26025
36	64	0.18796
36	65	0.23577
36	66	0.20813
36	67	0.12955
36	68	0.21517
36	69	0.18376
36	70	0.18749
36	71	0.16547
36	72	0.30324
36	73	0.13107
36	74	0.22246
36	75	0.12406
36	76	0.21986
36	77	0.22532
36	78	0.14431
36	79	0.16195
36	80	0.14586
36	81	0.20557
36	82	0.24733
36	83	0.14316
36	84	0.1611
36	85	0.12946
36	86	0.30185
36	87	0.31679
36	88	0.25132
36	89	0.085289
37	38	3.6576
37	39	1.5744
37	40	1.1834
37	41	0.78334
37	42	0.53888
37	43	0.27345
37	44	0.38728
37	45	0.2177
37	46	0.44449
37	47	0.50876
37	48	0.33808
37	49	0.35696
37	50	0.30376
37	51	0.25953
37	52	0.17951
37	53	0.25847
37	54	0.16969
37	55	0.37217
37	56	0.2795
37	57	0.33707
37	58	0.39994
37	59	0.52978
37	60	0.25169
37	61	0.13808
37	62	0.097629
37	63	0.23001
37	64	0.16871
37	65	0.068541
37	66	0.10059
37	67	0.10018
37	68	0.12677
37	69	0.087003
37	70	0.11047
37	71	0.21604
37	72	0.19395
37	73	0.23529
37	74	0.24575
37	75	0.21537
37	76	0.17811
37	77	0.30636
37	78	0.17714
37	79	0.12386
37	80	0.058594
37	81	0.087344
37	82	0.34154
37	83	0.079074
37	84	0.24471
37	85	0.25742
37	86	0.25936
37	87	0.11665
37	88	0.092546
37	89	0.18844
38	39	4.0527
38	40	1.4696
38	41	0.66979
38	42	0.50081
38	43	0.34128
38	44	0.30813
38	45	0.32831
38	46	0.28715
38	47	0.30519
38	48	0.21736
38	49	0.43828
38	50	0.13427
38	51	0.13766
38	52	0.2063
38	53	0.24277
38	54	0.23752
38	55	0.14805
38	56	0.20591
38	57	0.14899
38	58	0.26132
38	59	0.34617
38	60	0.356
38	61	0.1831
38	62	0.2096
38	63	0.39396
38	64	0.18356
38	65	0.1939
38	66	0.19056
38	67	0.16447
38	68	0.070045
38	69	0.14101
38	70	0.1709
38	71	0.22037
38	72	0.24939
38	73	0.256
38	74	0.20054
38	75	0.20771
38	76	0.21471
38	77	0.27083
38	78	0.23489
38	79	0.12167
38	80	0.1036
38	81	0.1081
38	82	0.12077
38	83	0.13981
38	84	0.19667
38	85	0.075857
38	86	0.098263
38	87	0
38	88	0.24544
38	89	0.16659
39	40	3.5939
39	41	1.0671
39	42	0.90789
39	43	0.57509
39	44	0.48648
39	45	0.40835
39	46	0.23127
39	47	0.3687
39	48	0.19304
39	49	0.24911
39	50	0.19078
39	51	0.21734
39	52	0.20814
39	53	0.12487
39	54	0.16397
39	55	0.28769
39	56	0.20255
39	57	0.114
39	58	0.31924
39	59	0.28934
39	60	0.27562
39	61	0.21348
39	62	0.18867
39	63	0.16669
39	64	0.23826
39	65	0.21193
39	66	0.15274
39	67	0.15211
39	68	0.19906
39	69	0.18215
39	70	0.26685
39	71	0.14452
39	72	0.13629
39	73	0.13991
39	74	0.23746
39	75	0.22703
39	76	0.3755
39	77	0.18502
39	78	0.18828
39	79	0.18618
39	80	0.1557
39	81	0.15192
39	82	0.15401
39	83	0.10188
39	84	0.12898
39	85	0.082914
39	86	0.32221
39	87	0.22544
39	88	0.3577
39	89	0.18209
40	41	2.9333
40	42	1.1333
40	43	0.72351
40	44	0.70588
40	45	0.47436
40	46	0.52771
40	47	0.36857
40	48	0.4608
40	49	0.40227
40	50	0.17413
40	51	0.27466
40	52	0.2533
40	53	0.25645
40	54	0.14966
40	55	0.19694
40	56	0.12325
40	57	0.22296
40	58	0.16869
40	59	0.38598
40	60	0.23677
40	61	0.15831
40	62	0.1353
40	63	0.19017
40	64	0.14879
40	65	0.18135
40	66	0.20278
40	67	0.11359
40	68	0.055904
40	69	0.15346
40	70	0.13396
40	71	0.2345
40	72	0.29545
40	73	0.19154
40	74	0.10003
40	75	0.12087
40	76	0.12852
40	77	0.20264
40	78	0.15623
40	79	0.16993
40	80	0.10335
40	81	0.077032
40	82	0.24098
40	83	0.18597
40	84	0.05886
40	85	0.17658
40	86	0.19606
40	87	0.30864
40	88	0.081619
40	89	0.33239
41	42	2.788
41	43	1.2543
41	44	0.66417
41	45	0.45297
41	46	0.7971
41	47	0.59887
41	48	0.44473
41	49	0.39855
41	50	0.32965
41	51	0.20863
41	52	0.23088
41	53	0.14285
41	54	0.25009
41	55	0.26926
41	56	0.22469
41	57	0.24387
41	58	0.33548
41	59	0.24072
41	60	0.20233
41	61	0.2109
41	62	0.12333
41	63	0.23112
41	64	0.17735
41	65	0.12122
41	66	0.16173
41	67	0.12655
41	68	0.10191
41	69	0.069941
41	70	0.1221
41	71	0.13359
41	72	0.21261
41	73	0.24734
41	74	0.18236
41	75	0.29905
41	76	0.078099
41	77	0.030785
41	78	0.09968
41	79	0.1217
41	80	0.10598
41	81	0.084257
41	82	0.27456
41	83	0.16951
41	84	0.19672
41	85	0.25293
41	86	0.089355
41	87	0.28133
41	88	0.22319
41	89	0.075743
42	43	3.9097
42	44	1.1836
42	45	1.1077
42	46	0.65064
42	47	0.56579
42	48	0.39877
42	49	0.41168
42	50	0.27588
42	51	0.22448
42	52	0.17079
42	53	0.12576
42	54	0.24463
42	55	0.16096
42	56	0.16117
42	57	0.20409
42	58	0.18049
42	59	0.25901
42	60	0.2177
42	61	0.2747
42	62	0.14476
42	63	0.5098
42	64	0.25818
42	65	0.11857
42	66	0.16159
42	67	0.28471
42	68	0.1919
42	69	0.12542
42	70	0.22693
42	71	0.18687
42	72	0.21351
42	73	0.21917
42	74	0.17986
42	75	0.11855
42	76	0.098038
42	77	0.14906
42	78	0.19919
42	79	0.15475
42	80	0.088693
42	81	0.04533
42	82	0.31512
42	83	0.25079
42	84	0.34636
42	85	0.17318
42	86	0.28843
42	87	0.15135
42	88	0
42	89	0.32599
43	44	3.7437
43	45	1.5474
43	46	0.96403
43	47	0.42081
43	48	0.4178
43	49	0.37941
43	50	0.18352
43	51	0.1568
43	52	0.18075
43	53	0.16267
43	54	0.15663
43	55	0.18738
43	56	0.16418
43	57	0.18668
43	58	0.24513
43	59	0.34791
43	60	0.23654
43	61	0.29199
43	62	0.16853
43	63	0.36188
43	64	0.14375
43	65	0.26227
43	66	0.30388
43	67	0.14411
43	68	0.2234
43	69	0.073007
43	70	0.19466
43	71	0.21754
43	72	0.26631
43	73	0.16402
43	74	0.17132
43	75	0.35488
43	76	0.16304
43	77	0.17352
43	78	0.26756
43	79	0.15244
43	80	0.19175
43	81	0.15831
43	82	0.1605
43	83	0.23887
43	84	0.089605
43	85	0.14401
43	86	0.18654
43	87	0.11747
43	88	0.27957
43	89	0.18975
44	45	3.7049
44	46	1.6441
44	47	0.58734
44	48	0.49675
44	49	0.40065
44	50	0.36821
44	51	0.11186
44	52	0.15957
44	53	0.15665
44	54	0.17142
44	55	0.19549
44	56	0.15058
44	57	0.17706
44	58	0.23888
44	59	0.16753
44	60	0.35255
44	61	0.20086
44	62	0.21415
44	63	0.20911
44	64	0.24121
44	65	0.24371
44	66	0.2671
44	67	0.19661
44	68	0.12806
44	69	0.2578
44	70	0.34592
44	71	0.21487
44	72	0.25647
44	73	0.19014
44	74	0.076384
44	75	0.17405
44	76	0.23553
44	77	0.18568
44	78	0.30062
44	79	0.15571
44	80	0.13022
44	81	0.1694
44	82	0.20241
44	83	0.31951
44	84	0.3236
44	85	0.092458
44	86	0.11977
44	87	0.047135
44	88	0.14958
44	89	0.15228
45	46	2.1654
45	47	0.62634
45	48	0.5051
45	49	0.31796
45	50	0.29222
45	51	0.18031
45	52	0.24464
45	53	0.1554
45	54	0.17005
45	55	0.23868
45	56	0.037344
45	57	0.16213
45	58	0.23698
45	59	0.25852
45	60	0.33628
45	61	0.30995
45	62	0.38014
45	63	0.41487
45	64	0.40575
45	65	0.29671
45	66	0.40321
45	67	0.36713
45	68	0.21596
45	69	0.18599
45	70	0.24353
45	71	0.29309
45	72	0.26855
45	73	0.21764
45	74	0.18186
45	75	0.14126
45	76	0.19471
45	77	0.16885
45	78	0.085204
45	79	0.23169
45	80	0.23486
45	81	0.29408
45	82	0.25555
45	83	0.31695
45	84	0.071337
45	85	0.091719
45	86	0.089107
45	87	0.14028
45	88	0.22257
45	89	0.075533
46	47	3.403
46	48	0.93743
46	49	0.67915
46	50	0.50388
46	51	0.37033
46	52	0.44185
46	53	0.39763
46	54	0.22701
46	55	0.25889
46	56	0.34897
46	57	0.46896
46	58	0.48384
46	59	0.49302
46	60	0.39505
46	61	0.14778
46	62	0.089556
46	63	0.076923
46	64	0.11111
46	65	0.044011
46	66	0.030758
46	67	0.061263
46	68	0.067837
46	69	0.077592
46	70	0.14778
46	71	0.16006
46	72	0.22643
46	73	0.32928
46	74	0.20231
46	75	0.31431
46	76	0.13863
46	77	0.16393
46	78	0.1327
46	79	0.13256
46	80	0.078384
46	81	0.018695
46	82	0.21931
46	83	0.056416
46	84	0.30951
46	85	0.33672
46	86	0.31722
46	87	0.12484
46	88	0.49521
46	89	0.3025
47	48	5.5235
47	49	1.8948
47	50	0.74284
47	51	1.0037
47	52	0.59211
47	53	0.56961
47	54	0.35386
47	55	0.46565
47	56	0.55635
47	57	0.49842
47	58	0.35601
47	59	0.68119
47	60	0.57255
47	61	0.21988
47	62	0.19036
47	63	0.19621
47	64	0.17714
47	65	0.046777
47	66	0.065382
47	67	0.065112
47	68	0.072099
47	69	0.098961
47	70	0.17277
47	71	0.20793
47	72	0.12033
47	73	0.24704
47	74	0.34403
47	75	0.26724
47	76	0.18417
47	77	0.26135
47	78	0.38282
47	79	0.093924
47	80	0.066647
47	81	0.099348
47	82	0.077697
47	83	0.089941
47	84	0.22774
47	85	0.3904
47	86	0.54786
47	87	0.26537
47	88	0.31579
47	89	0.42868
48	49	3.9681
48	50	0.93509
48	51	0.73235
48	52	1.0534
48	53	0.45067
48	54	0.62577
48	55	0.35802
48	56	0.56016
48	57	0.25941
48	58	0.53528
48	59	0.50965
48	60	0.56495
48	61	0.18597
48	62	0.10733
48	63	0.27658
48	64	0.17478
48	65	0.11868
48	66	0.13824
48	67	0.11014
48	68	0.091467
48	69	0.13949
48	70	0.17268
48	71	0.22381
48	72	0.20354
48	73	0.27858
48	74	0.16367
48	75	0.28253
48	76	0.21807
48	77	0.16578
48	78	0.22153
48	79	0.18535
48	80	0.11273
48	81	0.13444
48	82	0.21904
48	83	0.20285
48	84	0.085604
48	85	0.16509
48	86	0.21386
48	87	0.33666
48	88	0.26708
48	89	0.09064
49	50	3.2053
49	51	1.4821
49	52	0.93595
49	53	0.56152
49	54	0.52666
49	55	0.53132
49	56	0.43372
49	57	0.43938
49	58	0.53967
49	59	0.5719
49	60	0.45826
49	61	0.30855
49	62	0.13851
49	63	0.232
49	64	0.096666
49	65	0.017018
49	66	0.01784
49	67	0.1066
49	68	0.078691
49	69	0.090007
49	70	0.18856
49	71	0.33009
49	72	0.15322
49	73	0.15728
49	74	0.21121
49	75	0.24307
49	76	0.34172
49	77	0.40409
49	78	0.17593
49	79	0.1196
49	80	0.07274
49	81	0.17349
49	82	0.0848
49	83	0.29449
49	84	0.11047
49	85	0.17754
49	86	0.18399
49	87	0.28964
49	88	0.11489
49	89	0.23394
50	51	7.09
50	52	1.7238
50	53	0.92153
50	54	0.7798
50	55	0.44231
50	56	0.53148
50	57	0.70505
50	58	0.51251
50	59	0.438
50	60	0.23929
50	61	0.19693
50	62	0.092822
50	63	0.10934
50	64	0.11105
50	65	0.1564
50	66	0.13663
50	67	0.095246
50	68	0.0452
50	69	0.068933
50	70	0.07877
50	71	0.237
50	72	0.13411
50	73	0.20649
50	74	0.17973
50	75	0.27923
50	76	0.16934
50	77	0.20025
50	78	0.13473
50	79	0.18319
50	80	0.055709
50	81	0.049826
50	82	0.086594
50	83	0.1253
50	84	0.14806
50	85	0.5167
50	86	0.035227
50	87	0.33273
50	88	0.26397
50	89	0.17916
51	52	4.2967
51	53	1.4522
51	54	0.91897
51	55	1.048
51	56	0.98385
51	57	0.63889
51	58	0.65917
51	59	0.64865
51	60	0.25443
51	61	0.11964
51	62	0.075529
51	63	0.18684
51	64	0.07028
51	65	0.089083
51	66	0.046694
51	67	0.077502
51	68	0.085818
51	69	0.078527
51	70	0.074778
51	71	0.25199
51	72	0.15277
51	73	0.23523
51	74	0.2457
51	75	0.25448
51	76	0.24552
51	77	0.22812
51	78	0.1343
51	79	0.11925
51	80	0.031731
51	81	0.094601
51	82	0.29594
51	83	0.19984
51	84	0.24095
51	85	0.43371
51	86	0.32104
51	87	0.31587
51	88	0.40094
51	89	0.51025
52	53	4.3203
52	54	1.6844
52	55	1.2337
52	56	0.94223
52	57	0.79542
52	58	0.60573
52	59	0.64709
52	60	0.35824
52	61	0.1862
52	62	0.14105
52	63	0.16154
52	64	0.087499
52	65	0.12323
52	66	0.14533
52	67	0.032163
52	68	0.12465
52	69	0.065177
52	70	0.13965
52	71	0.16807
52	72	0.21794
52	73	0.24405
52	74	0.23367
52	75	0.26402
52	76	0.14556
52	77	0.21516
52	78	0.13934
52	79	0.092791
52	80	0.082303
52	81	0.078519
52	82	0.12793
52	83	0.059237
52	84	0.39998
52	85	0.19285
52	86	0.24981
52	87	0.9176
52	88	0.51997
52	89	0.21175
53	54	6.7211
53	55	1.8253
53	56	1.107
53	57	0.74991
53	58	0.59786
53	59	0.39598
53	60	0.32239
53	61	0.16756
53	62	0.11283
53	63	0.087223
53	64	0.10499
53	65	0.083175
53	66	0.10172
53	67	0.028944
53	68	0.080126
53	69	0.073318
53	70	0.041891
53	71	0.11764
53	72	0.14264
53	73	0.18302
53	74	0.17205
53	75	0.3762
53	76	0.08187
53	77	0.13554
53	78	0.14331
53	79	0.041752
53	80	0.059253
53	81	0.070661
53	82	0.11513
53	83	0.053309
53	84	0.089987
53	85	0.28924
53	86	0.22481
53	87	0.3539
53	88	0.37435
53	89	0.38112
54	55	3.9534
54	56	1.6495
54	57	0.71613
54	58	0.61571
54	59	0.22429
54	60	0.25251
54	61	0.17113
54	62	0.20989
54	63	0.15271
54	64	0.080418
54	65	0.12135
54	66	0.15265
54	67	0.10135
54	68	0.070141
54	69	0.10269
54	70	0.085564
54	71	0.10298
54	72	0.093647
54	73	0.19226
54	74	0.26775
54	75	0.13866
54	76	0.22934
54	77	0.22035
54	78	0.10977
54	79	0.060915
54	80	0.051869
54	81	0.092783
54	82	0.26203
54	83	0.25666
54	84	0.13785
54	85	0.27852
54	86	0.36079
54	87	0.3098
54	88	0.49154
54	89	0.25022
55	56	7.814
55	57	1.1583
55	58	1.033
55	59	0.72446
55	60	0.41046
55	61	0.2091
55	62	0.081233
55	63	0.20095
55	64	0.12094
55	65	0.079842
55	66	0.03348
55	67	0.033342
55	68	0.01846
55	69	0.016891
55	70	0.06434
55	71	0.11615
55	72	0.10269
55	73	0.18975
55	74	0.33031
55	75	0.25089
55	76	0.22634
55	77	0.17844
55	78	0.16508
55	79	0.11222
55	80	0.034127
55	81	0.061047
55	82	0.26524
55	83	0.092112
55	84	0.23323
55	85	0.39982
55	86	0.56108
55	87	0.27178
55	88	0.64683
55	89	0.65853
56	57	4.3987
56	58	1.9776
56	59	0.73887
56	60	0.22018
56	61	0.14093
56	62	0.12201
56	63	0.08384
56	64	0.037844
56	65	0.11992
56	66	0.020953
56	67	0
56	68	0.11553
56	69	0.042285
56	70	0.020133
56	71	0.072691
56	72	0.23137
56	73	0.34306
56	74	0.35832
56	75	0.39967
56	76	0.21248
56	77	0.11167
56	78	0.23245
56	79	0.16053
56	80	0.042716
56	81	0.12735
56	82	0.1992
56	83	0.19216
56	84	0.32437
56	85	0.54216
56	86	0.4862
56	87	0.68035
56	88	0.40481
56	89	0.41214
57	58	5.522
57	59	1.7254
57	60	0.42486
57	61	0.18939
57	62	0.073573
57	63	0.060666
57	64	0.082152
57	65	0.057851
57	66	0
57	67	0.015099
57	68	0.11703
57	69	0.061195
57	70	0.014568
57	71	0.2104
57	72	0.18602
57	73	0.24824
57	74	0.39889
57	75	0.4338
57	76	0.35874
57	77	0.26262
57	78	0.18689
57	79	0.11616
57	80	0.10818
57	81	0.055291
57	82	0.24023
57	83	0.11123
57	84	0.44595
57	85	0.42248
57	86	0.35181
57	87	0.61537
57	88	0.87875
57	89	0.79525
58	59	4.6134
58	60	0.96801
58	61	0.30061
58	62	0.13663
58	63	0.10954
58	64	0.16952
58	65	0.11937
58	66	0.1095
58	67	0.1402
58	68	0.12075
58	69	0.094705
58	70	0.075152
58	71	0.1628
58	72	0.38384
58	73	0.37432
58	74	0.37039
58	75	0.21313
58	76	0.40538
58	77	0.22926
58	78	0.30851
58	79	0.10487
58	80	0.14351
58	81	0.095075
58	82	0.19828
58	83	0.20084
58	84	0.36324
58	85	0.37361
58	86	0.40331
58	87	0.50792
58	88	0
58	89	0.61537
59	60	3.8227
59	61	0.47785
59	62	0.22121
59	63	0.2902
59	64	0.20584
59	65	0.13836
59	66	0.14505
59	67	0.12381
59	68	0.11425
59	69	0
59	70	0.15928
59	71	0.40736
59	72	0.45762
59	73	0.52195
59	74	0.38161
59	75	0.73404
59	76	0.42026
59	77	0.52457
59	78	0.33205
59	79	0.13891
59	80	0.063366
59	81	0.15113
59	82	0.59098
59	83	0.11402
59	84	0.2887
59	85	0.90735
59	86	0.4274
59	87	0.33641
59	88	0.93411
59	89	0.95101
60	61	2.3931
60	62	0.79106
60	63	0.90596
60	64	0.44983
60	65	0.27357
60	66	0.2566
60	67	0.27057
60	68	0.24967
60	69	0.28939
60	70	0.53663
60	71	0.61094
60	72	0.42595
60	73	0.39922
60	74	0.59568
60	75	0.24679
60	76	0.35715
60	77	0.40223
60	78	0.50236
60	79	0.37585
60	80	0.27695
60	81	0.34862
60	82	0.76532
60	83	0.3876
60	84	0.39724
60	85	0.30043
60	86	0.42809
60	87	0.49012
60	88	0.097207
60	89	0.098966
61	62	3.8457
61	63	2.2615
61	64	0.71794
61	65	0.59246
61	66	0.72046
61	67	0.60615
61	68	0.73969
61	69	0.50137
61	70	0.56098
61	71	0.50277
61	72	0.24385
61	73	0.21902
61	74	0.24511
61	75	0.18617
61	76	0.26593
61	77	0.29791
61	78	0.2603
61	79	0.59481
61	80	0.45583
61	81	0.52849
61	82	0.35427
61	83	0.36454
61	84	0.15384
61	85	0.074172
61	86	0.12811
61	87	0.20167
61	88	0
61	89	0.24433
62	63	3.2632
62	64	1.2577
62	65	0.93353
62	66	0.82807
62	67	0.79966
62	68	0.76095
62	69	0.8229
62	70	0.49428
62	71	0.34822
62	72	0.20012
62	73	0.12641
62	74	0.23106
62	75	0.10257
62	76	0.19791
62	77	0.18389
62	78	0.29385
62	79	0.37249
62	80	0.53715
62	81	0.54906
62	82	0.29819
62	83	0.57531
62	84	0.097115
62	85	0.14983
62	86	0.032348
62	87	0.050924
62	88	0.080799
62	89	0
63	64	2.1372
63	65	1.0486
63	66	0.68539
63	67	0.56666
63	68	0.71303
63	69	0.62635
63	70	0.83254
63	71	0.50846
63	72	0.36493
63	73	0.27688
63	74	0.30621
63	75	0.21143
63	76	0.23314
63	77	0.34461
63	78	0.55793
63	79	0.4954
63	80	0.42183
63	81	0.36156
63	82	0.4303
63	83	0.28463
63	84	0.26025
63	85	0.051479
63	86	0.10003
63	87	0.10498
63	88	0.16656
63	89	0.084789
64	65	3.3076
64	66	1.9497
64	67	1.5463
64	68	1.4805
64	69	1.3194
64	70	1.2788
64	71	0.59403
64	72	0.34377
64	73	0.29407
64	74	0.26108
64	75	0.17497
64	76	0.3157
64	77	0.28
64	78	0.24465
64	79	0.43605
64	80	0.45222
64	81	0.53928
64	82	0.31447
64	83	0.51392
64	84	0.10844
64	85	0.23237
64	86	0.060201
64	87	0
64	88	0.075184
64	89	0.15309
65	66	3.3419
65	67	1.8421
65	68	2.0262
65	69	1.6799
65	70	1.1375
65	71	0.49912
65	72	0.42364
65	73	0.18637
65	74	0.16222
65	75	0.18482
65	76	0.264
65	77	0.11502
65	78	0.15201
65	79	0.49602
65	80	0.45253
65	81	0.53966
65	82	0.21493
65	83	0.67856
65	84	0.1909
65	85	0.024545
65	86	0.22256
65	87	0.050052
65	88	0.079416
65	89	0.16171
66	67	3.3215
66	68	2.2809
66	69	1.8001
66	70	1.0683
66	71	0.58304
66	72	0.22205
66	73	0.22794
66	74	0.13605
66	75	0.15852
66	76	0.18936
66	77	0.2067
66	78	0.35058
66	79	0.3219
66	80	0.43486
66	81	0.55001
66	82	0.30725
66	83	0.54536
66	84	0.18011
66	85	0.077192
66	86	0.099992
66	87	0.15741
66	88	0
66	89	0.08476
67	68	3.4356
67	69	1.8057
67	70	1.1999
67	71	0.65507
67	72	0.31591
67	73	0.37293
67	74	0.16936
67	75	0.24557
67	76	0.26111
67	77	0.30877
67	78	0.31739
67	79	0.40688
67	80	0.5643
67	81	0.5321
67	82	0.28558
67	83	0.61395
67	84	0.23916
67	85	0.12812
67	86	0.033193
67	87	0.052254
67	88	0
67	89	0.08441
68	69	3.179
68	70	1.3972
68	71	0.75834
68	72	0.45476
68	73	0.4309
68	74	0.30005
68	75	0.23308
68	76	0.19275
68	77	0.3419
68	78	0.24601
68	79	0.45054
68	80	0.79923
68	81	0.57186
68	82	0.15811
68	83	0.4445
68	84	0.28689
68	85	0.056748
68	86	0.036755
68	87	0.34717
68	88	0.091806
68	89	0.093468
69	70	3.2213
69	71	0.7995
69	72	0.59217
69	73	0.27929
69	74	0.27456
69	75	0.15996
69	76	0.36745
69	77	0.24333
69	78	0.17687
69	79	0.59965
69	80	0.75792
69	81	0.53914
69	82	0.22735
69	83	0.7417
69	84	0.16155
69	85	0.15578
69	86	0.16816
69	87	0.052945
69	88	0.084006
69	89	0
70	71	2.3989
70	72	1.265
70	73	0.48498
70	74	0.34315
70	75	0.37233
70	76	0.53185
70	77	0.46342
70	78	0.30624
70	79	0.65429
70	80	0.78504
70	81	0.54359
70	82	0.33459
70	83	0.50124
70	84	0.24999
70	85	0.074172
70	86	0.16013
70	87	0.15125
70	88	0.079996
70	89	0.16289
71	72	5.521
71	73	1.5439
71	74	0.64898
71	75	0.61106
71	76	0.65694
71	77	0.47806
71	78	0.75554
71	79	0.35793
71	80	0.35049
71	81	0.47249
71	82	1.0186
71	83	0.38388
71	84	0.53229
71	85	0.38682
71	86	0.19272
71	87	0.18203
71	88	0.19255
71	89	0.19604
72	73	3.4759
72	74	1.1476
72	75	1.0157
72	76	0.8757
72	77	0.82421
72	78	0.80161
72	79	0.50127
72	80	0.33953
72	81	0.5013
72	82	0.62828
72	83	0.55275
72	84	0.39287
72	85	0.22099
72	86	0.44984
72	87	0.38626
72	88	0
72	89	0.83195
73	74	4.2193
73	75	1.7525
73	76	1.3759
73	77	1.0196
73	78	0.76265
73	79	0.48338
73	80	0.21575
73	81	0.13854
73	82	0.38696
73	83	0.17918
73	84	0.60492
73	85	0.45369
73	86	0.50374
73	87	0.3965
73	88	0.94368
73	89	0.2135
74	75	5.2364
74	76	1.9161
74	77	1.065
74	78	0.90139
74	79	0.40716
74	80	0.24269
74	81	0.3721
74	82	0.78141
74	83	0.49907
74	84	0.34224
74	85	0.50772
74	86	0.61384
74	87	0.48316
74	88	0.43807
74	89	1.0035
75	76	5.0607
75	77	1.3612
75	78	0.99873
75	79	0.65787
75	80	0.14363
75	81	0.21411
75	82	0.64188
75	83	0.29076
75	84	0.59987
75	85	0.9115
75	86	0.63578
75	87	0.50043
75	88	0.45372
75	89	0.57742
76	77	3.7069
76	78	1.4364
76	79	0.61379
76	80	0.48998
76	81	0.61973
76	82	0.53083
76	83	0.6412
76	84	0.51863
76	85	0.3479
76	86	0.75111
76	87	0.82769
76	88	0.37522
76	89	0.38201
77	78	4.6711
77	79	1.1712
77	80	0.57941
77	81	0.52346
77	82	0.76418
77	83	0.4739
77	84	0.85329
77	85	0.51426
77	86	0.71057
77	87	0.48938
77	88	0.77649
77	89	0.67761
78	79	2.6554
78	80	1.0883
78	81	1.1235
78	82	1.0605
78	83	1.0814
78	84	0.88808
78	85	0.63435
78	86	0.78063
78	87	0.45275
78	88	0.10262
78	89	0.73136
79	80	3.3696
79	81	3.311
79	82	1.3339
79	83	1.476
79	84	0.72831
79	85	0.51749
79	86	0.31921
79	87	0.3015
79	88	0.15946
79	89	0.16235
80	81	5.7988
80	82	0.73078
80	83	2.1511
80	84	0.4896
80	85	0.1836
80	86	0.30578
80	87	0.26743
80	88	0.16973
80	89	0.1728
81	82	1.9671
81	83	2.1329
81	84	0.55953
81	85	0.15639
81	86	0.40517
81	87	0.25513
81	88	0
81	89	0.20607
82	83	3.4189
82	84	3.2978
82	85	1.4269
82	86	1.1619
82	87	1.0808
82	88	0.79147
82	89	0.9401
83	84	3.5239
83	85	0.61353
83	86	0.67248
83	87	0.4812
83	88	0.4581
83	89	0.31093
84	85	5.9749
84	86	2.6315
84	87	2.1119
84	88	1.1599
84	89	0.65607
85	86	7.6292
85	87	3.1331
85	88	1.4913
85	89	2.1932
86	87	14.34
86	88	3.6491
86	89	2.841
87	88	14.868
87	89	5.5044
88	89	36.026
