1	2	4.6161
1	3	2.1189
1	4	1.2097
1	5	0.73435
1	6	0.58242
1	7	0.3019
1	8	0.33284
1	9	0.2353
1	10	0.19674
1	11	0.27217
1	12	0.19734
1	13	0.10135
1	14	0.22661
1	15	0.30758
1	16	0.054558
1	17	0.28707
1	18	0.13807
1	19	0.24157
1	20	0.27291
1	21	0.35152
1	22	0.16343
1	23	0.18987
1	24	0.22452
1	25	0.1382
1	26	0.28316
1	27	0
1	28	0
1	29	0.091292
1	30	0.22089
1	31	0.26376
1	32	0.16041
1	33	0.21906
1	34	0.37734
1	35	0.20608
1	36	0.18135
1	37	0.20873
1	38	0.099969
1	39	0.23437
1	40	0.15171
1	41	0.08036
1	42	0.24881
1	43	0.26151
1	44	0.2869
1	45	0.35806
1	46	0.15004
1	47	0.13842
1	48	0.23876
1	49	0.12169
1	50	0.22965
1	51	0.15947
1	52	0.058586
1	53	0.13298
1	54	0.14345
1	55	0.27348
1	56	0.098747
1	57	0.20158
1	58	0.23676
1	59	0
1	60	0.34043
1	61	0.82662
1	62	1.8894
2	3	5.159
2	4	1.7913
2	5	0.75063
2	6	0.35398
2	7	0.36501
2	8	0.13486
2	9	0.22102
2	10	0.10436
2	11	0.22557
2	12	0.065421
2	13	0.053757
2	14	0.10927
2	15	0.21593
2	16	0.2291
2	17	0.16315
2	18	0.22886
2	19	0.14415
2	20	0.12527
2	21	0.20393
2	22	0.077398
2	23	0.12589
2	24	0.074433
2	25	0.12828
2	26	0.15645
2	27	0
2	28	0
2	29	0.33291
2	30	0.19528
2	31	0.24983
2	32	0.40416
2	33	0.29049
2	34	0.27521
2	35	0.21472
2	36	0.12024
2	37	0.13839
2	38	0.11931
2	39	0.14127
2	40	0.071849
2	41	0.19536
2	42	0.20621
2	43	0.24274
2	44	0.1712
2	45	0.29676
2	46	0.13927
2	47	0.20191
2	48	0.15831
2	49	0.10085
2	50	0.083054
2	51	0.14538
2	52	0.012948
2	53	0.058779
2	54	0.019022
2	55	0.16118
2	56	0.18005
2	57	0.23761
2	58	0.052327
2	59	0.052707
2	60	0.36115
2	61	0.65769
2	62	0.27839
3	4	4.3729
3	5	1.137
3	6	0.53371
3	7	0.33669
3	8	0.25242
3	9	0.23793
3	10	0.16412
3	11	0.20641
3	12	0.11224
3	13	0.1076
3	14	0.15623
3	15	0.21954
3	16	0.15171
3	17	0.1244
3	18	0.19196
3	19	0.16488
3	20	0.19105
3	21	0.18327
3	22	0.12394
3	23	0.108
3	24	0.17027
3	25	0.20962
3	26	0.17895
3	27	0.2492
3	28	0
3	29	0.17308
3	30	0.41879
3	31	0.22861
3	32	0.31629
3	33	0.2492
3	34	0.42925
3	35	0.24559
3	36	0.31436
3	37	0.11512
3	38	0.13646
3	39	0.17774
3	40	0.065744
3	41	0.10157
3	42	0.11793
3	43	0.25782
3	44	0.19582
3	45	0.29417
3	46	0.22757
3	47	0.31492
3	48	0.31041
3	49	0.18457
3	50	0.11083
3	51	0.15117
3	52	0.05924
3	53	0.016808
3	54	0.021757
3	55	0.092178
3	56	0.13105
3	57	0.1189
3	58	0.019951
3	59	0.030143
3	60	0.25818
3	61	0.56419
3	62	0.63683
4	5	3.9327
4	6	1.2605
4	7	0.39084
4	8	0.32557
4	9	0.22441
4	10	0.20784
4	11	0.1797
4	12	0.13029
4	13	0.12491
4	14	0.12695
4	15	0.11149
4	16	0.20813
4	17	0.12636
4	18	0.10129
4	19	0.27646
4	20	0.27722
4	21	0.27077
4	22	0.26719
4	23	0.14626
4	24	0.17295
4	25	0.21899
4	26	0.24927
4	27	0
4	28	0
4	29	0.32147
4	30	0.35651
4	31	0.29854
4	32	0.31067
4	33	0.25713
4	34	0.29897
4	35	0.28509
4	36	0.20527
4	37	0.21716
4	38	0.10561
4	39	0.15005
4	40	0.057238
4	41	0.094325
4	42	0.32856
4	43	0.16115
4	44	0.27782
4	45	0.15761
4	46	0.18492
4	47	0.24371
4	48	0.39036
4	49	0.16069
4	50	0.036758
4	51	0.10529
4	52	0.051576
4	53	0.039022
4	54	0.075769
4	55	0.107
4	56	0.23906
4	57	0.11831
4	58	0.069477
4	59	0.10497
4	60	0.2997
4	61	0.50939
4	62	0.55444
5	6	3.2909
5	7	0.5813
5	8	0.48175
5	9	0.47155
5	10	0.30228
5	11	0.36363
5	12	0.17577
5	13	0.14894
5	14	0.23395
5	15	0.30216
5	16	0.21868
5	17	0.19177
5	18	0.30744
5	19	0.19365
5	20	0.22438
5	21	0.19079
5	22	0.21834
5	23	0.11098
5	24	0.28122
5	25	0.33235
5	26	0.1261
5	27	0
5	28	0
5	29	0.27443
5	30	0.27052
5	31	0.25171
5	32	0.17145
5	33	0.17073
5	34	0.17645
5	35	0.21633
5	36	0.22499
5	37	0.24084
5	38	0.20034
5	39	0.071165
5	40	0.10134
5	41	0.14315
5	42	0.10388
5	43	0.24457
5	44	0.17249
5	45	0.1196
5	46	0.12027
5	47	0.18493
5	48	0.22786
5	49	0.14226
5	50	0.041839
5	51	0.10653
5	52	0.16959
5	53	0.044416
5	54	0.095825
5	55	0.24359
5	56	0.24737
5	57	0.16458
5	58	0.087868
5	59	0.13276
5	60	0.31838
5	61	0.22088
5	62	0.28048
6	7	1.5148
6	8	0.90132
6	9	0.62333
6	10	0.34398
6	11	0.34248
6	12	0.22653
6	13	0.20404
6	14	0.30561
6	15	0.34509
6	16	0.19271
6	17	0.19555
6	18	0.28041
6	19	0.35836
6	20	0.16684
6	21	0.26772
6	22	0.25976
6	23	0.12575
6	24	0.28252
6	25	0.19038
6	26	0.27504
6	27	0.34819
6	28	0
6	29	0.21766
6	30	0.31208
6	31	0.13975
6	32	0.13598
6	33	0.17409
6	34	0.15994
6	35	0.12478
6	36	0.2608
6	37	0.1508
6	38	0.1483
6	39	0.15804
6	40	0.13779
6	41	0.15611
6	42	0.11535
6	43	0.22168
6	44	0.2736
6	45	0.1739
6	46	0.12719
6	47	0.11734
6	48	0.1265
6	49	0.048354
6	50	0.12167
6	51	0.11617
6	52	0.10347
6	53	0.082197
6	54	0.1064
6	55	0.19319
6	56	0.078476
6	57	0.15427
6	58	0.06969
6	59	0.021059
6	60	0.18037
6	61	0.13139
6	62	0.22245
7	8	3.6707
7	9	1.2012
7	10	0.656
7	11	0.48805
7	12	0.3698
7	13	0.42437
7	14	0.35943
7	15	0.28761
7	16	0.32435
7	17	0.2067
7	18	0.27658
7	19	0.22478
7	20	0.29302
7	21	0.26406
7	22	0.2444
7	23	0.18404
7	24	0.2938
7	25	0.2572
7	26	0.31106
7	27	0
7	28	0
7	29	0.31856
7	30	0.11419
7	31	0.10226
7	32	0.024877
7	33	0.042467
7	34	0.073151
7	35	0.045657
7	36	0.050224
7	37	0.07357
7	38	0.10853
7	39	0.10739
7	40	0.12604
7	41	0.17655
7	42	0.15676
7	43	0.091252
7	44	0.06674
7	45	0.080981
7	46	0.10471
7	47	0.042933
7	48	0.1058
7	49	0.14154
7	50	0.089039
7	51	0.13911
7	52	0.159
7	53	0.13749
7	54	0.12236
7	55	0.094251
7	56	0.086142
7	57	0.086839
7	58	0.061198
7	59	0.030821
7	60	0.15839
7	61	0.096147
7	62	0.081394
8	9	2.1215
8	10	0.81014
8	11	0.42577
8	12	0.43153
8	13	0.3846
8	14	0.45742
8	15	0.26295
8	16	0.35241
8	17	0.31457
8	18	0.26941
8	19	0.19504
8	20	0.1695
8	21	0.23947
8	22	0.33931
8	23	0.30661
8	24	0.21527
8	25	0.24549
8	26	0.15242
8	27	0.26531
8	28	0.3236
8	29	0.11056
8	30	0.10404
8	31	0.060847
8	32	0.07771
8	33	0.073697
8	34	0.060934
8	35	0.10697
8	36	0.13597
8	37	0.10725
8	38	0.12107
8	39	0.077413
8	40	0.20999
8	41	0.12977
8	42	0.10045
8	43	0.095016
8	44	0.023164
8	45	0.036138
8	46	0.13326
8	47	0.089408
8	48	0.06885
8	49	0.098251
8	50	0.10957
8	51	0.1368
8	52	0.11826
8	53	0.17
8	54	0.1274
8	55	0.049069
8	56	0.079729
8	57	0.1085
8	58	0.12744
8	59	0.064185
8	60	0.054974
8	61	0.066742
8	62	0.25425
9	10	1.7603
9	11	0.82289
9	12	0.64064
9	13	0.73757
9	14	0.52033
9	15	0.32531
9	16	0.35034
9	17	0.35113
9	18	0.36449
9	19	0.22751
9	20	0.21569
9	21	0.25394
9	22	0.34981
9	23	0.36578
9	24	0.30037
9	25	0.33131
9	26	0.32325
9	27	0.42201
9	28	1.0294
9	29	0.19541
9	30	0.094562
9	31	0.096785
9	32	0.15108
9	33	0.078149
9	34	0.11308
9	35	0.11343
9	36	0.066546
9	37	0.12185
9	38	0.12839
9	39	0.11857
9	40	0.21339
9	41	0.11467
9	42	0.066572
9	43	0.067171
9	44	0.061409
9	45	0.076642
9	46	0.12846
9	47	0.059256
9	48	0.058408
9	49	0.07814
9	50	0.143
9	51	0.1536
9	52	0.1254
9	53	0.18027
9	54	0.1351
9	55	0.078051
9	56	0.095114
9	57	0.12465
9	58	0.1464
9	59	0.13612
9	60	0.087443
9	61	0.070774
9	62	0.089872
10	11	2.2943
10	12	1.3703
10	13	1.245
10	14	0.76984
10	15	0.41965
10	16	0.22653
10	17	0.32588
10	18	0.3756
10	19	0.23865
10	20	0.29757
10	21	0.26423
10	22	0.34095
10	23	0.39758
10	24	0.2411
10	25	0.28493
10	26	0.52704
10	27	0.7057
10	28	0.3443
10	29	0.23527
10	30	0.094879
10	31	0.048554
10	32	0.02756
10	33	0.047047
10	34	0.064832
10	35	0.037936
10	36	0.077896
10	37	0.073354
10	38	0.11164
10	39	0.10067
10	40	0.19549
10	41	0.17258
10	42	0.093512
10	43	0.089861
10	44	0.036969
10	45	0.051266
10	46	0.077335
10	47	0.011891
10	48	0.043953
10	49	0.1176
10	50	0.14348
10	51	0.094182
10	52	0.15099
10	53	0.17135
10	54	0.17252
10	55	0.14357
10	56	0.15905
10	57	0.096205
10	58	0.21469
10	59	0.10244
10	60	0.11698
10	61	0
10	62	0
11	12	2.9254
11	13	1.1066
11	14	0.71153
11	15	0.32253
11	16	0.35796
11	17	0.32746
11	18	0.3162
11	19	0.33194
11	20	0.24169
11	21	0.2611
11	22	0.25145
11	23	0.25562
11	24	0.28142
11	25	0.27716
11	26	0.40311
11	27	0.24407
11	28	0.29769
11	29	0.18647
11	30	0.082035
11	31	0.041982
11	32	0.083403
11	33	0.054237
11	34	0.070069
11	35	0.065601
11	36	0.086595
11	37	0.17618
11	38	0.14108
11	39	0.16617
11	40	0.088538
11	41	0.14922
11	42	0.069303
11	43	0.13597
11	44	0.042619
11	45	0.033244
11	46	0.07801
11	47	0.092531
11	48	0.076006
11	49	0.090385
11	50	0.1008
11	51	0.088835
11	52	0.13055
11	53	0.107
11	54	0.1172
11	55	0.14671
11	56	0.13752
11	57	0.16636
11	58	0.13678
11	59	0.13285
11	60	0.12643
11	61	0.030699
11	62	0
12	13	2.2924
12	14	0.8136
12	15	0.43522
12	16	0.30688
12	17	0.40491
12	18	0.31395
12	19	0.23417
12	20	0.25627
12	21	0.27607
12	22	0.38558
12	23	0.54536
12	24	0.29221
12	25	0.25802
12	26	0.32193
12	27	0.4719
12	28	0.28779
12	29	0.24582
12	30	0.092524
12	31	0.054114
12	32	0.046074
12	33	0.026217
12	34	0.040643
12	35	0.052849
12	36	0.05581
12	37	0.088566
12	38	0.14357
12	39	0.038248
12	40	0.249
12	41	0.10579
12	42	0.055832
12	43	0.046945
12	44	0.061802
12	45	0.042852
12	46	0.075416
12	47	0.029818
12	48	0.012246
12	49	0.14199
12	50	0.11993
12	51	0.12166
12	52	0.13322
12	53	0.19097
12	54	0.15451
12	55	0.087278
12	56	0.088632
12	57	0.080415
12	58	0.12279
12	59	0.29968
12	60	0.2689
12	61	0.059356
12	62	0.15075
13	14	1.8324
13	15	0.37631
13	16	0.47483
13	17	0.66241
13	18	0.49898
13	19	0.27794
13	20	0.288
13	21	0.32084
13	22	0.50625
13	23	0.6722
13	24	0.37259
13	25	0.25686
13	26	0.2715
13	27	0
13	28	0.70943
13	29	0.24239
13	30	0.081459
13	31	0.15007
13	32	0
13	33	0.032314
13	34	0.016699
13	35	0.06514
13	36	0.057324
13	37	0.11756
13	38	0.15926
13	39	0.066
13	40	0.36445
13	41	0.24893
13	42	0.04129
13	43	0.069435
13	44	0.050784
13	45	0.066022
13	46	0.079675
13	47	0
13	48	0.045283
13	49	0.080775
13	50	0.073911
13	51	0.061748
13	52	0.13827
13	53	0.27462
13	54	0.19044
13	55	0.053788
13	56	0.065547
13	57	0.13876
13	58	0.26776
13	59	0.29902
13	60	0.03013
13	61	0.03658
13	62	0.092902
14	15	1.1881
14	16	0.94882
14	17	0.96837
14	18	0.58994
14	19	0.59757
14	20	0.4249
14	21	0.33596
14	22	0.48302
14	23	0.36294
14	24	0.39131
14	25	0.42268
14	26	0.27594
14	27	0.29558
14	28	0.72104
14	29	0.39007
14	30	0.066233
14	31	0.06779
14	32	0.072147
14	33	0.11495
14	34	0
14	35	0.092687
14	36	0.10487
14	37	0.15362
14	38	0.10791
14	39	0.17249
14	40	0.10722
14	41	0.16867
14	42	0.097919
14	43	0.082333
14	44	0.15484
14	45	0.053681
14	46	0.053986
14	47	0.087158
14	48	0.061365
14	49	0.041048
14	50	0.15024
14	51	0.089654
14	52	0.16688
14	53	0.19936
14	54	0.16775
14	55	0.123
14	56	0.13324
14	57	0.15111
14	58	0.18931
14	59	0.17877
14	60	0.12249
14	61	0.11154
14	62	0.094421
15	16	3.6277
15	17	1.4255
15	18	0.66355
15	19	0.41985
15	20	0.35658
15	21	0.33845
15	22	0.26744
15	23	0.19688
15	24	0.26607
15	25	0.18561
15	26	0.26098
15	27	0.25959
15	28	0
15	29	0.16227
15	30	0.15996
15	31	0.07442
15	32	0.050691
15	33	0.14422
15	34	0.10434
15	35	0.13955
15	36	0.092103
15	37	0.10494
15	38	0.094772
15	39	0.16832
15	40	0.10273
15	41	0.084647
15	42	0.073712
15	43	0.1033
15	44	0.079328
15	45	0.070718
15	46	0.094826
15	47	0.076547
15	48	0.10779
15	49	0.084118
15	50	0.082467
15	51	0.078739
15	52	0.069426
15	53	0.096301
15	54	0.10199
15	55	0.13203
15	56	0.06826
15	57	0.10617
15	58	0.07274
15	59	0.1099
15	60	0.13447
15	61	0.097956
15	62	0.24878
16	17	3.0123
16	18	1.005
16	19	0.5563
16	20	0.45844
16	21	0.30531
16	22	0.36152
16	23	0.28271
16	24	0.20058
16	25	0.21949
16	26	0.26233
16	27	0.13047
16	28	0.31826
16	29	0.18123
16	30	0.073086
16	31	0.10473
16	32	0.06369
16	33	0.057985
16	34	0.044946
16	35	0.081822
16	36	0.10286
16	37	0.12055
16	38	0.13495
16	39	0.16073
16	40	0.086051
16	41	0.11699
16	42	0.12349
16	43	0.11421
16	44	0.056955
16	45	0.047389
16	46	0.11914
16	47	0.021983
16	48	0.067714
16	49	0.12079
16	50	0.082893
16	51	0.079145
16	52	0.069784
16	53	0.096797
16	54	0.10252
16	55	0.04826
16	56	0.088215
16	57	0.1245
16	58	0.06267
16	59	0.078907
16	60	0.054067
16	61	0.098461
16	62	0.083353
17	18	2.0912
17	19	0.95167
17	20	0.58269
17	21	0.43276
17	22	0.38671
17	23	0.41438
17	24	0.30154
17	25	0.32172
17	26	0.33803
17	27	0.73551
17	28	0
17	29	0.14304
17	30	0.13185
17	31	0.11808
17	32	0.086174
17	33	0.049034
17	34	0
17	35	0.052718
17	36	0.10438
17	37	0.1699
17	38	0.098458
17	39	0.2003
17	40	0.10673
17	41	0.10792
17	42	0.069616
17	43	0.046829
17	44	0.089905
17	45	0.053432
17	46	0.10747
17	47	0.049573
17	48	0.076349
17	49	0.13619
17	50	0.28974
17	51	0.10708
17	52	0.13114
17	53	0.14883
17	54	0.10275
17	55	0.095224
17	56	0.066309
17	57	0.1103
17	58	0.12955
17	59	0.088969
17	60	0.12192
17	61	0.074011
17	62	0.093982
18	19	2.3787
18	20	1.0863
18	21	0.65121
18	22	0.53954
18	23	0.53657
18	24	0.423
18	25	0.43047
18	26	0.37935
18	27	0.49525
18	28	0
18	29	0.25225
18	30	0.29593
18	31	0.22716
18	32	0.032236
18	33	0.036685
18	34	0.07583
18	35	0.11832
18	36	0.11714
18	37	0.12393
18	38	0.23103
18	39	0.17127
18	40	0.10888
18	41	0.17495
18	42	0.03125
18	43	0.11824
18	44	0.14413
18	45	0.10493
18	46	0.030151
18	47	0.055632
18	48	0.11995
18	49	0.19869
18	50	0.11538
18	51	0.13019
18	52	0.12754
18	53	0.11135
18	54	0.15855
18	55	0.16793
18	56	0.14883
18	57	0.10127
18	58	0.18503
18	59	0.079875
18	60	0.068413
18	61	0.12459
18	62	0.10547
19	20	3.6205
19	21	1.0312
19	22	0.54177
19	23	0.31293
19	24	0.53286
19	25	0.48105
19	26	0.44801
19	27	0.1733
19	28	0
19	29	0.40925
19	30	0.29124
19	31	0.17885
19	32	0.11844
19	33	0.096277
19	34	0.21891
19	35	0.20184
19	36	0.1503
19	37	0.11008
19	38	0.1898
19	39	0.17979
19	40	0.17145
19	41	0.1554
19	42	0.032806
19	43	0.13792
19	44	0.13618
19	45	0.062947
19	46	0.14243
19	47	0.058401
19	48	0.1619
19	49	0.22462
19	50	0.15415
19	51	0.10513
19	52	0.12359
19	53	0.070133
19	54	0.13618
19	55	0.14423
19	56	0.26039
19	57	0.17719
19	58	0.11099
19	59	0.08385
19	60	0.10773
19	61	0.17438
19	62	0.11072
20	21	2.0844
20	22	0.94165
20	23	0.51127
20	24	0.65603
20	25	0.45606
20	26	0.32445
20	27	0.30121
20	28	0
20	29	0.23013
20	30	0.18561
20	31	0.18997
20	32	0.13234
20	33	0.15061
20	34	0.086474
20	35	0.053973
20	36	0.15437
20	37	0.11306
20	38	0.16495
20	39	0.23437
20	40	0.1788
20	41	0.14733
20	42	0.22808
20	43	0.071915
20	44	0.14464
20	45	0.041028
20	46	0.12378
20	47	0.07613
20	48	0.12507
20	49	0.12549
20	50	0.17224
20	51	0.13704
20	52	0.11636
20	53	0.18285
20	54	0.13149
20	55	0.083564
20	56	0.14709
20	57	0.19505
20	58	0.13263
20	59	0.23683
20	60	0.15603
20	61	0
20	62	0.09622
21	22	2.4188
21	23	0.75135
21	24	0.79424
21	25	0.47728
21	26	0.54327
21	27	0.78805
21	28	0
21	29	0.41599
21	30	0.19424
21	31	0.16266
21	32	0.076941
21	33	0.087561
21	34	0.14479
21	35	0.12709
21	36	0.099413
21	37	0.17293
21	38	0.18221
21	39	0.21461
21	40	0.16633
21	41	0.28266
21	42	0.19393
21	43	0.15052
21	44	0.12385
21	45	0.1145
21	46	0.14393
21	47	0.092949
21	48	0.22905
21	49	0.11673
21	50	0.14019
21	51	0.15298
21	52	0.15924
21	53	0.15946
21	54	0.19265
21	55	0.1749
21	56	0.11841
21	57	0.18263
21	58	0.10095
21	59	0.15252
21	60	0.22861
21	61	0.23789
21	62	0.1007
22	23	2.48
22	24	1.2302
22	25	0.81713
22	26	0.91408
22	27	0.83743
22	28	0.40857
22	29	0.25593
22	30	0.18765
22	31	0.076824
22	32	0.06541
22	33	0.037219
22	34	0.1731
22	35	0.090035
22	36	0.14526
22	37	0.22245
22	38	0.2242
22	39	0.18462
22	40	0.20989
22	41	0.28672
22	42	0.14267
22	43	0.079976
22	44	0.11699
22	45	0.045627
22	46	0.061181
22	47	0.056442
22	48	0.15647
22	49	0.15506
22	50	0.19155
22	51	0.071122
22	52	0.21899
22	53	0.13556
22	54	0.36558
22	55	0.20135
22	56	0.12583
22	57	0.19408
22	58	0.28159
22	59	0.28363
22	60	0.13882
22	61	0.16853
22	62	0.53503
23	24	2.5159
23	25	1.1171
23	26	0.78253
23	27	1.8729
23	28	1.246
23	29	0.23652
23	30	0.095383
23	31	0.03905
23	32	0.049872
23	33	0.037837
23	34	0.039106
23	35	0.061019
23	36	0.040274
23	37	0.20648
23	38	0.18648
23	39	0.25393
23	40	0.42675
23	41	0.2776
23	42	0.080579
23	43	0.10841
23	44	0.07433
23	45	0.030923
23	46	0.046647
23	47	0.057379
23	48	0.070698
23	49	0.094582
23	50	0.12982
23	51	0.18592
23	52	0.23274
23	53	0.29859
23	54	0.31219
23	55	0.25193
23	56	0.10233
23	57	0.15088
23	58	0.39531
23	59	0.45311
23	60	0.21168
23	61	0.085666
23	62	0.10878
24	25	2.8283
24	26	1.6193
24	27	1.8121
24	28	0.49115
24	29	0.4475
24	30	0.13535
24	31	0.1847
24	32	0.1376
24	33	0.11186
24	34	0.16185
24	35	0.072155
24	36	0.28574
24	37	0.3023
24	38	0.35527
24	39	0.31332
24	40	0.33199
24	41	0.24619
24	42	0.19057
24	43	0.064094
24	44	0.017579
24	45	0.1097
24	46	0.036773
24	47	0.067851
24	48	0.0209
24	49	0.20504
24	50	0.20468
24	51	0.19542
24	52	0.20342
24	53	0.25802
24	54	0.10547
24	55	0.33514
24	56	0.25715
24	57	0.31565
24	58	0.30626
24	59	0.21919
24	60	0.29203
24	61	0.1013
24	62	0.25727
25	26	3.5313
25	27	2.776
25	28	1.9348
25	29	0.46826
25	30	0.26659
25	31	0.22738
25	32	0.0968
25	33	0.15422
25	34	0.13662
25	35	0.12436
25	36	0.18761
25	37	0.30917
25	38	0.21717
25	39	0.36
25	40	0.31388
25	41	0.2263
25	42	0.15014
25	43	0.11047
25	44	0.069251
25	45	0.12604
25	46	0.12676
25	47	0.10023
25	48	0.14408
25	49	0.12851
25	50	0.22677
25	51	0.19246
25	52	0.25926
25	53	0.24074
25	54	0.29431
25	55	0.23838
25	56	0.29794
25	57	0.29735
25	58	0.49212
25	59	0.40775
25	60	0.69848
25	61	0.14965
25	62	0.12668
26	27	6.0941
26	28	3.3035
26	29	1.1287
26	30	0.37932
26	31	0.11647
26	32	0.13222
26	33	0.15047
26	34	0.11664
26	35	0.12133
26	36	0.13347
26	37	0.29326
26	38	0.103
26	39	0.43905
26	40	0.26796
26	41	0.22079
26	42	0.32045
26	43	0.13472
26	44	0.11824
26	45	0.12297
26	46	0.18551
26	47	0.08557
26	48	0.35144
26	49	0.15672
26	50	0.4087
26	51	0.18484
26	52	0.24145
26	53	0.15985
26	54	0.088679
26	55	0.25047
26	56	0.25435
26	57	0.32308
26	58	0.32526
26	59	0.32762
26	60	0.63137
26	61	0.25551
26	62	0.2163
27	28	0
27	29	0.65492
27	30	1.0564
27	31	0
27	32	0.23015
27	33	0
27	34	0
27	35	0
27	36	0.18586
27	37	0.27226
27	38	0
27	39	0.3057
27	40	0.7774
27	41	0.19216
27	42	0
27	43	0
27	44	0
27	45	0
27	46	0
27	47	0
27	48	0
27	49	0
27	50	0.14977
27	51	0
27	52	0.42029
27	53	0.159
27	54	0.61745
27	55	0
27	56	0.1771
27	57	0.64272
27	58	0.7549
27	59	0.85543
27	60	0.48845
27	61	0
27	62	0
28	29	1.5976
28	30	1.2885
28	31	1.9782
28	32	0
28	33	0.63893
28	34	0
28	35	0
28	36	0
28	37	0
28	38	0.69978
28	39	0
28	40	0.37928
28	41	0.46876
28	42	0.54427
28	43	0
28	44	0
28	45	0
28	46	0
28	47	0
28	48	0
28	49	0.53238
28	50	0
28	51	0.34884
28	52	1.0253
28	53	0.38786
28	54	1.0041
28	55	0
28	56	0
28	57	0.39196
28	58	0.46037
28	59	4.1735
28	60	0
28	61	0
28	62	0
29	30	3.9256
29	31	0.90121
29	32	0.57549
29	33	0.72769
29	34	0.37604
29	35	0.35206
29	36	0.67127
29	37	0.49166
29	38	0.63759
29	39	0.63698
29	40	0.64794
29	41	0.56058
29	42	0.46491
29	43	0.23455
29	44	0.37168
29	45	0.14868
29	46	0.059808
29	47	0.13794
29	48	0.4079
29	49	0.27285
29	50	0.22886
29	51	0.27811
29	52	0.44761
29	53	0.28713
29	54	0.45745
29	55	0.51479
29	56	0.44283
29	57	0.33481
29	58	0.44568
29	59	0.75259
29	60	0.74637
29	61	0.24713
29	62	0.41842
30	31	3.604
30	32	1.1346
30	33	1.2032
30	34	0.78856
30	35	0.80453
30	36	0.95788
30	37	0.39654
30	38	0.3214
30	39	0.25688
30	40	0.12194
30	41	0.4306
30	42	0.44996
30	43	0.48344
30	44	0.48425
30	45	0.38373
30	46	0.43414
30	47	0.35602
30	48	0.38382
30	49	0.29342
30	50	0.10068
30	51	0.24033
30	52	0.078482
30	53	0.071255
30	54	0.13836
30	55	0.31751
30	56	0.25795
30	57	0.27004
30	58	0.12687
30	59	0.063894
30	60	0.6567
30	61	0.39864
30	62	0.33747
31	32	5.0937
31	33	1.682
31	34	1.2106
31	35	0.84765
31	36	0.74595
31	37	0.39025
31	38	0.24672
31	39	0.29797
31	40	0.23178
31	41	0.35258
31	42	0.25586
31	43	0.34421
31	44	0.37762
31	45	0.24547
31	46	0.32092
31	47	0.29606
31	48	0.53314
31	49	0.35037
31	50	0.22327
31	51	0.16398
31	52	0.12852
31	53	0.1094
31	54	0.16521
31	55	0.27497
31	56	0.14216
31	57	0.20268
31	58	0.21641
31	59	0.13079
31	60	0.33607
31	61	0.54401
31	62	0.69081
32	33	4.6542
32	34	1.718
32	35	1.0516
32	36	0.68956
32	37	0.21265
32	38	0.18205
32	39	0.23877
32	40	0.12144
32	41	0.20638
32	42	0.30498
32	43	0.40297
32	44	0.34161
32	45	0.41799
32	46	0.29425
32	47	0.4072
32	48	0.43004
32	49	0.17047
32	50	0.14623
32	51	0.26528
32	52	0.068392
32	53	0.077618
32	54	0.020095
32	55	0.10642
32	56	0.15562
32	57	0.17257
32	58	0.055278
32	59	0.05568
32	60	0.28614
32	61	0.46319
32	62	0
33	34	5.3539
33	35	1.0795
33	36	0.82604
33	37	0.121
33	38	0.15937
33	39	0.25475
33	40	0.051826
33	41	0.10676
33	42	0.37186
33	43	0.33352
33	44	0.54884
33	45	0.30919
33	46	0.19135
33	47	0.41927
33	48	0.35345
33	49	0.1455
33	50	0.083207
33	51	0.143
33	52	0.10896
33	53	0.052999
33	54	0.13721
33	55	0.096886
33	56	0.13774
33	57	0.12497
33	58	0.062908
33	59	0
33	60	0.16282
33	61	0.52712
33	62	0.83669
34	35	3.5652
34	36	1.2593
34	37	0.34391
34	38	0.2306
34	39	0.26329
34	40	0.071418
34	41	0.22067
34	42	0.33309
34	43	0.32316
34	44	0.30726
34	45	0.31956
34	46	0.37081
34	47	0.47894
34	48	0.5058
34	49	0.2005
34	50	0.1032
34	51	0.16422
34	52	0.032177
34	53	0.036517
34	54	0.04727
34	55	0.20027
34	56	0.18304
34	57	0.055355
34	58	0.10836
34	59	0.098234
34	60	0.56092
34	61	0.40859
34	62	0.51885
35	36	4.3961
35	37	0.53663
35	38	0.34697
35	39	0.32866
35	40	0.15323
35	41	0.27547
35	42	0.51974
35	43	0.28574
35	44	0.33192
35	45	0.15343
35	46	0.32788
35	47	0.49821
35	48	0.30693
35	49	0.31285
35	50	0.093931
35	51	0.19218
35	52	0.050208
35	53	0.014245
35	54	0.03688
35	55	0.13672
35	56	0.1904
35	57	0.15835
35	58	0.13527
35	59	0.12774
35	60	0.26257
35	61	0.58443
35	62	0.4048
36	37	1.9641
36	38	0.62199
36	39	0.77128
36	40	0.18388
36	41	0.42423
36	42	0.72126
36	43	0.355
36	44	0.38946
36	45	0.35442
36	46	0.4413
36	47	0.25054
36	48	0.36657
36	49	0.36135
36	50	0.20075
36	51	0.14657
36	52	0.19883
36	53	0.075216
36	54	0.14605
36	55	0.18906
36	56	0.23738
36	57	0.2407
36	58	0.11904
36	59	0.26978
36	60	0.19256
36	61	0.4208
36	62	0.8312
37	38	3.28
37	39	1.0945
37	40	0.66441
37	41	0.48827
37	42	0.5025
37	43	0.28168
37	44	0.19017
37	45	0.21014
37	46	0.21133
37	47	0.25231
37	48	0.29674
37	49	0.23946
37	50	0.18163
37	51	0.18167
37	52	0.22653
37	53	0.22954
37	54	0.15451
37	55	0.28954
37	56	0.31704
37	57	0.22269
37	58	0.23976
37	59	0.32933
37	60	0.33848
37	61	0.17122
37	62	0.34788
38	39	2.1856
38	40	0.69061
38	41	0.76002
38	42	0.55662
38	43	0.3767
38	44	0.30056
38	45	0.078148
38	46	0.30127
38	47	0.096673
38	48	0.22333
38	49	0.25231
38	50	0.30985
38	51	0.23493
38	52	0.31541
38	53	0.28056
38	54	0.25046
38	55	0.23875
38	56	0.20474
38	57	0.28353
38	58	0.2756
38	59	0.26025
38	60	0.38637
38	61	0.25258
38	62	0.18328
39	40	1.734
39	41	1.3955
39	42	0.95484
39	43	0.5474
39	44	0.2936
39	45	0.36087
39	46	0.25125
39	47	0.1159
39	48	0.238
39	49	0.33963
39	50	0.35932
39	51	0.20399
39	52	0.27252
39	53	0.19588
39	54	0.2936
39	55	0.33924
39	56	0.35598
39	57	0.3334
39	58	0.22027
39	59	0.36978
39	60	0.50674
39	61	0.53832
39	62	0.39061
40	41	3.194
40	42	0.26489
40	43	0.27222
40	44	0.095024
40	45	0.12707
40	46	0.14199
40	47	0.039297
40	48	0.064557
40	49	0.35986
40	50	0.29636
40	51	0.2358
40	52	0.45278
40	53	0.65019
40	54	0.58372
40	55	0.38821
40	56	0.17521
40	57	0.36033
40	58	1.0705
40	59	0.95916
40	60	0.12887
40	61	0.11734
40	62	0.19867
41	42	2.6919
41	43	0.71879
41	44	0.50334
41	45	0.15705
41	46	0.17549
41	47	0.22666
41	48	0.27926
41	49	0.44477
41	50	0.40291
41	51	0.19817
41	52	0.30836
41	53	0.34995
41	54	0.36911
41	55	0.4798
41	56	0.33205
41	57	0.62872
41	58	0.6
41	59	0.60436
41	60	0.39818
41	61	0.38673
41	62	0
42	43	3.3205
42	44	0.85714
42	45	0.6686
42	46	0.50939
42	47	0.58272
42	48	0.48637
42	49	0.37182
42	50	0.3544
42	51	0.2301
42	52	0.1989
42	53	0.10534
42	54	0.42857
42	55	0.45393
42	56	0.58669
42	57	0.30417
42	58	0.17863
42	59	0.18892
42	60	0.41609
42	61	0.44903
42	62	0
43	44	2.9811
43	45	1.2095
43	46	0.89088
43	47	0.75867
43	48	0.6816
43	49	0.5558
43	50	0.25031
43	51	0.33004
43	52	0.1115
43	53	0.10123
43	54	0.14742
43	55	0.36433
43	56	0.33827
43	57	0.21739
43	58	0.1502
43	59	0.18154
43	60	0.50535
43	61	0.61353
43	62	0.59929
44	45	4.392
44	46	1.8795
44	47	1.2658
44	48	0.57684
44	49	0.45732
44	50	0.19615
44	51	0.31214
44	52	0.18348
44	53	0.097174
44	54	0.1797
44	55	0.28549
44	56	0.30925
44	57	0.15432
44	58	0.098865
44	59	0.12448
44	60	0.29853
44	61	0.72486
44	62	0.39448
45	46	4.6329
45	47	1.5149
45	48	0.68882
45	49	0.53508
45	50	0.1768
45	51	0.25971
45	52	0.17811
45	53	0.12994
45	54	0.13083
45	55	0.11877
45	56	0.1769
45	57	0.13132
45	58	0.06855
45	59	0.051786
45	60	0.53225
45	61	0.70004
45	62	0.13676
46	47	3.2827
46	48	1.0726
46	49	0.59791
46	50	0.36929
46	51	0.20895
46	52	0.10235
46	53	0.087119
46	54	0.24434
46	55	0.23889
46	56	0.1779
46	57	0.32282
46	58	0.086173
46	59	0.078119
46	60	0.22303
46	61	0.5957
46	62	0.27507
47	48	3.3397
47	49	0.6987
47	50	0.25236
47	51	0.34938
47	52	0.18885
47	53	0.093767
47	54	0.1734
47	55	0.23875
47	56	0.25365
47	57	0.14891
47	58	0.1272
47	59	0.072069
47	60	0.45267
47	61	0.64948
47	62	0.38065
48	49	3.081
48	50	0.55969
48	51	0.71252
48	52	0.18906
48	53	0.13204
48	54	0.085458
48	55	0.22628
48	56	0.51474
48	57	0.25019
48	58	0.17631
48	59	0.059198
48	60	0.55773
48	61	0.55401
48	62	0.62534
49	50	1.9274
49	51	1.2577
49	52	0.7912
49	53	0.35329
49	54	0.66692
49	55	0.66601
49	56	0.47549
49	57	0.44628
49	58	0.26209
49	59	0.26399
49	60	0.36177
49	61	0.21961
49	62	0.8366
50	51	3.2073
50	52	1.6378
50	53	0.62632
50	54	0.75845
50	55	0.47091
50	56	0.47259
50	57	0.38794
50	58	0.25181
50	59	0.41669
50	60	0.062068
50	61	0.30142
50	62	0.095688
51	52	2.5751
51	53	0.8102
51	54	0.72416
51	55	0.63476
51	56	0.48345
51	57	0.39964
51	58	0.22897
51	59	0.12108
51	60	0.68151
51	61	0.21584
51	62	0.18272
52	53	2.4757
52	54	2.1651
52	55	0.80325
52	56	0.36839
52	57	0.45837
52	58	0.6954
52	59	0.44061
52	60	0.37738
52	61	0.17622
52	62	0.089507
53	54	3.0957
53	55	0.79398
53	56	0.51364
53	57	0.50937
53	58	0.92923
53	59	1.3078
53	60	0.29651
53	61	0.11999
53	62	0.10158
54	55	2.1698
54	56	0.98961
54	57	0.88382
54	58	1.1205
54	59	1.444
54	60	0.38382
54	61	0.15533
54	62	0.13149
55	56	3.6522
55	57	1.7534
55	58	0.64574
55	59	0.68559
55	60	0.81305
55	61	0.54839
55	62	0.41782
56	57	3.1265
56	58	0.77982
56	59	0.40702
56	60	1.4312
56	61	0.44552
56	62	0.22629
57	58	2.0068
57	59	1.1856
57	60	1.9976
57	61	0.36379
57	62	0.41063
58	59	5.593
58	60	1.2123
58	61	0.1899
58	62	0.12057
59	60	2.0679
59	61	0.28692
59	62	0.36435
60	61	6.0209
60	62	1.5603
61	62	21.974
