1	2	0.050243
1	3	0.014095
1	4	0
1	5	0.0064435
1	6	0
1	7	0.021049
1	8	0.041252
1	9	0.016261
1	10	0.02506
1	11	0.0048895
1	12	0.021444
1	13	0
1	14	0
1	15	0.0050831
1	16	0.004906
1	17	0
1	18	0.0057141
1	19	0
1	20	0.0053758
1	21	0.015658
1	22	0
1	23	0.0056207
1	24	0
1	25	0
1	26	0.005339
1	27	0
1	28	0.0056529
1	29	0.005508
1	30	0
1	31	0.0049349
1	32	0
1	33	0
1	34	0
1	35	0
1	36	0.0050708
1	37	0
1	38	0
1	39	0.0054436
1	40	0
1	41	0
1	42	0
1	43	0
1	44	0
1	45	0
1	46	0
1	47	0
1	48	0
1	49	0
1	50	0
1	51	0
1	52	0
1	53	0
1	54	0
1	55	0
1	56	0
1	57	0
1	58	0
1	59	0
1	60	0
1	61	0
1	62	0.0050697
1	63	0.010332
1	64	0.0094911
1	65	0
1	66	0
1	67	0
1	68	0
1	69	0
1	70	0.0049531
1	71	0
1	72	0
1	73	0
1	74	0.0060502
1	75	0
1	76	0.0053636
1	77	0.006184
1	78	0
1	79	0.0095926
1	80	0.010173
1	81	0.0059404
1	82	0
1	83	0
1	84	0
1	85	0
1	86	0
1	87	0
1	88	0
1	89	0
2	3	0.079701
2	4	0.023803
2	5	0.012821
2	6	0.018574
2	7	0.019815
2	8	0.02968
2	9	0.019829
2	10	0.01703
2	11	0.014812
2	12	0.02129
2	13	0.0046237
2	14	0.0088687
2	15	0.010611
2	16	0.0092197
2	17	0.0078427
2	18	0.0083531
2	19	0.011979
2	20	0.013462
2	21	0.0087186
2	22	0.0083103
2	23	0.009965
2	24	0.0076712
2	25	0.0088125
2	26	0.011694
2	27	0.010602
2	28	0.0088445
2	29	0.011492
2	30	0.010462
2	31	0.010297
2	32	0.0058378
2	33	0.0026004
2	34	0.0043186
2	35	0.0026688
2	36	0.0037057
2	37	0.001743
2	38	0.0031704
2	39	0.0062511
2	40	0.0037106
2	41	0.0049431
2	42	0.0010457
2	43	0.002381
2	44	0.0019813
2	45	0.0024691
2	46	0.0018185
2	47	0.0031656
2	48	0.0016483
2	49	0.00068001
2	50	0.0016365
2	51	0.0024213
2	52	0.00062186
2	53	0.0011592
2	54	0.0010333
2	55	0.00062629
2	56	0.0015063
2	57	0.001156
2	58	0.0023904
2	59	0.00074923
2	60	0.0064971
2	61	0.0052048
2	62	0.0037024
2	63	0.0037747
2	64	0.0034663
2	65	0.0031386
2	66	0.0038038
2	67	0.0032338
2	68	0.0041126
2	69	0.0027294
2	70	0.0056868
2	71	0.0023662
2	72	0.001846
2	73	0.0031012
2	74	0.0025345
2	75	0.0026418
2	76	0.0044925
2	77	0.003238
2	78	0.0036703
2	79	0.003511
2	80	0.00319
2	81	0.0055883
2	82	0.0021884
2	83	0.0067549
2	84	0.00068675
2	85	0.0016277
2	86	0.0019193
2	87	0.0039927
2	88	0.0017136
2	89	0
3	4	0.086872
3	5	0.041407
3	6	0.039681
3	7	0.024519
3	8	0.011339
3	9	0.0076187
3	10	0.0066061
3	11	0.008156
3	12	0.0070633
3	13	0.014086
3	14	0.0079501
3	15	0.008026
3	16	0.0077483
3	17	0.012523
3	18	0.013539
3	19	0.0055368
3	20	0.003771
3	21	0.010991
3	22	0.00742
3	23	0.0049259
3	24	0.003967
3	25	0.0054307
3	26	0.0018717
3	27	0.0053456
3	28	0.0044595
3	29	0.0024145
3	30	0.0015514
3	31	0.0069226
3	32	0.013737
3	33	0.0069932
3	34	0.0081661
3	35	0.0050463
3	36	0.0048939
3	37	0.0048826
3	38	0.0053287
3	39	0.0038207
3	40	0.0049002
3	41	0.0041541
3	42	0.0026362
3	43	0.0035016
3	44	0.0029138
3	45	0.0037349
3	46	0.0056038
3	47	0.0026605
3	48	0.0013853
3	49	0.0028575
3	50	0.0032094
3	51	0.0035614
3	52	0.001568
3	53	0.0029229
3	54	0.0021712
3	55	0.0015793
3	56	0.0044314
3	57	0.0048585
3	58	0.0030138
3	59	0.005038
3	60	0.004964
3	61	0.0034992
3	62	0.0017779
3	63	0.0040786
3	64	0.002913
3	65	0.00043959
3	66	0.0022832
3	67	0.0022645
3	68	0.00098742
3	69	0.0018349
3	70	0.0021723
3	71	0.0059658
3	72	0.0025858
3	73	0.0031279
3	74	0.0053261
3	75	0.00055514
3	76	0.0023601
3	77	0.0048991
3	78	0.0051417
3	79	0.0063235
3	80	0.0031279
3	81	0.0010437
3	82	0.0061318
3	83	0.0021291
3	84	0.0040415
3	85	0.0034218
3	86	0.0016142
3	87	0.0044783
3	88	0.0014423
3	89	0.0014793
4	5	0.14588
4	6	0.041408
4	7	0.023165
4	8	0.0057745
4	9	0.0028289
4	10	0.0056067
4	11	0.0080148
4	12	0.0071935
4	13	0.009069
4	14	0.0084337
4	15	0.0068114
4	16	0.0084023
4	17	0.0072721
4	18	0.0055322
4	19	0.0064075
4	20	0.0044004
4	21	0.0058297
4	22	0.0048153
4	23	0.0033442
4	24	0.0050498
4	25	0.0037707
4	26	0.0051624
4	27	0.0049145
4	28	0.005046
4	29	0.0036882
4	30	0.0030721
4	31	0.0062421
4	32	0.0074948
4	33	0.0059349
4	34	0.0065453
4	35	0.0052343
4	36	0.0045308
4	37	0.0053868
4	38	0.0041454
4	39	0.0068903
4	40	0.0030244
4	41	0.0052881
4	42	0.0037287
4	43	0.0029716
4	44	0.0038858
4	45	0.0042262
4	46	0.0051882
4	47	0.0045159
4	48	0.003919
4	49	0.0048503
4	50	0.0054477
4	51	0.0051817
4	52	0.0013308
4	53	0.0057883
4	54	0.0022114
4	55	0.0017872
4	56	0.0032239
4	57	0.003299
4	58	0.0034106
4	59	0.0037415
4	60	0.0037917
4	61	0.0029696
4	62	0.0018861
4	63	0.0034614
4	64	0.0017658
4	65	0.0022383
4	66	0.0027126
4	67	0.0026905
4	68	0.0025139
4	69	0.0019464
4	70	0.0022123
4	71	0.00084386
4	72	0.0043893
4	73	0.007522
4	74	0.0063288
4	75	0.0056541
4	76	0.0028044
4	77	0.0027721
4	78	0.0056731
4	79	0.0032201
4	80	0.0018962
4	81	0.00088581
4	82	0.0072863
4	83	0.0024094
4	84	0.0049009
4	85	0.003486
4	86	0.0047969
4	87	0.0019014
4	88	0.0024502
4	89	0
5	6	0.10707
5	7	0.013114
5	8	0.0041475
5	9	0.0039188
5	10	0.002517
5	11	0.0054954
5	12	0.0051671
5	13	0.0088832
5	14	0.0099959
5	15	0.0036696
5	16	0.0086597
5	17	0.01326
5	18	0.0077949
5	19	0.0036822
5	20	0.0025862
5	21	0.0050251
5	22	0.0023947
5	23	0.0027027
5	24	0.004081
5	25	0.0018058
5	26	0.0012837
5	27	0.0048881
5	28	0.0031717
5	29	0.003091
5	30	0.0033102
5	31	0.0011869
5	32	0.0058322
5	33	0.0047961
5	34	0.0053931
5	35	0.0051273
5	36	0.0032546
5	37	0.0058042
5	38	0.0040606
5	39	0.0034937
5	40	0.0048883
5	41	0.002659
5	42	0.003616
5	43	0.0027446
5	44	0.0022838
5	45	0.0030359
5	46	0.0079193
5	47	0.0072985
5	48	0.0029558
5	49	0.0031356
5	50	0.0054503
5	51	0.0027914
5	52	0.0033456
5	53	0.0017818
5	54	0.0035738
5	55	0.003851
5	56	0.0023155
5	57	0.0044427
5	58	0.0018372
5	59	0.004031
5	60	0.0031775
5	61	0.0011999
5	62	0.0024387
5	63	0.0008288
5	64	0.0011416
5	65	0.00080394
5	66	0
5	67	0.0024849
5	68	0.00045147
5	69	0.0016779
5	70	0.002781
5	71	0.0045461
5	72	0.0023645
5	73	0.0052438
5	74	0.0038962
5	75	0.0065991
5	76	0.0021581
5	77	0.0034843
5	78	0.0047016
5	79	0.0026984
5	80	0.0028603
5	81	0.0014316
5	82	0.0044856
5	83	0
5	84	0.0073911
5	85	0.0068835
5	86	0.00369
5	87	0.003071
5	88	0
5	89	0.0094678
6	7	0.044145
6	8	0.010464
6	9	0.004993
6	10	0.0075044
6	11	0.012603
6	12	0.0079001
6	13	0.016298
6	14	0.0083357
6	15	0.0042077
6	16	0.012638
6	17	0.017278
6	18	0.008938
6	19	0.0047498
6	20	0.0034596
6	21	0.0067223
6	22	0.0045762
6	23	0.0046482
6	24	0.0031194
6	25	0.0031057
6	26	0.0044155
6	27	0.00794
6	28	0.0036366
6	29	0.0020252
6	30	0.0043377
6	31	0.0045364
6	32	0.007202
6	33	0.0077907
6	34	0.0066596
6	35	0.0029395
6	36	0.0065307
6	37	0.0051194
6	38	0.0041903
6	39	0.0030045
6	40	0.0023354
6	41	0.0043555
6	42	0.0032247
6	43	0.0041958
6	44	0.0021822
6	45	0.0017404
6	46	0.0048075
6	47	0.0022318
6	48	0.0048418
6	49	0.004794
6	50	0.0038461
6	51	0.002134
6	52	0.0027404
6	53	0.0030649
6	54	0.0059196
6	55	0.0038643
6	56	0.0026555
6	57	0.0035665
6	58	0.005794
6	59	0.0052831
6	60	0.0067666
6	61	0.0013758
6	62	0.0018641
6	63	0.0033261
6	64	0.0021816
6	65	0.0036871
6	66	0.0028726
6	67	0.0014246
6	68	0.00051764
6	69	0
6	70	0.0022777
6	71	0.0046916
6	72	0.0010846
6	73	0.0049201
6	74	0.0033512
6	75	0.0034929
6	76	0.001485
6	77	0.0045667
6	78	0.0037742
6	79	0.0039785
6	80	0.0037485
6	81	0.0038305
6	82	0.0070734
6	83	0.0014884
6	84	0.0042388
6	85	0.0007179
6	86	0.003387
6	87	0.0011748
6	88	0
6	89	0.0046587
7	8	0.059532
7	9	0.030537
7	10	0.025042
7	11	0.028808
7	12	0.028091
7	13	0.021369
7	14	0.016672
7	15	0.010307
7	16	0.011876
7	17	0.0093383
7	18	0.013834
7	19	0.013511
7	20	0.010895
7	21	0.012293
7	22	0.0071594
7	23	0.0091818
7	24	0.0096126
7	25	0.0062576
7	26	0.0052333
7	27	0.011293
7	28	0.0088667
7	29	0.0064808
7	30	0.0084827
7	31	0.0077424
7	32	0.0051217
7	33	0.0042367
7	34	0.0040593
7	35	0.0045988
7	36	0.0063029
7	37	0.0036406
7	38	0.0019866
7	39	0.0053416
7	40	0.0046502
7	41	0.0040266
7	42	0.0039312
7	43	0.0041027
7	44	0.0055866
7	45	0.0027848
7	46	0.0018993
7	47	0.0023807
7	48	0.0017216
7	49	0.0017046
7	50	0.0017095
7	51	0.001897
7	52	0.0019489
7	53	0.0025429
7	54	0.0016192
7	55	0.0011778
7	56	0.003777
7	57	0.001087
7	58	0.0026221
7	59	0.0018786
7	60	0.0025911
7	61	0.0029352
7	62	0.0053026
7	63	0.0054065
7	64	0.0037234
7	65	0.005244
7	66	0.0023833
7	67	0.0023638
7	68	0.0051535
7	69	0.0037622
7	70	0.0051832
7	71	0.00519
7	72	0.0042422
7	73	0.0011663
7	74	0.0023833
7	75	0.001242
7	76	0.0021121
7	77	0.0028418
7	78	0.0026841
7	79	0.0028293
7	80	0.0059979
7	81	0.0031132
7	82	0.0041158
7	83	0.0037047
7	84	0.002584
7	85	0.0030635
7	86	0.0018068
7	87	0.0016712
7	88	0.001077
7	89	0
8	9	0.10897
8	10	0.070037
8	11	0.035779
8	12	0.032707
8	13	0.0095885
8	14	0.010535
8	15	0.013692
8	16	0.0066091
8	17	0.0043372
8	18	0.0076988
8	19	0.020608
8	20	0.015853
8	21	0.0073659
8	22	0.006063
8	23	0.0090033
8	24	0.012326
8	25	0.0083016
8	26	0.012658
8	27	0.0078163
8	28	0.011955
8	29	0.015534
8	30	0.012855
8	31	0.010122
8	32	0.0028697
8	33	0.0025564
8	34	0.0033169
8	35	0.0036895
8	36	0.0029275
8	37	0.00035698
8	38	0.0019479
8	39	0.0024442
8	40	0.00065139
8	41	0.0015186
8	42	0.0022486
8	43	0.0025601
8	44	0.0033476
8	45	0.0036408
8	46	0.00074493
8	47	0.0015562
8	48	0.0020257
8	49	0.0016714
8	50	0.00067045
8	51	0.001488
8	52	0.00076433
8	53	0.0021371
8	54	0.00095253
8	55	0.0015397
8	56	0
8	57	0.0010658
8	58	0
8	59	0.00046047
8	60	0.0018147
8	61	0.0022385
8	62	0.0058494
8	63	0.003976
8	64	0.0039552
8	65	0.0086773
8	66	0.00434
8	67	0.0033112
8	68	0.0054143
8	69	0.005366
8	70	0.0038118
8	71	0.001454
8	72	0.0030251
8	73	0.0011436
8	74	0.0011683
8	75	0.00040592
8	76	0.002416
8	77	0.0011941
8	78	0.0018798
8	79	0.0033906
8	80	0.0049008
8	81	0.0064865
8	82	0.0017934
8	83	0.0093404
8	84	0.00042221
8	85	0
8	86	0.001771
8	87	0
8	88	0
8	89	0.0010825
9	10	0.11239
9	11	0.044473
9	12	0.030357
9	13	0.0078279
9	14	0.013345
9	15	0.014029
9	16	0.0082584
9	17	0.0065759
9	18	0.010774
9	19	0.018926
9	20	0.018809
9	21	0.0063257
9	22	0.0087077
9	23	0.010205
9	24	0.0087512
9	25	0.017805
9	26	0.012567
9	27	0.0034182
9	28	0.014068
9	29	0.014081
9	30	0.01746
9	31	0.0099601
9	32	0.0026356
9	33	0.0043603
9	34	0.0027852
9	35	0.0043027
9	36	0.0027313
9	37	0.00037468
9	38	0.0030668
9	39	0.0010995
9	40	0.0017092
9	41	0.0019126
9	42	0.0030344
9	43	0.0026869
9	44	0.0038329
9	45	0.002866
9	46	0.0019548
9	47	0.00040837
9	48	0.00070876
9	49	0.0013158
9	50	0.0021113
9	51	0.001562
9	52	0.0016047
9	53	0
9	54	0.0019998
9	55	0.00080818
9	56	0.0009719
9	57	0.00074593
9	58	0.00038555
9	59	0.00096678
9	60	0.0022858
9	61	0.005706
9	62	0.0068215
9	63	0.0024344
9	64	0.0054286
9	65	0.0057341
9	66	0.0070077
9	67	0.0066029
9	68	0.0049249
9	69	0.0035199
9	70	0.0020004
9	71	0.0015262
9	72	0.0023816
9	73	0.0020008
9	74	0.00081769
9	75	0.00085226
9	76	0.00036233
9	77	0.0016714
9	78	0.0015787
9	79	0.0038827
9	80	0.0048013
9	81	0.0024031
9	82	0.0023535
9	83	0.0032684
9	84	0.0022166
9	85	0
9	86	0.0006201
9	87	0
9	88	0
9	89	0.0011379
10	11	0.062845
10	12	0.045543
10	13	0.0094813
10	14	0.01058
10	15	0.013451
10	16	0.012603
10	17	0.0029242
10	18	0.010233
10	19	0.012504
10	20	0.022583
10	21	0.0089388
10	22	0.003485
10	23	0.011799
10	24	0.013637
10	25	0.014016
10	26	0.010794
10	27	0.007509
10	28	0.011869
10	29	0.01885
10	30	0.012846
10	31	0.012667
10	32	0.00087062
10	33	0
10	34	0.0020126
10	35	0.0029848
10	36	0.0035526
10	37	0.0012996
10	38	0.0015759
10	39	0.0012712
10	40	0.0039523
10	41	0.0018428
10	42	0.0011694
10	43	0.0026628
10	44	0.0029544
10	45	0.0018409
10	46	0.00045201
10	47	0.0014164
10	48	0.0012292
10	49	0.0020284
10	50	0.00040683
10	51	0.00090296
10	52	0.00046381
10	53	0.0012968
10	54	0.0046242
10	55	0.00046718
10	56	0.0011236
10	57	0.0012936
10	58	0.0008915
10	59	0.0016766
10	60	0.0017619
10	61	0.0054329
10	62	0.0047322
10	63	0.0048249
10	64	0.0062765
10	65	0.0035099
10	66	0.0064818
10	67	0.0052234
10	68	0.0048181
10	69	0.0056975
10	70	0.0034692
10	71	0.0022056
10	72	0.0022945
10	73	0.00046263
10	74	0
10	75	0.002956
10	76	0.0025134
10	77	0.0019324
10	78	0.0013689
10	79	0.0022445
10	80	0.0039651
10	81	0.0060199
10	82	0.0016326
10	83	0.0062979
10	84	0.001025
10	85	0.0012154
10	86	0
10	87	0.00099468
10	88	0
10	89	0
11	12	0.097079
11	13	0.033265
11	14	0.019591
11	15	0.021898
11	16	0.014888
11	17	0.0077515
11	18	0.011446
11	19	0.017408
11	20	0.014998
11	21	0.012037
11	22	0.0087545
11	23	0.010561
11	24	0.0085739
11	25	0.0085363
11	26	0.011327
11	27	0.012324
11	28	0.015422
11	29	0.01336
11	30	0.013234
11	31	0.0074815
11	32	0.0057697
11	33	0.0042327
11	34	0.0031382
11	35	0.0015513
11	36	0.0030775
11	37	0.0016887
11	38	0.0033786
11	39	0.0019821
11	40	0.00061626
11	41	0.003448
11	42	0.0021273
11	43	0.0031139
11	44	0.003167
11	45	0.0031574
11	46	0.0014097
11	47	0.0011044
11	48	0.0015972
11	49	0.005535
11	50	0.0019032
11	51	0.0010561
11	52	0.00072328
11	53	0.0010112
11	54	0.0024037
11	55	0.0010928
11	56	0.0013142
11	57	0.0013449
11	58	0.0024329
11	59	0.00087153
11	60	0.0020605
11	61	0.0051433
11	62	0.0033818
11	63	0.0040752
11	64	0.0037419
11	65	0.0033443
11	66	0.0028424
11	67	0.0053251
11	68	0.0047806
11	69	0.0053936
11	70	0.0045079
11	71	0.0030953
11	72	0.0028624
11	73	0.0028858
11	74	0.0011057
11	75	0.0019208
11	76	0.00065327
11	77	0.0022602
11	78	0.0028462
11	79	0.0029167
11	80	0.0077287
11	81	0.0046936
11	82	0.0016974
11	83	0.0049106
11	84	0.00079939
11	85	0.0018959
11	86	0.0011184
11	87	0.0015521
11	88	0.0010009
11	89	0.0020531
12	13	0.048657
12	14	0.026394
12	15	0.030114
12	16	0.01666
12	17	0.010505
12	18	0.012177
12	19	0.023299
12	20	0.018957
12	21	0.010773
12	22	0.011591
12	23	0.0097179
12	24	0.010159
12	25	0.009365
12	26	0.0099416
12	27	0.0094645
12	28	0.015039
12	29	0.0095269
12	30	0.0070632
12	31	0.0095209
12	32	0.0059572
12	33	0.0019901
12	34	0.0034428
12	35	0.0034038
12	36	0.0027009
12	37	0.0018526
12	38	0.0023587
12	39	0.0039866
12	40	0.0023663
12	41	0.0022066
12	42	0.0036674
12	43	0.0045549
12	44	0.0028427
12	45	0.003149
12	46	0.0011598
12	47	0.0016153
12	48	0.0021026
12	49	0.00086744
12	50	0.0017399
12	51	0.0011585
12	52	0.0023803
12	53	0.00073949
12	54	0.00098881
12	55	0.00079921
12	56	0.00048056
12	57	0.00036883
12	58	0.00038127
12	59	0.0014341
12	60	0.0048976
12	61	0.0046467
12	62	0.006071
12	63	0.0061901
12	64	0.0037893
12	65	0.0023348
12	66	0.0058902
12	67	0.0054984
12	68	0.0029969
12	69	0.0041768
12	70	0.004286
12	71	0.0011319
12	72	0.0019626
12	73	0.00277
12	74	0.00080863
12	75	0.0016856
12	76	0.0017916
12	77	0.0020661
12	78	0.0023417
12	79	0.0025597
12	80	0.0040697
12	81	0.0039607
12	82	0.0041894
12	83	0.0037708
12	84	0.0021921
12	85	0.0010397
12	86	0
12	87	0.0017021
12	88	0
12	89	0
13	14	0.082445
13	15	0.025476
13	16	0.027964
13	17	0.02786
13	18	0.023941
13	19	0.012606
13	20	0.0095916
13	21	0.014696
13	22	0.0075145
13	23	0.0065532
13	24	0.0042685
13	25	0.0030908
13	26	0.0036619
13	27	0.0090641
13	28	0.0058166
13	29	0.0049129
13	30	0.0044518
13	31	0.0074493
13	32	0.0072964
13	33	0.0088944
13	34	0.0060365
13	35	0.0035107
13	36	0.004875
13	37	0.0049679
13	38	0.0045179
13	39	0.0044855
13	40	0.0052297
13	41	0.0061772
13	42	0.0061894
13	43	0.0058723
13	44	0.0029319
13	45	0.0045468
13	46	0.0095701
13	47	0.0041653
13	48	0.0043374
13	49	0.0031314
13	50	0.0021535
13	51	0.0027882
13	52	0.0032736
13	53	0.0030511
13	54	0.0050996
13	55	0.0032975
13	56	0.0024785
13	57	0.0015218
13	58	0.0023597
13	59	0.0034516
13	60	0.0027201
13	61	0.0041079
13	62	0.002435
13	63	0.0039016
13	64	0.0029312
13	65	0.002752
13	66	0.0021441
13	67	0.002481
13	68	0.0027046
13	69	0.0032308
13	70	0.0027203
13	71	0.0023349
13	72	0.0052632
13	73	0.0040817
13	74	0.0033365
13	75	0.0052162
13	76	0.003696
13	77	0.0046887
13	78	0.002818
13	79	0.0046205
13	80	0.001749
13	81	0.0032682
13	82	0.005762
13	83	0.0055564
13	84	0.0045229
13	85	0.0048274
13	86	0.0050626
13	87	0.0035132
13	88	0.0011328
13	89	0.0011619
14	15	0.065681
14	16	0.052038
14	17	0.018999
14	18	0.021277
14	19	0.02337
14	20	0.010188
14	21	0.0087991
14	22	0.0076862
14	23	0.0082801
14	24	0.0091289
14	25	0.0063227
14	26	0.0048692
14	27	0.0089147
14	28	0.004363
14	29	0.0057982
14	30	0.0053814
14	31	0.0069269
14	32	0.006285
14	33	0.0055987
14	34	0.0043585
14	35	0.0044887
14	36	0.0049865
14	37	0.0039088
14	38	0.0056876
14	39	0.0049705
14	40	0.004636
14	41	0.0043231
14	42	0.004924
14	43	0.0036039
14	44	0.006331
14	45	0.0056474
14	46	0.0028552
14	47	0.0029825
14	48	0.0066551
14	49	0.0036607
14	50	0.0011014
14	51	0.0016298
14	52	0.0016743
14	53	0.0023408
14	54	0.0020866
14	55	0.0042166
14	56	0.00050709
14	57	0.0015568
14	58	0.0028161
14	59	0.0020176
14	60	0.0039748
14	61	0.0049021
14	62	0.0046255
14	63	0.0047165
14	64	0.0016657
14	65	0.0038705
14	66	0.0043861
14	67	0.0036252
14	68	0.0031615
14	69	0.0018359
14	70	0.0034782
14	71	0.0051748
14	72	0.0041414
14	73	0.0020877
14	74	0.0038397
14	75	0.004002
14	76	0.0018904
14	77	0.0034883
14	78	0.0020591
14	79	0.0040512
14	80	0.0046517
14	81	0.003761
14	82	0.0044208
14	83	0.0039787
14	84	0.0013881
14	85	0.0016464
14	86	0.001295
14	87	0.00089879
14	88	0.0011595
14	89	0.0011893
15	16	0.11535
15	17	0.021785
15	18	0.023056
15	19	0.024226
15	20	0.014899
15	21	0.0088831
15	22	0.0040757
15	23	0.008138
15	24	0.0071235
15	25	0.0092201
15	26	0.008403
15	27	0.0095998
15	28	0.010322
15	29	0.0072845
15	30	0.0066865
15	31	0.0093241
15	32	0.0045825
15	33	0.0043961
15	34	0.0039112
15	35	0.0048336
15	36	0.0047944
15	37	0.0028062
15	38	0.001914
15	39	0.003088
15	40	0.0051203
15	41	0.0032826
15	42	0.0044187
15	43	0.0039527
15	44	0.0023921
15	45	0.0068565
15	46	0.0032942
15	47	0.0022941
15	48	0.0039814
15	49	0.0016425
15	50	0.00098839
15	51	0.0010969
15	52	0.0011269
15	53	0.00070018
15	54	0.0018725
15	55	0.0011352
15	56	0.0013651
15	57	0.0024448
15	58	0.0018051
15	59	0.0036211
15	60	0.005707
15	61	0.0043991
15	62	0.0057473
15	63	0.0058603
15	64	0.0047831
15	65	0.0022103
15	66	0.0052479
15	67	0.0035785
15	68	0.0035464
15	69	0.0049425
15	70	0.0046818
15	71	0.0035721
15	72	0.0026015
15	73	0.0022481
15	74	0.0022971
15	75	0.0023942
15	76	0.0030536
15	77	0.0023477
15	78	0.0018478
15	79	0.0033325
15	80	0.0025688
15	81	0.004875
15	82	0.0030855
15	83	0.0030604
15	84	0.00083046
15	85	0.0024624
15	86	0.0011621
15	87	0.00080656
15	88	0
15	89	0
16	17	0.040235
16	18	0.037563
16	19	0.017454
16	20	0.010788
16	21	0.013023
16	22	0.010594
16	23	0.0071736
16	24	0.0082528
16	25	0.0085591
16	26	0.0068146
16	27	0.0083412
16	28	0.009278
16	29	0.0050234
16	30	0.0046623
16	31	0.0060012
16	32	0.0071466
16	33	0.0051536
16	34	0.0050347
16	35	0.0058332
16	36	0.0046287
16	37	0.0030478
16	38	0.0033877
16	39	0.003975
16	40	0.0043254
16	41	0.0051859
16	42	0.0057896
16	43	0.0038161
16	44	0.0057736
16	45	0.0040293
16	46	0.0024736
16	47	0.0036912
16	48	0.0019219
16	49	0.0047572
16	50	0.0025446
16	51	0.001059
16	52	0.0010879
16	53	0.0020279
16	54	0.0027116
16	55	0.0018265
16	56	0.0017572
16	57	0.0026974
16	58	0.0020912
16	59	0.0026218
16	60	0.0041323
16	61	0.0045504
16	62	0.0049322
16	63	0.0053434
16	64	0.0028861
16	65	0.0036581
16	66	0.0038
16	67	0.0050252
16	68	0.0013695
16	69	0.0028631
16	70	0.00452
16	71	0.0037935
16	72	0.0032291
16	73	0.0028938
16	74	0.0040657
16	75	0.0038522
16	76	0.0029479
16	77	0.0033997
16	78	0.0042812
16	79	0.0038022
16	80	0.00279
16	81	0.0039824
16	82	0.006383
16	83	0.0049241
16	84	0.0024051
16	85	0.002377
16	86	0.0016827
16	87	0.0023356
16	88	0
16	89	0.0010301
17	18	0.10119
17	19	0.015503
17	20	0.0035044
17	21	0.0097281
17	22	0.0074165
17	23	0.0010463
17	24	0.0042128
17	25	0.0031458
17	26	0.0039756
17	27	0.0070965
17	28	0.0042099
17	29	0.0030771
17	30	0.0032953
17	31	0.0036761
17	32	0.014071
17	33	0.0069635
17	34	0.0091555
17	35	0.0083373
17	36	0.0056705
17	37	0.0072603
17	38	0.0056595
17	39	0.0050726
17	40	0.0052045
17	41	0.0039708
17	42	0.0027998
17	43	0.0079691
17	44	0.005305
17	45	0.0048481
17	46	0.0086581
17	47	0.0045219
17	48	0.0014715
17	49	0.0042495
17	50	0.0043835
17	51	0.0037837
17	52	0.0038871
17	53	0.0046579
17	54	0.0032295
17	55	0.0078309
17	56	0.002018
17	57	0.0046465
17	58	0.0037358
17	59	0.006022
17	60	0.0084371
17	61	0.0023228
17	62	0.0014162
17	63	0.0019253
17	64	0.0039778
17	65	0
17	66	0.0024247
17	67	0.0014429
17	68	0.0031459
17	69	0.0014615
17	70	0.0036916
17	71	0.0042248
17	72	0.0054941
17	73	0.0072006
17	74	0.0028297
17	75	0.0053088
17	76	0.005517
17	77	0.0023137
17	78	0.005463
17	79	0.0044786
17	80	0.0018988
17	81	0.0016631
17	82	0.0039095
17	83	0.001508
17	84	0.0055235
17	85	0.0080058
17	86	0.0051518
17	87	0.0035749
17	88	0
17	89	0.0015763
18	19	0.067911
18	20	0.016375
18	21	0.02331
18	22	0.010931
18	23	0.0079587
18	24	0.010415
18	25	0.0071788
18	26	0.0071823
18	27	0.013316
18	28	0.0080059
18	29	0.0081925
18	30	0.0058489
18	31	0.011185
18	32	0.0075321
18	33	0.0070629
18	34	0.0062315
18	35	0.0054361
18	36	0.004673
18	37	0.0039449
18	38	0.0039463
18	39	0.0069457
18	40	0.0043189
18	41	0.0057055
18	42	0.0053245
18	43	0.0052537
18	44	0.004708
18	45	0.0056995
18	46	0.0037048
18	47	0.0051598
18	48	0.0044776
18	49	0.0036944
18	50	0.0029641
18	51	0.0024671
18	52	0.0016897
18	53	0.00078742
18	54	0.0031587
18	55	0.0025531
18	56	0.0025587
18	57	0.0027493
18	58	0.00081198
18	59	0.0040722
18	60	0.0040114
18	61	0.0031804
18	62	0.0032319
18	63	0.0025631
18	64	0.0036983
18	65	0.0028409
18	66	0.0033199
18	67	0.0029269
18	68	0.0027919
18	69	0.0022235
18	70	0.0038613
18	71	0.0056242
18	72	0.0066871
18	73	0.0037923
18	74	0.0025833
18	75	0.0017949
18	76	0.0015262
18	77	0.0026402
18	78	0.0033247
18	79	0.0044291
18	80	0.00325
18	81	0.0042173
18	82	0.0049569
18	83	0.0040152
18	84	0.0056031
18	85	0.0016613
18	86	0.00196
18	87	0.0009068
18	88	0.0011697
18	89	0
19	20	0.092116
19	21	0.042337
19	22	0.012032
19	23	0.013579
19	24	0.014473
19	25	0.017612
19	26	0.022764
19	27	0.016254
19	28	0.015669
19	29	0.010572
19	30	0.010483
19	31	0.017892
19	32	0.0027853
19	33	0.0046079
19	34	0.0033112
19	35	0.0050015
19	36	0.0050511
19	37	0.0019797
19	38	0.0043209
19	39	0.0030984
19	40	0.0021674
19	41	0.002358
19	42	0.0046315
19	43	0.0020281
19	44	0.0047253
19	45	0.0080759
19	46	0.00041317
19	47	0.0025896
19	48	0.00074904
19	49	0.00046352
19	50	0.0014876
19	51	0.0037147
19	52	0.00042402
19	53	0.0015808
19	54	0.0014092
19	55	0.00085428
19	56	0.00051369
19	57	0
19	58	0.0024452
19	59	0.0010219
19	60	0.0040264
19	61	0.0092218
19	62	0.0093708
19	63	0.0055126
19	64	0.0026995
19	65	0.0053462
19	66	0.0055535
19	67	0.0058753
19	68	0.0048036
19	69	0.0040913
19	70	0.0045802
19	71	0.0020161
19	72	0.0020976
19	73	0.0029607
19	74	0.0021609
19	75	0
19	76	0.0030641
19	77	0.0035337
19	78	0.002503
19	79	0.0054718
19	80	0.0076118
19	81	0.0042331
19	82	0.0034832
19	83	0.0028789
19	84	0.00093752
19	85	0.000556
19	86	0.0019682
19	87	0.0018214
19	88	0
19	89	0
20	21	0.077209
20	22	0.025187
20	23	0.029921
20	24	0.026355
20	25	0.023241
20	26	0.022029
20	27	0.02131
20	28	0.020317
20	29	0.017601
20	30	0.017278
20	31	0.01577
20	32	0.002981
20	33	0.0026555
20	34	0.0031009
20	35	0.0025548
20	36	0.0043924
20	37	0.001854
20	38	0.0020232
20	39	0.0021762
20	40	0.0050743
20	41	0.0022082
20	42	0.0033364
20	43	0.0026589
20	44	0.0050573
20	45	0.0037814
20	46	0.00077385
20	47	0.00080836
20	48	0.0010522
20	49	0.0013022
20	50	0.00034828
20	51	0.0027057
20	52	0.0027796
20	53	0.0018504
20	54	0.00098973
20	55	0.00040001
20	56	0.00096211
20	57	0.00073844
20	58	0.0015266
20	59	0
20	60	0.0030165
20	61	0.0076395
20	62	0.0064129
20	63	0.0048182
20	64	0.0053721
20	65	0.007343
20	66	0.004854
20	67	0.005502
20	68	0.0063729
20	69	0.008011
20	70	0.0036293
20	71	0.0018881
20	72	0.0011786
20	73	0.0003961
20	74	0.0016189
20	75	0.002531
20	76	0.0014347
20	77	0.00082731
20	78	0.0015627
20	79	0.0032026
20	80	0.0061099
20	81	0.0051535
20	82	0.00093197
20	83	0.002696
20	84	0.00043899
20	85	0.00052069
20	86	0.0012288
20	87	0.00085288
20	88	0
20	89	0.0011288
21	22	0.059572
21	23	0.037431
21	24	0.032924
21	25	0.026588
21	26	0.022785
21	27	0.038124
21	28	0.014623
21	29	0.0085506
21	30	0.010683
21	31	0.0092574
21	32	0.011947
21	33	0.0029026
21	34	0.0036824
21	35	0.0041371
21	36	0.0072222
21	37	0.0028821
21	38	0.0052422
21	39	0.0024668
21	40	0.005259
21	41	0.0045975
21	42	0.0025934
21	43	0.0036907
21	44	0.0030711
21	45	0.0073483
21	46	0.0037593
21	47	0.0031415
21	48	0.0027261
21	49	0.0029522
21	50	0.0033838
21	51	0.0030042
21	52	0.0015432
21	53	0.0025169
21	54	0.0025642
21	55	0.0011658
21	56	0.0014021
21	57	0.0010761
21	58	0.0029662
21	59	0.0023244
21	60	0.0062278
21	61	0.0048409
21	62	0.0036074
21	63	0.0053502
21	64	0.0061408
21	65	0.004216
21	66	0.0040426
21	67	0.0050119
21	68	0.0021855
21	69	0.0050764
21	70	0.0057703
21	71	0.0051363
21	72	0.0015268
21	73	0.0023089
21	74	0.0047184
21	75	0.0032786
21	76	0.00069692
21	77	0.0016075
21	78	0.0030364
21	79	0.0012446
21	80	0.0029681
21	81	0.0057772
21	82	0.0031689
21	83	0.0062863
21	84	0.0029851
21	85	0.0015173
21	86	0.00059672
21	87	0
21	88	0.0042736
21	89	0
22	23	0.10146
22	24	0.062396
22	25	0.039912
22	26	0.036185
22	27	0.04134
22	28	0.0094054
22	29	0.0064504
22	30	0.0083619
22	31	0.012776
22	32	0.0065552
22	33	0.0061467
22	34	0.0035091
22	35	0.0027596
22	36	0.0028155
22	37	0.0041197
22	38	0.0046831
22	39	0.0036939
22	40	0.0037585
22	41	0.0058414
22	42	0.0074137
22	43	0.0073855
22	44	0.0035118
22	45	0.0043764
22	46	0.0039408
22	47	0.0018712
22	48	0.0019484
22	49	0.0024115
22	50	0.0019349
22	51	0.0028631
22	52	0.0018384
22	53	0.0027414
22	54	0.0018328
22	55	0.0014815
22	56	0.0017817
22	57	0.0017094
22	58	0.002827
22	59	0.0022153
22	60	0.0038403
22	61	0.0058431
22	62	0.00375
22	63	0.0041425
22	64	0.003511
22	65	0.0046354
22	66	0.002889
22	67	0.0035022
22	68	0.0045121
22	69	0.0032248
22	70	0.0024439
22	71	0.0031467
22	72	0.0036376
22	73	0.0047679
22	74	0.0022486
22	75	0.0031248
22	76	0.0043175
22	77	0.0019151
22	78	0.0014469
22	79	0.0041515
22	80	0.0040858
22	81	0.0040375
22	82	0.0030204
22	83	0.0019971
22	84	0.0020326
22	85	0.0014466
22	86	0.0034142
22	87	0.00078997
22	88	0
22	89	0.0010457
23	24	0.07986
23	25	0.057969
23	26	0.048263
23	27	0.030396
23	28	0.016905
23	29	0.013793
23	30	0.01354
23	31	0.012702
23	32	0.0062299
23	33	0.0017342
23	34	0.0025202
23	35	0.0035594
23	36	0.0042366
23	37	0.0019372
23	38	0.0024664
23	39	0.0064428
23	40	0.0045953
23	41	0.0039555
23	42	0.0034862
23	43	0.004366
23	44	0.0052844
23	45	0.0042805
23	46	0.0012129
23	47	0.001267
23	48	0.0029319
23	49	0.0027215
23	50	0.0010918
23	51	0.0012117
23	52	0.00041495
23	53	0.0019337
23	54	0.0024133
23	55	0.001254
23	56	0.00050271
23	57	0.0011575
23	58	0
23	59	0.00050003
23	60	0.0055161
23	61	0.0055532
23	62	0.0063482
23	63	0.0021577
23	64	0.0036322
23	65	0.0073239
23	66	0.0036228
23	67	0.0079049
23	68	0.0027419
23	69	0.0061871
23	70	0.0065505
23	71	0.0031567
23	72	0.0032842
23	73	0.0012417
23	74	0.0012689
23	75	0.0013225
23	76	0.0014993
23	77	0.0025936
23	78	0.0020412
23	79	0.0023427
23	80	0.0053205
23	81	0.0049709
23	82	0.0038957
23	83	0.0045077
23	84	0.00045878
23	85	0
23	86	0.0006422
23	87	0
23	88	0
23	89	0
24	25	0.10212
24	26	0.059794
24	27	0.039137
24	28	0.020974
24	29	0.011956
24	30	0.01363
24	31	0.013823
24	32	0.0058793
24	33	0.0031423
24	34	0.0057986
24	35	0.0053745
24	36	0.0042648
24	37	0.0023401
24	38	0.0021281
24	39	0.0034335
24	40	0.0024908
24	41	0.0033181
24	42	0.0042112
24	43	0.0055935
24	44	0.0039896
24	45	0.0039775
24	46	0.002035
24	47	0.0012755
24	48	0.0029514
24	49	0.0027396
24	50	0.00036636
24	51	0.00081319
24	52	0.00041771
24	53	0.0015572
24	54	0.00069409
24	55	0.00084159
24	56	0.0010121
24	57	0.0019421
24	58	0.0024088
24	59	0.0015101
24	60	0.0027764
24	61	0.0073369
24	62	0.0060353
24	63	0.002896
24	64	0.0026591
24	65	0.005266
24	66	0.0018234
24	67	0.0047021
24	68	0.003943
24	69	0.0047626
24	70	0.0052057
24	71	0.0027804
24	72	0.0020663
24	73	0.0029167
24	74	0.0034062
24	75	0.001775
24	76	0.00075464
24	77	0.0021758
24	78	0.0012329
24	79	0.0040427
24	80	0.0042847
24	81	0.001668
24	82	0.0024511
24	83	0.0039705
24	84	0.00092371
24	85	0.00054788
24	86	0.0019396
24	87	0.00089761
24	88	0
24	89	0
25	26	0.095253
25	27	0.033298
25	28	0.022853
25	29	0.016128
25	30	0.011925
25	31	0.015139
25	32	0.001561
25	33	0.0041715
25	34	0.0043299
25	35	0.0062428
25	36	0.0049538
25	37	0.0019416
25	38	0.0017657
25	39	0.0037984
25	40	0.0049598
25	41	0.0029732
25	42	0.003494
25	43	0.0051713
25	44	0.0043032
25	45	0.0056101
25	46	0.0032417
25	47	0.0021165
25	48	0.0018366
25	49	0.0036368
25	50	0.001459
25	51	0.0028337
25	52	0.0012476
25	53	0.0007752
25	54	0.0013821
25	55	0.0008379
25	56	0.0020154
25	57	0.00038671
25	58	0.0019986
25	59	0.0020046
25	60	0.0031591
25	61	0.0066091
25	62	0.004595
25	63	0.0032438
25	64	0.005295
25	65	0.0059421
25	66	0.0065355
25	67	0.0068422
25	68	0.0058887
25	69	0.0076599
25	70	0.0055285
25	71	0.0023728
25	72	0.0024687
25	73	0.00082969
25	74	0.00084781
25	75	0.0022091
25	76	0.0018783
25	77	0.0021662
25	78	0.00081832
25	79	0.0016771
25	80	0.0049769
25	81	0.0033214
25	82	0.0024403
25	83	0.0028236
25	84	0.00091963
25	85	0.0010909
25	86	0.0025747
25	87	0.00089361
25	88	0.0011533
25	89	0.0023659
26	27	0.066144
26	28	0.022781
26	29	0.024386
26	30	0.019878
26	31	0.017284
26	32	0.0033289
26	33	0.0042834
26	34	0.0044461
26	35	0.0038039
26	36	0.0033538
26	37	0.0025764
26	38	0.0043513
26	39	0.0025201
26	40	0.0050369
26	41	0.002505
26	42	0.0039741
26	43	0.0033934
26	44	0.0040787
26	45	0.0053175
26	46	0.00076816
26	47	0.00080242
26	48	0.0038296
26	49	0.0025853
26	50	0.0017286
26	51	0.0015348
26	52	0.0011825
26	53	0.0014695
26	54	0.0022925
26	55	0.00039709
26	56	0
26	57	0.0014661
26	58	0.00037885
26	59	0.002375
26	60	0.0014972
26	61	0.0046158
26	62	0.0077056
26	63	0.0040995
26	64	0.0043914
26	65	0.0053009
26	66	0.0055063
26	67	0.0054613
26	68	0.0096747
26	69	0.008989
26	70	0.0072051
26	71	0.0018742
26	72	0.0015599
26	73	0.0023592
26	74	0
26	75	0.0012563
26	76	0.0035606
26	77	0.00082127
26	78	0.0027147
26	79	0.0044508
26	80	0.006739
26	81	0.0047221
26	82	0.0027755
26	83	0.002141
26	84	0.0030507
26	85	0
26	86	0
26	87	0.0025407
26	88	0
26	89	0
27	28	0.044799
27	29	0.025295
27	30	0.021522
27	31	0.028563
27	32	0.017607
27	33	0.0075283
27	34	0.0074887
27	35	0.0068404
27	36	0.007663
27	37	0.0049056
27	38	0.0044612
27	39	0.005484
27	40	0.0047952
27	41	0.0023848
27	42	0.0050446
27	43	0.0053843
27	44	0.0035843
27	45	0.0065513
27	46	0.0043878
27	47	0.0019098
27	48	0.0023201
27	49	0.0036919
27	50	0.0019748
27	51	0.0018264
27	52	0.0011258
27	53	0.0031477
27	54	0.0024942
27	55	0.0022681
27	56	0.0027277
27	57	0.0017446
27	58	0.0036066
27	59	0.0027132
27	60	0.0049885
27	61	0.008161
27	62	0.0086118
27	63	0.0061794
27	64	0.0056739
27	65	0.0034695
27	66	0.0062252
27	67	0.0035746
27	68	0.0031883
27	69	0.0052663
27	70	0.0046769
27	71	0.0032116
27	72	0.0040839
27	73	0.0022459
27	74	0.0030599
27	75	0.0019932
27	76	0.0020338
27	77	0.0015637
27	78	0.0062762
27	79	0.0054478
27	80	0.0054532
27	81	0.002997
27	82	0.0044037
27	83	0.0040765
27	84	0.0020743
27	85	0.0009842
27	86	0.0011613
27	87	0.0024183
27	88	0.0031207
27	89	0
28	29	0.084793
28	30	0.063562
28	31	0.044894
28	32	0.009792
28	33	0.0052336
28	34	0.0072432
28	35	0.0085037
28	36	0.0078133
28	37	0.001559
28	38	0.0056711
28	39	0.0045749
28	40	0.0078228
28	41	0.003979
28	42	0.0052604
28	43	0.0039927
28	44	0.0046513
28	45	0.011593
28	46	0.00040671
28	47	0.0016994
28	48	0.0029493
28	49	0.0022814
28	50	0.0029288
28	51	0.00081259
28	52	0.00083481
28	53	0.0023341
28	54	0.00069358
28	55	0
28	56	0
28	57	0.00077624
28	58	0.0020059
28	59	0.0020119
28	60	0.0023781
28	61	0.010823
28	62	0.0081598
28	63	0.0050646
28	64	0.0089684
28	65	0.0087708
28	66	0.0072886
28	67	0.0083134
28	68	0.0074867
28	69	0.0091527
28	70	0.0055489
28	71	0.0019846
28	72	0.0016518
28	73	0.0016655
28	74	0.00085091
28	75	0.00088685
28	76	0.0026393
28	77	0.00086966
28	78	0.0020533
28	79	0.0043764
28	80	0.0078497
28	81	0.0066672
28	82	0.0019594
28	83	0.0034008
28	84	0.0023074
28	85	0.0005474
28	86	0.00064594
28	87	0
28	88	0
28	89	0
29	30	0.10137
29	31	0.054523
29	32	0.0083979
29	33	0.0098611
29	34	0.007412
29	35	0.0065428
29	36	0.0079608
29	37	0.0015194
29	38	0.0037998
29	39	0.008174
29	40	0.0045051
29	41	0.004201
29	42	0.0054685
29	43	0.0058368
29	44	0.0061521
29	45	0.0093615
29	46	0.0011891
29	47	0.0020702
29	48	0.0021557
29	49	0.0031127
29	50	0.0024975
29	51	0.0019798
29	52	0.0016271
29	53	0.00075826
29	54	0.0013519
29	55	0.00081956
29	56	0.00098562
29	57	0.00037824
29	58	0.0023458
29	59	0.00098037
29	60	0.0042489
29	61	0.007826
29	62	0.013139
29	63	0.0049358
29	64	0.0071218
29	65	0.0088898
29	66	0.0078138
29	67	0.0098635
29	68	0.0099845
29	69	0.0085633
29	70	0.0060839
29	71	0.0034815
29	72	0.0032197
29	73	0.0024346
29	74	0
29	75	0.0017286
29	76	0.0018372
29	77	0.0050851
29	78	0.0024013
29	79	0.0049212
29	80	0.0069546
29	81	0.004061
29	82	0.0028642
29	83	0.0055237
29	84	0.0013492
29	85	0.00053344
29	86	0.0031472
29	87	0.0017476
29	88	0.0011276
29	89	0
30	31	0.081454
30	32	0.015125
30	33	0.007647
30	34	0.0083155
30	35	0.0023355
30	36	0.010378
30	37	0.005288
30	38	0.0051789
30	39	0.007162
30	40	0.0037111
30	41	0.0034606
30	42	0.0029281
30	43	0.0054171
30	44	0.0090154
30	45	0.0082966
30	46	0.0025468
30	47	0.0013302
30	48	0.0057715
30	49	0.0028572
30	50	0.0011463
30	51	0.00042404
30	52	0.0026138
30	53	0.0016241
30	54	0.0028955
30	55	0.0017554
30	56	0
30	57	0.0012152
30	58	0.0004187
30	59	0.0015749
30	60	0.0053775
30	61	0.007652
30	62	0.010367
30	63	0.0086837
30	64	0.0058933
30	65	0.0084215
30	66	0.010269
30	67	0.007922
30	68	0.0065799
30	69	0.0099345
30	70	0.0047054
30	71	0.0028998
30	72	0.003017
30	73	0.0030418
30	74	0.00044403
30	75	0.002314
30	76	0.0027545
30	77	0.00045382
30	78	0.0034287
30	79	0.0052702
30	80	0.0070753
30	81	0.0060885
30	82	0.0025562
30	83	0.0070985
30	84	0.0014449
30	85	0.00057131
30	86	0
30	87	0.00093591
30	88	0.0024156
30	89	0.0012389
31	32	0.03044
31	33	0.01432
31	34	0.012017
31	35	0.010943
31	36	0.0083733
31	37	0.0061261
31	38	0.0049521
31	39	0.0076568
31	40	0.007452
31	41	0.003764
31	42	0.003981
31	43	0.0073216
31	44	0.0078332
31	45	0.0089663
31	46	0.002486
31	47	0.00074197
31	48	0.0032192
31	49	0.0031874
31	50	0.0015984
31	51	0.0024834
31	52	0.0014579
31	53	0.0010191
31	54	0.0012113
31	55	0.0011015
31	56	0.00044155
31	57	0.0020334
31	58	0.0021018
31	59	0.0052704
31	60	0.0058835
31	61	0.010366
31	62	0.0077449
31	63	0.0066337
31	64	0.0075413
31	65	0.0061271
31	66	0.0066829
31	67	0.0069439
31	68	0.0055053
31	69	0.011189
31	70	0.0060568
31	71	0.0041592
31	72	0.0032454
31	73	0.0032721
31	74	0.001486
31	75	0.0023232
31	76	0.002963
31	77	0.0026578
31	78	0.004303
31	79	0.0055852
31	80	0.0062312
31	81	0.0065495
31	82	0.002994
31	83	0.0034644
31	84	0.0024177
31	85	0.00047795
31	86	0.0022559
31	87	0
31	88	0
31	89	0.0010362
32	33	0.095369
32	34	0.034791
32	35	0.018173
32	36	0.0102
32	37	0.020458
32	38	0.011233
32	39	0.0090615
32	40	0.0077475
32	41	0.011822
32	42	0.0065991
32	43	0.008304
32	44	0.0049357
32	45	0.0039366
32	46	0.014097
32	47	0.0088352
32	48	0.0047462
32	49	0.0027111
32	50	0.005438
32	51	0.0048279
32	52	0.0045466
32	53	0.0042375
32	54	0.0048076
32	55	0.0079106
32	56	0.005007
32	57	0.0057643
32	58	0.0063558
32	59	0.0094629
32	60	0.0074574
32	61	0.0034578
32	62	0.0049191
32	63	0.0064488
32	64	0.0013159
32	65	0.0020848
32	66	0.0021657
32	67	0.002506
32	68	0.0027318
32	69	0.0029008
32	70	0.0061824
32	71	0.005503
32	72	0.0085877
32	73	0.0045351
32	74	0.0075826
32	75	0.0083422
32	76	0.0070932
32	77	0.005597
32	78	0.003253
32	79	0.0023335
32	80	0.00212
32	81	0.0016506
32	82	0.00776
32	83	0.0016837
32	84	0.0082231
32	85	0.004876
32	86	0.0057527
32	87	0.007097
32	88	0.0034326
32	89	0.0011736
33	34	0.12109
33	35	0.029219
33	36	0.023186
33	37	0.017192
33	38	0.010632
33	39	0.01009
33	40	0.0090975
33	41	0.011701
33	42	0.0058785
33	43	0.0081017
33	44	0.0046898
33	45	0.0049678
33	46	0.011482
33	47	0.0044975
33	48	0.0058542
33	49	0.0052328
33	50	0.0045214
33	51	0.0046593
33	52	0.0062595
33	53	0.0072066
33	54	0.0048946
33	55	0.0070472
33	56	0.0057987
33	57	0.0051352
33	58	0.0063698
33	59	0.0053242
33	60	0.0055943
33	61	0.0043123
33	62	0.002817
33	63	0.0041489
33	64	0.0023444
33	65	0.0021667
33	66	0.0016076
33	67	0.0038268
33	68	0.0020858
33	69	0.002907
33	70	0.0033656
33	71	0.0059527
33	72	0.0069216
33	73	0.0069783
33	74	0.0056292
33	75	0.0046937
33	76	0.0043235
33	77	0.0069039
33	78	0.0036225
33	79	0.0044545
33	80	0.0015738
33	81	0.0036759
33	82	0.0064811
33	83	0.0019999
33	84	0.003256
33	85	0.0033789
33	86	0.0051257
33	87	0.001581
33	88	0.0030592
33	89	0.0020919
34	35	0.075823
34	36	0.033172
34	37	0.022485
34	38	0.013308
34	39	0.01187
34	40	0.014653
34	41	0.0091093
34	42	0.010277
34	43	0.0065813
34	44	0.0063892
34	45	0.0072798
34	46	0.0070761
34	47	0.0081696
34	48	0.0054014
34	49	0.0054316
34	50	0.0026818
34	51	0.0059524
34	52	0.0061151
34	53	0.0064117
34	54	0.0028578
34	55	0.0030799
34	56	0.0050929
34	57	0.006041
34	58	0.0058772
34	59	0.0046054
34	60	0.0068956
34	61	0.0041563
34	62	0.0022742
34	63	0.0056316
34	64	0.0036501
34	65	0.0019277
34	66	0.0030037
34	67	0.0039721
34	68	0.0021651
34	69	0.0026822
34	70	0.003811
34	71	0.0029077
34	72	0.0064283
34	73	0.0068622
34	74	0.0038954
34	75	0.00406
34	76	0.0031069
34	77	0.0047775
34	78	0.0037601
34	79	0.0033907
34	80	0.002287
34	81	0.0011447
34	82	0.0035879
34	83	0.0020759
34	84	0.0021123
34	85	0.0065135
34	86	0.0017735
34	87	0.0049231
34	88	0.0031753
34	89	0.0043425
35	36	0.10169
35	37	0.042344
35	38	0.016446
35	39	0.017258
35	40	0.015694
35	41	0.012008
35	42	0.010716
35	43	0.0099408
35	44	0.0082719
35	45	0.0067474
35	46	0.0092053
35	47	0.0076926
35	48	0.0070925
35	49	0.0082617
35	50	0.007043
35	51	0.0050576
35	52	0.0066129
35	53	0.0079242
35	54	0.0027471
35	55	0.0047582
35	56	0.0028611
35	57	0.0026351
35	58	0.0027238
35	59	0.0079686
35	60	0.007625
35	61	0.0031609
35	62	0.0028105
35	63	0.0049127
35	64	0.0033832
35	65	0.0011911
35	66	0.0028871
35	67	0.0040907
35	68	0.0031216
35	69	0.0053863
35	70	0.0051023
35	71	0.0053902
35	72	0.0046733
35	73	0.0051828
35	74	0.0038515
35	75	0.0060214
35	76	0.0038399
35	77	0.0034443
35	78	0.0060412
35	79	0.0049525
35	80	0.0024227
35	81	0.0028293
35	82	0.0077601
35	83	0.003207
35	84	0.0057438
35	85	0.0030966
35	86	0.0021923
35	87	0
35	88	0.0013087
35	89	0.0013424
36	37	0.06195
36	38	0.0261
36	39	0.020884
36	40	0.014369
36	41	0.008933
36	42	0.012912
36	43	0.0075296
36	44	0.0086524
36	45	0.0086262
36	46	0.0036522
36	47	0.0080115
36	48	0.0039726
36	49	0.009014
36	50	0.0055885
36	51	0.0040131
36	52	0.0063715
36	53	0.0045411
36	54	0.0040481
36	55	0.0052856
36	56	0.0018161
36	57	0.0024393
36	58	0.0043226
36	59	0.0076777
36	60	0.007118
36	61	0.0084653
36	62	0.004779
36	63	0.0064972
36	64	0.0047726
36	65	0.0059862
36	66	0.0052365
36	67	0.003246
36	68	0.0053079
36	69	0.004603
36	70	0.0046716
36	71	0.0039207
36	72	0.0070455
36	73	0.0029908
36	74	0.004966
36	75	0.002787
36	76	0.005078
36	77	0.0050754
36	78	0.0033186
36	79	0.0039297
36	80	0.0035243
36	81	0.0048642
36	82	0.0052777
36	83	0.0030536
36	84	0.0033143
36	85	0.0024567
36	86	0.0052175
36	87	0.0048279
36	88	0.003114
36	89	0.0010647
37	38	0.090471
37	39	0.038323
37	40	0.029436
37	41	0.019933
37	42	0.013479
37	43	0.0066893
37	44	0.0098229
37	45	0.0055494
37	46	0.010421
37	47	0.011723
37	48	0.0079928
37	49	0.0080937
37	50	0.0072154
37	51	0.0060057
37	52	0.0041132
37	53	0.0061337
37	54	0.0041008
37	55	0.0082868
37	56	0.0059795
37	57	0.0076489
37	58	0.0090924
37	59	0.0114
37	60	0.0058587
37	61	0.0034408
37	62	0.0024475
37	63	0.0057042
37	64	0.0042556
37	65	0.0017288
37	66	0.0025141
37	67	0.0024936
37	68	0.0031067
37	69	0.0021649
37	70	0.0027343
37	71	0.005085
37	72	0.0044765
37	73	0.0053338
37	74	0.00545
37	75	0.0048064
37	76	0.0040868
37	77	0.0068556
37	78	0.0040467
37	79	0.0029857
37	80	0.0014065
37	81	0.0020532
37	82	0.0072401
37	83	0.0016756
37	84	0.0050015
37	85	0.0048535
37	86	0.004454
37	87	0.0017664
37	88	0.0011394
37	89	0.0023374
38	39	0.10148
38	40	0.037605
38	41	0.017533
38	42	0.012887
38	43	0.0085882
38	44	0.0080397
38	45	0.008609
38	46	0.0069256
38	47	0.0072344
38	48	0.0052865
38	49	0.010223
38	50	0.003281
38	51	0.0032771
38	52	0.004863
38	53	0.0059269
38	54	0.0059051
38	55	0.0033914
38	56	0.0045318
38	57	0.0034782
38	58	0.006112
38	59	0.0076631
38	60	0.0085251
38	61	0.0046936
38	62	0.0054054
38	63	0.010051
38	64	0.0047632
38	65	0.005031
38	66	0.0048994
38	67	0.0042114
38	68	0.0017658
38	69	0.0036094
38	70	0.0043515
38	71	0.005336
38	72	0.0059216
38	73	0.0059703
38	74	0.0045754
38	75	0.0047687
38	76	0.0050684
38	77	0.0062349
38	78	0.0055204
38	79	0.003017
38	80	0.0025582
38	81	0.0026141
38	82	0.0026339
38	83	0.0030477
38	84	0.0041354
38	85	0.0014715
38	86	0.0017363
38	87	0
38	88	0.0031099
38	89	0.0021265
39	40	0.090493
39	41	0.027489
39	42	0.022989
39	43	0.014241
39	44	0.012491
39	45	0.010537
39	46	0.0054887
39	47	0.0086001
39	48	0.0046198
39	49	0.0057177
39	50	0.0045875
39	51	0.0050912
39	52	0.004828
39	53	0.0029998
39	54	0.0040112
39	55	0.0064845
39	56	0.0043865
39	57	0.0026186
39	58	0.0073469
39	59	0.0063025
39	60	0.0064948
39	61	0.005385
39	62	0.004788
39	63	0.0041847
39	64	0.0060838
39	65	0.0054113
39	66	0.0038645
39	67	0.0038329
39	68	0.0049381
39	69	0.0045881
39	70	0.0066863
39	71	0.0034435
39	72	0.0031845
39	73	0.0032106
39	74	0.0053309
39	75	0.0051287
39	76	0.0087217
39	77	0.004191
39	78	0.004354
39	79	0.0045429
39	80	0.0037832
39	81	0.003615
39	82	0.0033048
39	83	0.0021853
39	84	0.0026684
39	85	0.0015824
39	86	0.005601
39	87	0.0034552
39	88	0.0044573
39	89	0.0022859
40	41	0.077216
40	42	0.029324
40	43	0.018309
40	44	0.018521
40	45	0.012508
40	46	0.012799
40	47	0.0087855
40	48	0.01127
40	49	0.0094355
40	50	0.0042789
40	51	0.0065752
40	52	0.0060044
40	53	0.0062957
40	54	0.0037414
40	55	0.0045364
40	56	0.0027278
40	57	0.005234
40	58	0.0039675
40	59	0.008592
40	60	0.0057016
40	61	0.0040809
40	62	0.0035089
40	63	0.0048789
40	64	0.0038825
40	65	0.0047317
40	66	0.0052428
40	67	0.002925
40	68	0.0014172
40	69	0.0039502
40	70	0.00343
40	71	0.0057099
40	72	0.0070544
40	73	0.004492
40	74	0.002295
40	75	0.0027906
40	76	0.0030507
40	77	0.0046911
40	78	0.003692
40	79	0.0042374
40	80	0.0025664
40	81	0.0018732
40	82	0.0052846
40	83	0.0040766
40	84	0.0012446
40	85	0.0034444
40	86	0.0034835
40	87	0.0048355
40	88	0.0010398
40	89	0.0042662
41	42	0.073802
41	43	0.032472
41	44	0.017828
41	45	0.012219
41	46	0.019778
41	47	0.014604
41	48	0.011127
41	49	0.0095637
41	50	0.0082872
41	51	0.0051095
41	52	0.0055992
41	53	0.0035877
41	54	0.0063964
41	55	0.0063453
41	56	0.0050873
41	57	0.0058569
41	58	0.008072
41	59	0.005482
41	60	0.0049845
41	61	0.0055618
41	62	0.003272
41	63	0.0060661
41	64	0.0047344
41	65	0.0032357
41	66	0.0042778
41	67	0.0033336
41	68	0.002643
41	69	0.0018418
41	70	0.0031985
41	71	0.0033278
41	72	0.0051934
41	73	0.0059342
41	74	0.0042802
41	75	0.0070633
41	76	0.0018966
41	77	0.00072909
41	78	0.00241
41	79	0.0031046
41	80	0.0026923
41	81	0.0020961
41	82	0.0061599
41	83	0.0038015
41	84	0.0042555
41	85	0.0050474
41	86	0.0016243
41	87	0.0045094
41	88	0.0029092
41	89	0.00099463
42	43	0.09949
42	44	0.031229
42	45	0.029372
42	46	0.015869
42	47	0.013562
42	48	0.0098074
42	49	0.0097105
42	50	0.0068173
42	51	0.0054042
42	52	0.0040714
42	53	0.0031046
42	54	0.0061502
42	55	0.0037285
42	56	0.0035872
42	57	0.0048181
42	58	0.0042688
42	59	0.0057981
42	60	0.0052718
42	61	0.0071208
42	62	0.0037752
42	63	0.013152
42	64	0.0067746
42	65	0.0031111
42	66	0.0042012
42	67	0.0073721
42	68	0.0048919
42	69	0.0032465
42	70	0.0058432
42	71	0.0045756
42	72	0.0051266
42	73	0.0051688
42	74	0.0041498
42	75	0.0027524
42	76	0.0023403
42	77	0.0034701
42	78	0.0047338
42	79	0.0038807
42	80	0.0022147
42	81	0.0011085
42	82	0.0069496
42	83	0.0055285
42	84	0.0073653
42	85	0.0033974
42	86	0.0051542
42	87	0.002385
42	88	0
42	89	0.0042087
43	44	0.096602
43	45	0.040129
43	46	0.022994
43	47	0.0098651
43	48	0.010049
43	49	0.0087523
43	50	0.0044352
43	51	0.0036916
43	52	0.0042139
43	53	0.0039274
43	54	0.0038511
43	55	0.0042449
43	56	0.0035735
43	57	0.00431
43	58	0.0056701
43	59	0.0076168
43	60	0.0056019
43	61	0.0074021
43	62	0.0042981
43	63	0.0091305
43	64	0.0036888
43	65	0.0067298
43	66	0.0077265
43	67	0.0036492
43	68	0.0055694
43	69	0.0018481
43	70	0.0049019
43	71	0.0052094
43	72	0.0062537
43	73	0.0037831
43	74	0.0038656
43	75	0.0080579
43	76	0.0038063
43	77	0.0039508
43	78	0.0062187
43	79	0.0037385
43	80	0.0046828
43	81	0.0037861
43	82	0.0034616
43	83	0.0051499
43	84	0.0018635
43	85	0.0027629
43	86	0.0032602
43	87	0.0018103
43	88	0.0035039
43	89	0.002396
44	45	0.099619
44	46	0.040659
44	47	0.014277
44	48	0.012389
44	49	0.0095829
44	50	0.0092266
44	51	0.0027306
44	52	0.0038572
44	53	0.0039218
44	54	0.00437
44	55	0.0045921
44	56	0.0033985
44	57	0.0042386
44	58	0.0057293
44	59	0.0038029
44	60	0.0086571
44	61	0.0052795
44	62	0.0056629
44	63	0.0054704
44	64	0.0064181
44	65	0.0064842
44	66	0.0070417
44	67	0.0051622
44	68	0.0033103
44	69	0.0067665
44	70	0.009032
44	71	0.0053352
44	72	0.0062446
44	73	0.0045471
44	74	0.0017871
44	75	0.0040976
44	76	0.0057013
44	77	0.0043834
44	78	0.0072447
44	79	0.0039594
44	80	0.0032972
44	81	0.0042007
44	82	0.0045265
44	83	0.0071423
44	84	0.006978
44	85	0.0018393
44	86	0.0021704
44	87	0.00075323
44	88	0.001944
44	89	0.0019939
45	46	0.053821
45	47	0.015301
45	48	0.01266
45	49	0.007643
45	50	0.0073588
45	51	0.0044237
45	52	0.005943
45	53	0.0039098
45	54	0.0043567
45	55	0.0056346
45	56	0.00084703
45	57	0.0039007
45	58	0.0057119
45	59	0.0058977
45	60	0.0082988
45	61	0.0081877
45	62	0.010103
45	63	0.010908
45	64	0.01085
45	65	0.0079337
45	66	0.010683
45	67	0.0096876
45	68	0.0056104
45	69	0.0049062
45	70	0.0063903
45	71	0.0073137
45	72	0.0065715
45	73	0.0052307
45	74	0.0042759
45	75	0.0033424
45	76	0.0047366
45	77	0.0040059
45	78	0.0020636
45	79	0.005921
45	80	0.0059767
45	81	0.007329
45	82	0.0057435
45	83	0.0071206
45	84	0.0015459
45	85	0.0018337
45	86	0.0016228
45	87	0.0022528
45	88	0.002907
45	89	0.00099391
46	47	0.076451
46	48	0.021609
46	49	0.015014
46	50	0.01167
46	51	0.0083552
46	52	0.0098711
46	53	0.0092
46	54	0.0053486
46	55	0.0056201
46	56	0.0072786
46	57	0.010375
46	58	0.010724
46	59	0.010343
46	60	0.0089662
46	61	0.0035905
46	62	0.0021891
46	63	0.0018601
46	64	0.0027327
46	65	0.0010824
46	66	0.0007496
46	67	0.0014869
46	68	0.0016209
46	69	0.0018826
46	70	0.0035665
46	71	0.0036734
46	72	0.0050955
46	73	0.0072776
46	74	0.0043741
46	75	0.0068385
46	76	0.0031011
46	77	0.0035764
46	78	0.0029556
46	79	0.0031153
46	80	0.0018344
46	81	0.00042847
46	82	0.0045324
46	83	0.0011655
46	84	0.0061665
46	85	0.0061878
46	86	0.0053093
46	87	0.0018421
46	88	0.0059395
46	89	0.0036553
47	48	0.12513
47	49	0.041168
47	50	0.016908
47	51	0.022255
47	52	0.013
47	53	0.012952
47	54	0.0081939
47	55	0.0099342
47	56	0.011404
47	57	0.010836
47	58	0.007755
47	59	0.014044
47	60	0.012771
47	61	0.0052508
47	62	0.0045734
47	63	0.0046632
47	64	0.0042819
47	65	0.0011307
47	66	0.0015661
47	67	0.0015533
47	68	0.0016932
47	69	0.0023599
47	70	0.004098
47	71	0.0046898
47	72	0.0026612
47	73	0.0053658
47	74	0.00731
47	75	0.0057143
47	76	0.0040489
47	77	0.0056033
47	78	0.0083794
47	79	0.0021694
47	80	0.0015329
47	81	0.0022378
47	82	0.001578
47	83	0.0018261
47	84	0.0044588
47	85	0.0070496
47	86	0.0090094
47	87	0.003847
47	88	0.0037204
47	89	0.0050879
48	49	0.088462
48	50	0.021838
48	51	0.016662
48	52	0.023731
48	53	0.010515
48	54	0.014868
48	55	0.0078373
48	56	0.011781
48	57	0.005787
48	58	0.011964
48	59	0.010782
48	60	0.01293
48	61	0.0045564
48	62	0.0026458
48	63	0.0067443
48	64	0.0043349
48	65	0.0029435
48	66	0.0033974
48	67	0.0026957
48	68	0.002204
48	69	0.003413
48	70	0.0042027
48	71	0.0051796
48	72	0.0046188
48	73	0.0062087
48	74	0.0035684
48	75	0.0061987
48	76	0.0049192
48	77	0.003647
48	78	0.0049754
48	79	0.0043927
48	80	0.0026605
48	81	0.0031071
48	82	0.0045648
48	83	0.0042259
48	84	0.0017198
48	85	0.0030593
48	86	0.0036092
48	87	0.005009
48	88	0.0032299
48	89	0.0011043
49	50	0.071793
49	51	0.032338
49	52	0.020222
49	53	0.012565
49	54	0.012001
49	55	0.011155
49	56	0.0087486
49	57	0.0094004
49	58	0.011568
49	59	0.011603
49	60	0.010059
49	61	0.0072504
49	62	0.0032745
49	63	0.0054256
49	64	0.0022993
49	65	0.00040478
49	66	0.00042048
49	67	0.0025022
49	68	0.0018185
49	69	0.002112
49	70	0.0044012
49	71	0.0073263
49	72	0.0033346
49	73	0.0033618
49	74	0.0044163
49	75	0.0051145
49	76	0.0073928
49	77	0.0085258
49	78	0.0037894
49	79	0.0027183
49	80	0.0016464
49	81	0.0038455
49	82	0.0016949
49	83	0.005884
49	84	0.0021285
49	85	0.0031552
49	86	0.0029778
49	87	0.0041327
49	88	0.0013324
49	89	0.0027333
50	51	0.16206
50	52	0.039014
50	53	0.021601
50	54	0.018614
50	55	0.0097271
50	56	0.01123
50	57	0.015801
50	58	0.011508
50	59	0.0093088
50	60	0.0055024
50	61	0.0048477
50	62	0.0022989
50	63	0.0026788
50	64	0.0027673
50	65	0.0038973
50	66	0.0033737
50	67	0.0023423
50	68	0.0010943
50	69	0.0016946
50	70	0.0019261
50	71	0.0055106
50	72	0.0030575
50	73	0.0046235
50	74	0.0039367
50	75	0.0061546
50	76	0.0038377
50	77	0.0044258
50	78	0.0030401
50	79	0.0043617
50	80	0.0013209
50	81	0.001157
50	82	0.0018129
50	83	0.0026225
50	84	0.002988
50	85	0.0096167
50	86	0.00059708
50	87	0.0049712
50	88	0.0032047
50	89	0.0021913
51	52	0.094734
51	53	0.03316
51	54	0.021368
51	55	0.022452
51	56	0.02025
51	57	0.013948
51	58	0.014419
51	59	0.013429
51	60	0.0056992
51	61	0.0028693
51	62	0.0018224
51	63	0.0044594
51	64	0.0017062
51	65	0.0021627
51	66	0.0011233
51	67	0.0018568
51	68	0.0020241
51	69	0.0018807
51	70	0.0017813
51	71	0.0057077
51	72	0.003393
51	73	0.0051308
51	74	0.0052422
51	75	0.0054638
51	76	0.0054201
51	77	0.0049112
51	78	0.0029519
51	79	0.0027659
51	80	0.00073292
51	81	0.0021399
51	82	0.0060353
51	83	0.0040744
51	84	0.0047365
51	85	0.007862
51	86	0.0052993
51	87	0.0045955
51	88	0.0047389
51	89	0.0060757
52	53	0.097684
52	54	0.038782
52	55	0.02617
52	56	0.019203
52	57	0.017194
52	58	0.01312
52	59	0.013265
52	60	0.007946
52	61	0.0044217
52	62	0.0033699
52	63	0.0038177
52	64	0.0021034
52	65	0.0029624
52	66	0.003462
52	67	0.00076304
52	68	0.0029113
52	69	0.0015457
52	70	0.0032941
52	71	0.0037695
52	72	0.0047929
52	73	0.005271
52	74	0.0049365
52	75	0.0056131
52	76	0.0031818
52	77	0.0045867
52	78	0.0030325
52	79	0.0021311
52	80	0.0018824
52	81	0.0017587
52	82	0.0025834
52	83	0.0011959
52	84	0.0077851
52	85	0.0034613
52	86	0.0040827
52	87	0.013218
52	88	0.0060844
52	89	0.0024963
53	54	0.16027
53	55	0.040101
53	56	0.023366
53	57	0.016789
53	58	0.013411
53	59	0.0084072
53	60	0.0074058
53	61	0.004121
53	62	0.0027918
53	63	0.0021349
53	64	0.0026138
53	65	0.0020707
53	66	0.0025095
53	67	0.00071115
53	68	0.0019381
53	69	0.0018007
53	70	0.0010234
53	71	0.0027325
53	72	0.0032488
53	73	0.0040939
53	74	0.0037645
53	75	0.0082832
53	76	0.0018534
53	77	0.0029924
53	78	0.0032302
53	79	0.0009931
53	80	0.0014035
53	81	0.0016391
53	82	0.0024078
53	83	0.0011146
53	84	0.001814
53	85	0.0053769
53	86	0.0038054
53	87	0.00528
53	88	0.0045372
53	89	0.0046537
54	55	0.088444
54	56	0.035454
54	57	0.016326
54	58	0.014065
54	59	0.0048493
54	60	0.0059068
54	61	0.0042859
54	62	0.0052885
54	63	0.0038062
54	64	0.0020388
54	65	0.0030765
54	66	0.003835
54	67	0.0025358
54	68	0.0017277
54	69	0.0025684
54	70	0.0021286
54	71	0.0024359
54	72	0.002172
54	73	0.0043792
54	74	0.0059656
54	75	0.003109
54	76	0.005287
54	77	0.0049539
54	78	0.0025195
54	79	0.0014755
54	80	0.0012511
54	81	0.0021917
54	82	0.0055804
54	83	0.0054647
54	84	0.0028298
54	85	0.0052721
54	86	0.0062186
54	87	0.0047063
54	88	0.0060659
54	89	0.0031108
55	56	0.15473
55	57	0.024327
55	58	0.02174
55	59	0.01443
55	60	0.0088464
55	61	0.0048253
55	62	0.001886
55	63	0.0046149
55	64	0.0028251
55	65	0.0018651
55	66	0.000775
55	67	0.00076867
55	68	0.00041896
55	69	0.00038927
55	70	0.0014748
55	71	0.0025314
55	72	0.0021944
55	73	0.0039818
55	74	0.00678
55	75	0.0051823
55	76	0.004807
55	77	0.0036957
55	78	0.0034908
55	79	0.0025043
55	80	0.00075842
55	81	0.0013286
55	82	0.0052038
55	83	0.0018068
55	84	0.00441
55	85	0.0069702
55	86	0.0089058
55	87	0.0038013
55	88	0.0073466
55	89	0.0075352
56	57	0.088755
56	58	0.039984
56	59	0.014139
56	60	0.0045594
56	61	0.0031247
56	62	0.0027217
56	63	0.00185
56	64	0.00084938
56	65	0.0026917
56	66	0.00046602
56	67	0
56	68	0.0025193
56	69	0.00093629
56	70	0.00044339
56	71	0.0015221
56	72	0.0047501
56	73	0.0069165
56	74	0.0070662
56	75	0.0079316
56	76	0.0043355
56	77	0.0022221
56	78	0.0047226
56	79	0.0034418
56	80	0.00091206
56	81	0.0026629
56	82	0.0037547
56	83	0.0036214
56	84	0.0058922
56	85	0.0090797
56	86	0.0074134
56	87	0.0091409
56	88	0.0044159
56	89	0.0045293
57	58	0.11842
57	59	0.035021
57	60	0.0093316
57	61	0.0044539
57	62	0.0017408
57	63	0.0014199
57	64	0.0019557
57	65	0.0013773
57	66	0
57	67	0.00035476
57	68	0.002707
57	69	0.0014372
57	70	0.00034031
57	71	0.0046728
57	72	0.0040508
57	73	0.0053083
57	74	0.0083432
57	75	0.009131
57	76	0.0077639
57	77	0.0055426
57	78	0.0040272
57	79	0.0026415
57	80	0.00245
57	81	0.0012263
57	82	0.0048026
57	83	0.0022235
57	84	0.0085916
57	85	0.0075037
57	86	0.0056887
57	87	0.0087673
57	88	0.010164
57	89	0.0092664
58	59	0.093827
58	60	0.021302
58	61	0.0070828
58	62	0.0032389
58	63	0.0025684
58	64	0.0040431
58	65	0.0028472
58	66	0.002588
58	67	0.0033002
58	68	0.0027981
58	69	0.0022284
58	70	0.0017588
58	71	0.0036228
58	72	0.008375
58	73	0.0080205
58	74	0.007763
58	75	0.0044952
58	76	0.008791
58	77	0.0048486
58	78	0.0066614
58	79	0.0023894
58	80	0.0032563
58	81	0.0021127
58	82	0.0039722
58	83	0.0040226
58	84	0.0070134
58	85	0.0066515
58	86	0.0065376
58	87	0.0072558
58	88	0
58	89	0.0071926
59	60	0.07962
59	61	0.010656
59	62	0.0049632
59	63	0.0064405
59	64	0.0046468
59	65	0.0031236
59	66	0.0032447
59	67	0.0027585
59	68	0.0025058
59	69	0
59	70	0.0035283
59	71	0.0085796
59	72	0.0094502
59	73	0.010585
59	74	0.00757
59	75	0.014653
59	76	0.0086257
59	77	0.0105
59	78	0.0067858
59	79	0.0029957
59	80	0.0013609
59	81	0.0031786
59	82	0.011205
59	83	0.0021614
59	84	0.0052757
59	85	0.015288
59	86	0.0065568
59	87	0.0045481
59	88	0.010256
59	89	0.010519
60	61	0.057732
60	62	0.0192
60	63	0.021751
60	64	0.010985
60	65	0.0066806
60	66	0.0062092
60	67	0.0065207
60	68	0.0059236
60	69	0.0069715
60	70	0.012859
60	71	0.013921
60	72	0.009517
60	73	0.0087602
60	74	0.012787
60	75	0.0053309
60	76	0.0079323
60	77	0.0087123
60	78	0.011109
60	79	0.0087699
60	80	0.0064353
60	81	0.0079331
60	82	0.015703
60	83	0.0079502
60	84	0.0078572
60	85	0.0054806
60	86	0.0071121
60	87	0.007178
60	88	0.001157
60	89	0.0011867
61	62	0.099912
61	63	0.058124
61	64	0.018767
61	65	0.015486
61	66	0.018661
61	67	0.015636
61	68	0.018785
61	69	0.012929
61	70	0.01439
61	71	0.012264
61	72	0.0058329
61	73	0.0051457
61	74	0.0056335
61	75	0.0043058
61	76	0.0063237
61	77	0.0069091
61	78	0.0061627
61	79	0.014859
61	80	0.011339
61	81	0.012875
61	82	0.0077832
61	83	0.0080055
61	84	0.0032587
61	85	0.0014494
61	86	0.0022803
61	87	0.0031653
61	88	0
61	89	0.0031417
62	63	0.084376
62	64	0.033075
62	65	0.024549
62	66	0.021577
62	67	0.020752
62	68	0.019442
62	69	0.021348
62	70	0.012756
62	71	0.0085456
62	72	0.0048159
62	73	0.002988
62	74	0.0053431
62	75	0.0023866
62	76	0.0047351
62	77	0.0042907
62	78	0.0069993
62	79	0.0093618
62	80	0.013443
62	81	0.013457
62	82	0.0065911
62	83	0.012711
62	84	0.0020698
62	85	0.002946
62	86	0.00057938
62	87	0.00080428
62	88	0.0010378
62	89	0
63	64	0.055602
63	65	0.027278
63	66	0.017668
63	67	0.014548
63	68	0.018022
63	69	0.016075
63	70	0.021255
63	71	0.012344
63	72	0.0086875
63	73	0.0064738
63	74	0.007004
63	75	0.0048667
63	76	0.0055174
63	77	0.0079538
63	78	0.013146
63	79	0.012316
63	80	0.010443
63	81	0.0087661
63	82	0.0094079
63	83	0.0062208
63	84	0.0054861
63	85	0.001001
63	86	0.0017716
63	87	0.0016394
63	88	0.0021149
63	89	0.0010846
64	65	0.087517
64	66	0.051117
64	67	0.040378
64	68	0.03806
64	69	0.03444
64	70	0.033206
64	71	0.014668
64	72	0.008324
64	73	0.0069937
64	74	0.0060743
64	75	0.0040965
64	76	0.0075996
64	77	0.0065733
64	78	0.0058632
64	79	0.011027
64	80	0.011387
64	81	0.013299
64	82	0.0069936
64	83	0.011425
64	84	0.0023253
64	85	0.0045967
64	86	0.0010848
64	87	0
64	88	0.00097147
64	89	0.0019928
65	66	0.087613
65	67	0.048098
65	68	0.052084
65	69	0.043846
65	70	0.029536
65	71	0.012324
65	72	0.010258
65	73	0.0044325
65	74	0.0037744
65	75	0.0043273
65	76	0.0063553
65	77	0.0027003
65	78	0.0036432
65	79	0.012543
65	80	0.011395
65	81	0.013308
65	82	0.0047802
65	83	0.015085
65	84	0.0040941
65	85	0.00048566
65	86	0.0040117
65	87	0.00079562
65	88	0.0010268
65	89	0.0021064
66	67	0.085935
66	68	0.058097
66	69	0.046557
66	70	0.027485
66	71	0.014265
66	72	0.0053279
66	73	0.0053719
66	74	0.0031367
66	75	0.0036778
66	76	0.0045171
66	77	0.0048087
66	78	0.0083259
66	79	0.0080662
66	80	0.010851
66	81	0.01344
66	82	0.0067714
66	83	0.012014
66	84	0.0038278
66	85	0.0015136
66	86	0.0017861
66	87	0.0024798
66	88	0
66	89	0.0010943
67	68	0.087154
67	69	0.046511
67	70	0.030747
67	71	0.015963
67	72	0.007549
67	73	0.0087531
67	74	0.0038888
67	75	0.0056743
67	76	0.0062032
67	77	0.0071541
67	78	0.0075071
67	79	0.010154
67	80	0.014023
67	81	0.012949
67	82	0.0062683
67	83	0.01347
67	84	0.005062
67	85	0.002502
67	86	0.0005905
67	87	0.00081981
67	88	0
67	89	0.0010853
68	69	0.080616
68	70	0.035246
68	71	0.018192
68	72	0.010698
68	73	0.0099566
68	74	0.0067827
68	75	0.0053019
68	76	0.0045081
68	77	0.0077986
68	78	0.0057284
68	79	0.011069
68	80	0.019553
68	81	0.013701
68	82	0.0034165
68	83	0.0096006
68	84	0.0059777
68	85	0.0010909
68	86	0.00064364
68	87	0.0053613
68	88	0.0011532
68	89	0.0011828
69	70	0.082512
69	71	0.019475
69	72	0.014145
69	73	0.0065528
69	74	0.006302
69	75	0.0036946
69	76	0.0087262
69	77	0.0056357
69	78	0.0041819
69	79	0.014959
69	80	0.018828
69	81	0.013116
69	82	0.0049883
69	83	0.016266
69	84	0.0034179
69	85	0.0030408
69	86	0.0029902
69	87	0.00083024
69	88	0.0010715
69	89	0
70	71	0.058126
70	72	0.030056
70	73	0.011318
70	74	0.007834
70	75	0.0085538
70	76	0.012563
70	77	0.010675
70	78	0.0072017
70	79	0.016236
70	80	0.019398
70	81	0.013154
70	82	0.0073015
70	83	0.010934
70	84	0.0052597
70	85	0.0014396
70	86	0.002831
70	87	0.0023577
70	88	0.0010139
70	89	0.0020799
71	72	0.12473
71	73	0.034258
71	74	0.014087
71	75	0.013347
71	76	0.014754
71	77	0.010471
71	78	0.016894
71	79	0.0084452
71	80	0.0082351
71	81	0.010872
71	82	0.021133
71	83	0.0079621
71	84	0.010647
71	85	0.0071361
71	86	0.003238
71	87	0.0026962
71	88	0.002318
71	89	0.0023776
72	73	0.075622
72	74	0.024423
72	75	0.021753
72	76	0.019283
72	77	0.0177
72	78	0.017575
72	79	0.011597
72	80	0.0078222
72	81	0.01131
72	82	0.012781
72	83	0.011241
72	84	0.0077038
72	85	0.0039963
72	86	0.0074081
72	87	0.005607
72	88	0
72	89	0.0098859
73	74	0.088181
73	75	0.036857
73	76	0.029752
73	77	0.021502
73	78	0.01642
73	79	0.010982
73	80	0.0048817
73	81	0.0030699
73	82	0.0077301
73	83	0.0035785
73	84	0.011647
73	85	0.0080544
73	86	0.0081428
73	87	0.0056485
73	88	0.010919
73	89	0.0024887
74	75	0.10772
74	76	0.040528
74	77	0.021967
74	78	0.018983
74	79	0.0090491
74	80	0.0053714
74	81	0.0080654
74	82	0.015268
74	83	0.0097497
74	84	0.0064443
74	85	0.0088138
74	86	0.0097014
74	87	0.0067284
74	88	0.0049528
74	89	0.01143
75	76	0.10772
75	77	0.028255
75	78	0.021167
75	79	0.014713
75	80	0.0031992
75	81	0.0046702
75	82	0.012621
75	83	0.0057161
75	84	0.011368
75	85	0.015925
75	86	0.010113
75	87	0.0070144
75	88	0.0051639
75	89	0.0066206
76	77	0.079116
76	78	0.0313
76	79	0.014114
76	80	0.011221
76	81	0.013899
76	82	0.010732
76	83	0.012961
76	84	0.010105
76	85	0.0062496
76	86	0.012284
76	87	0.011929
76	88	0.0043909
76	89	0.0045036
77	78	0.099265
77	79	0.026266
77	80	0.01294
77	81	0.011449
77	82	0.015066
77	83	0.0093418
77	84	0.016213
77	85	0.0090083
77	86	0.011332
77	87	0.0068771
77	88	0.0088592
77	89	0.0077885
78	79	0.060798
78	80	0.024814
78	81	0.025087
78	82	0.021347
78	83	0.021765
78	84	0.01723
78	85	0.011348
78	86	0.012715
78	87	0.0064988
78	88	0.0011963
78	89	0.0085895
79	80	0.081072
79	81	0.078014
79	82	0.028338
79	83	0.031348
79	84	0.014913
79	85	0.0097716
79	86	0.0054887
79	87	0.0045695
79	88	0.0019634
79	89	0.0020138
80	81	0.13606
80	82	0.01546
80	83	0.045496
80	84	0.0099847
80	85	0.0034531
80	86	0.0052373
80	87	0.0040376
80	88	0.0020822
80	89	0.0021357
81	82	0.040754
81	83	0.044178
81	84	0.011175
81	85	0.0028805
81	86	0.0067961
81	87	0.0037723
81	88	0
81	89	0.0024943
82	83	0.063841
82	84	0.059351
82	85	0.023675
82	86	0.017549
82	87	0.014384
82	88	0.0085507
82	89	0.010232
83	84	0.063422
83	85	0.010182
83	86	0.010162
83	87	0.0064084
83	88	0.0049554
83	89	0.0033884
84	85	0.095452
84	86	0.038258
84	87	0.027039
84	88	0.012041
84	89	0.0068614
85	86	0.10209
85	87	0.036897
85	88	0.014219
85	89	0.021065
86	87	0.15347
86	88	0.03158
86	89	0.024768
87	88	0.11289
87	89	0.042104
88	89	0.22159
