1	2	0.113
1	3	0
1	4	0.0052476
1	5	0.0035754
1	6	0.0077113
1	7	0.0078238
1	8	0.012622
1	9	0.0055158
1	10	0.028389
1	11	0.015727
1	12	0.0095789
1	13	0.0018917
1	14	0.0020589
1	15	0.0066689
1	16	0.010404
1	17	0.011654
1	18	0.0099473
1	19	0.0051484
1	20	0.0068373
1	21	0.0059167
1	22	0.0061737
1	23	0.0020466
1	24	0.0020259
1	25	0.005669
1	26	0.0041685
1	27	0
1	28	0.001831
1	29	0.013518
1	30	0.009532
1	31	0.010838
1	32	0
1	33	0
1	34	0.0057934
1	35	0.0028348
1	36	0
2	3	0.050191
2	4	0
2	5	0.014213
2	6	0.01226
2	7	0.0093291
2	8	0.020066
2	9	0.014615
2	10	0.00967
2	11	0.011115
2	12	0.015232
2	13	0.0030093
2	14	0.0065514
2	15	0.010609
2	16	0.0027578
2	17	0.021177
2	18	0.01898
2	19	0.0027302
2	20	0.010877
2	21	0.0031375
2	22	0
2	23	0
2	24	0
2	25	0
2	26	0
2	27	0
2	28	0
2	29	0.0030714
2	30	0.018187
2	31	0.0034468
2	32	0
2	33	0
2	34	0
2	35	0
2	36	0
3	4	0.031523
3	5	0.0071597
3	6	0.015442
3	7	0.0235
3	8	0.014442
3	9	0.02209
3	10	0.024362
3	11	0
3	12	0.015346
3	13	0.0075771
3	14	0
3	15	0
3	16	0.01389
3	17	0.013335
3	18	0.015936
3	19	0.006874
3	20	0
3	21	0.0078997
3	22	0.016485
3	23	0
3	24	0
3	25	0.0075693
3	26	0
3	27	0
3	28	0.0073339
3	29	0
3	30	0.0076351
3	31	0
3	32	0
3	33	0
3	34	0
3	35	0
3	36	0
4	5	0.17107
4	6	0.08554
4	7	0.038922
4	8	0.017121
4	9	0.010135
4	10	0.0080871
4	11	0.0090706
4	12	0.0052689
4	13	0.0092088
4	14	0.011262
4	15	0.010142
4	16	0.018503
4	17	0.0091649
4	18	0.0066913
4	19	0.01722
4	20	0.0083198
4	21	0.011997
4	22	0.01065
4	23	0.0062103
4	24	0.014136
4	25	0.0091817
4	26	0.0050577
4	27	0.0071319
4	28	0.010574
4	29	0.010008
4	30	0.011663
4	31	0.0086072
4	32	0.0094534
4	33	0.0092373
4	34	0.0080548
4	35	0.0043768
4	36	0.0053145
5	6	0.10228
5	7	0.050893
5	8	0.02516
5	9	0.019909
5	10	0.014382
5	11	0.014148
5	12	0.010747
5	13	0.014868
5	14	0.014461
5	15	0.016892
5	16	0.015095
5	17	0.0093469
5	18	0.0070309
5	19	0.01277
5	20	0.016614
5	21	0.01468
5	22	0.012776
5	23	0.0097093
5	24	0.0079377
5	25	0.0074118
5	26	0.0055867
5	27	0.0083736
5	28	0.01135
5	29	0.010006
5	30	0.013084
5	31	0.0099032
5	32	0.0080348
5	33	0.0025127
5	34	0.0030434
5	35	0.0041673
5	36	0.0043371
6	7	0.10152
6	8	0.032427
6	9	0.024382
6	10	0.015524
6	11	0.019187
6	12	0.021912
6	13	0.019007
6	14	0.019284
6	15	0.016002
6	16	0.015519
6	17	0.013826
6	18	0.014732
6	19	0.011871
6	20	0.011066
6	21	0.017168
6	22	0.013792
6	23	0.0077472
6	24	0.006314
6	25	0.01137
6	26	0.0069589
6	27	0.0066608
6	28	0.011027
6	29	0.010369
6	30	0.012411
6	31	0.010204
6	32	0.0040473
6	33	0.001356
6	34	0.0026278
6	35	0.0019276
6	36	0.008582
7	8	0.085578
7	9	0.04027
7	10	0.033368
7	11	0.029811
7	12	0.023114
7	13	0.027011
7	14	0.019575
7	15	0.020021
7	16	0.020872
7	17	0.021241
7	18	0.020845
7	19	0.012439
7	20	0.016269
7	21	0.012958
7	22	0.0126
7	23	0.0037008
7	24	0.0045781
7	25	0.007267
7	26	0.0065931
7	27	0.0057955
7	28	0.0078768
7	29	0.013157
7	30	0.018245
7	31	0.017263
7	32	0.004695
7	33	0.0013764
7	34	0.0013336
7	35	0.0019565
7	36	0.0047513
8	9	0.095174
8	10	0.069244
8	11	0.049858
8	12	0.044649
8	13	0.037963
8	14	0.029662
8	15	0.023692
8	16	0.021431
8	17	0.020291
8	18	0.018808
8	19	0.011831
8	20	0.017506
8	21	0.014837
8	22	0.0090388
8	23	0.006827
8	24	0.0054895
8	25	0.0047314
8	26	0.0039094
8	27	0.0022273
8	28	0.0095596
8	29	0.012135
8	30	0.015225
8	31	0.010008
8	32	0.003789
8	33	0.0019041
8	34	0.0024598
8	35	0.0030073
8	36	0.0036516
9	10	0.12507
9	11	0.062046
9	12	0.051263
9	13	0.037092
9	14	0.026297
9	15	0.021668
9	16	0.02296
9	17	0.01712
9	18	0.015767
9	19	0.0076761
9	20	0.01202
9	21	0.015127
9	22	0.0057048
9	23	0.0021751
9	24	0.0047357
9	25	0.0044218
9	26	0.0039858
9	27	0.0031792
9	28	0.0035087
9	29	0.006186
9	30	0.01634
9	31	0.0083485
9	32	0.0022074
9	33	0.0012942
9	34	0
9	35	0.0036793
9	36	0.0052123
10	11	0.10655
10	12	0.061169
10	13	0.03564
10	14	0.027121
10	15	0.017663
10	16	0.025779
10	17	0.022068
10	18	0.019774
10	19	0.013329
10	20	0.015295
10	21	0.010679
10	22	0.0072733
10	23	0.0028843
10	24	0.0057089
10	25	0.0035536
10	26	0.0029363
10	27	0.0070263
10	28	0.0038771
10	29	0.0072907
10	30	0.015796
10	31	0.0087115
10	32	0.0036581
10	33	0
10	34	0.0027702
10	35	0.0013547
10	36	0.0049351
11	12	0.12007
11	13	0.068748
11	14	0.036951
11	15	0.018508
11	16	0.018244
11	17	0.028388
11	18	0.020995
11	19	0.0076178
11	20	0.020359
11	21	0.015524
11	22	0.0074829
11	23	0.0045326
11	24	0.0061168
11	25	0.0053309
11	26	0.0025168
11	27	0.0034415
11	28	0.0059087
11	29	0.0089863
11	30	0.012773
11	31	0.0092283
11	32	0.0036606
11	33	0.0012267
11	34	0.001783
11	35	0.0034877
11	36	0.0070578
12	13	0.091361
12	14	0.049202
12	15	0.01957
12	16	0.028873
12	17	0.024845
12	18	0.020379
12	19	0.010259
12	20	0.021203
12	21	0.0091724
12	22	0.0059301
12	23	0.0045216
12	24	0.0062646
12	25	0.0058496
12	26	0.0032221
12	27	0.0033043
12	28	0.0072941
12	29	0.0090029
12	30	0.016138
12	31	0.011572
12	32	0.0022951
12	33	0.00067291
12	34	0.0026081
12	35	0.0019132
12	36	0.002323
13	14	0.11102
13	15	0.051161
13	16	0.028756
13	17	0.019319
13	18	0.021339
13	19	0.012321
13	20	0.01786
13	21	0.014593
13	22	0.0085174
13	23	0.0035541
13	24	0.0048362
13	25	0.00739
13	26	0.0045225
13	27	0.006957
13	28	0.005973
13	29	0.0092696
13	30	0.011272
13	31	0.0066353
13	32	0.0028205
13	33	0.0039706
13	34	0.0032068
13	35	0.0037636
13	36	0.0076157
14	15	0.097417
14	16	0.046064
14	17	0.02853
14	18	0.020356
14	19	0.021915
14	20	0.014155
14	21	0.014929
14	22	0.01072
14	23	0.0048288
14	24	0.0086017
14	25	0.011602
14	26	0.0044241
14	27	0.004537
14	28	0.01385
14	29	0.010992
14	30	0.0095305
14	31	0.010304
14	32	0.0042926
14	33	0.0064751
14	34	0.0034866
14	35	0.004092
14	36	0.004968
15	16	0.075005
15	17	0.019912
15	18	0.01458
15	19	0.032566
15	20	0.015079
15	21	0.017395
15	22	0.011849
15	23	0.011351
15	24	0.010071
15	25	0.0097662
15	26	0.013547
15	27	0.011441
15	28	0.01298
15	29	0.013364
15	30	0.0058852
15	31	0.0087691
15	32	0.0084491
15	33	0.009329
15	34	0.0033906
15	35	0.0071848
15	36	0.011407
16	17	0.084714
16	18	0.055604
16	19	0.034645
16	20	0.025638
16	21	0.025237
16	22	0.014414
16	23	0.0073473
16	24	0.0080791
16	25	0.0082985
16	26	0.0049864
16	27	0.0076705
16	28	0.013536
16	29	0.011225
16	30	0.018791
16	31	0.014803
16	32	0.0031088
16	33	0.0030388
16	34	0.0053007
16	35	0.0040322
16	36	0.0027976
17	18	0.12908
17	19	0.033378
17	20	0.041495
17	21	0.028113
17	22	0.011109
17	23	0.0027531
17	24	0.0042814
17	25	0.007632
17	26	0.006406
17	27	0.0045166
17	28	0.010926
17	29	0.012305
17	30	0.025486
17	31	0.011323
17	32	0.0024951
17	33	0.0005852
17	34	0
17	35	0.0055459
17	36	0.0047138
18	19	0.056854
18	20	0.049574
18	21	0.029955
18	22	0.017538
18	23	0.0046986
18	24	0.0065098
18	25	0.0078152
18	26	0.0076531
18	27	0.0034337
18	28	0.010106
18	29	0.010691
18	30	0.022947
18	31	0.014028
18	32	0.0017886
18	33	0.0013983
18	34	0.0033873
18	35	0.0019878
18	36	0.0048272
19	20	0.090739
19	21	0.050196
19	22	0.032513
19	23	0.022151
19	24	0.017139
19	25	0.010421
19	26	0.01845
19	27	0.016819
19	28	0.014079
19	29	0.01528
19	30	0.010977
19	31	0.012891
19	32	0.013297
19	33	0.0084
19	34	0.0034892
19	35	0.0068249
19	36	0.0062145
20	21	0.11323
20	22	0.03402
20	23	0.0096329
20	24	0.0087385
20	25	0.015208
20	26	0.0081718
20	27	0.0050282
20	28	0.01439
20	29	0.017891
20	30	0.027534
20	31	0.017128
20	32	0.0061157
20	33	0.0035873
20	34	0.0040562
20	35	0.0022669
20	36	0.0027522
21	22	0.08176
21	23	0.024076
21	24	0.016953
21	25	0.014976
21	26	0.016025
21	27	0.0096673
21	28	0.016185
21	29	0.01537
21	30	0.022191
21	31	0.024204
21	32	0.007643
21	33	0.0034486
21	34	0.0040109
21	35	0.0039227
21	36	0.0055563
22	23	0.091881
22	24	0.044507
22	25	0.029942
22	26	0.031506
22	27	0.018175
22	28	0.022539
22	29	0.023848
22	30	0.018176
22	31	0.019087
22	32	0.0079818
22	33	0.0079228
22	34	0.011169
22	35	0.008875
22	36	0.0099465
23	24	0.10622
23	25	0.033656
23	26	0.039024
23	27	0.040521
23	28	0.024054
23	29	0.016364
23	30	0.0067567
23	31	0.010738
23	32	0.024347
23	33	0.019997
23	34	0.012461
23	35	0.012186
23	36	0.011507
24	25	0.092909
24	26	0.062756
24	27	0.033169
24	28	0.025929
24	29	0.013945
24	30	0.0084698
24	31	0.0080967
24	32	0.013252
24	33	0.014136
24	34	0.016443
24	35	0.013401
24	36	0.012202
25	26	0.1402
25	27	0.036985
25	28	0.034931
25	29	0.024363
25	30	0.012487
25	31	0.014648
25	32	0.012936
25	33	0.011218
25	34	0.0038377
25	35	0.010009
25	36	0.009873
26	27	0.1156
26	28	0.03979
26	29	0.027301
26	30	0.0096297
26	31	0.014055
26	32	0.01797
26	33	0.010179
26	34	0.011981
26	35	0.011028
26	36	0.0092046
27	28	0.10134
27	29	0.031795
27	30	0.0098755
27	31	0.019752
27	32	0.022876
27	33	0.02386
27	34	0.015178
27	35	0.012016
27	36	0.0077232
28	29	0.095739
28	30	0.026239
28	31	0.032537
28	32	0.021273
28	33	0.0083192
28	34	0.007443
28	35	0.011526
28	36	0.011784
29	30	0.07687
29	31	0.07321
29	32	0.023657
29	33	0.013536
29	34	0.0072147
29	35	0.018603
29	36	0.023365
30	31	0.1316
30	32	0.014288
30	33	0.0046915
30	34	0.0045458
30	35	0.012068
30	36	0.01234
31	32	0.10058
31	33	0.018265
31	34	0.022124
31	35	0.012983
31	36	0.019267
32	33	0.12946
32	34	0.049119
32	35	0.031742
32	36	0.034377
33	34	0.13774
33	35	0.05228
33	36	0.028081
34	35	0.1334
34	36	0.093422
35	36	0.17697
