1	2	0.16569
1	3	0.035795
1	4	0.031611
1	5	0.016387
1	6	0.0081379
1	7	0.0023429
1	8	0.0032691
1	9	0.006438
1	10	0.0075126
1	11	0.0037623
1	12	0.0032089
1	13	0.0012493
1	14	0.0022178
1	15	0.0028767
1	16	0.0020153
1	17	0.0047538
1	18	0.0057799
1	19	0
1	20	0.0025093
1	21	0.0053235
1	22	0.0070315
1	23	0.0064892
1	24	0.0081106
1	25	0.0086276
1	26	0.0033017
1	27	0.0024444
1	28	0.0014213
1	29	0.0052587
1	30	0.0094786
1	31	0.0044346
1	32	0.0092008
1	33	0.0075548
1	34	0.0059213
1	35	0
1	36	0.0048395
1	37	0.0060808
1	38	0.0021781
1	39	0.0011468
1	40	0.0027782
1	41	0.0032987
1	42	0.0010622
1	43	0.0020032
1	44	0.0010662
1	45	0.0010864
1	46	0.0043957
1	47	0.0081489
1	48	0.0015397
1	49	0.0065291
1	50	0.0010784
1	51	0
1	52	0.0010216
1	53	0
1	54	0.0022136
1	55	0
1	56	0.0010715
1	57	0.0026941
1	58	0.01059
1	59	0.0054805
1	60	0.0056837
1	61	0
1	62	0.0044834
1	63	0
1	64	0
1	65	0.0028274
1	66	0
1	67	0.0030226
1	68	0
1	69	0.0023177
1	70	0.0010648
1	71	0.0035849
1	72	0.0023357
1	73	0
1	74	0.0027675
1	75	0.0033223
1	76	0.0016651
1	77	0.0044545
1	78	0.013958
1	79	0.0023278
1	80	0.014772
2	3	0.13705
2	4	0.029677
2	5	0.029077
2	6	0.0025508
2	7	0.0011017
2	8	0.0030746
2	9	0.0024216
2	10	0.0023546
2	11	0.0094316
2	12	0.010556
2	13	0.002349
2	14	0.0020852
2	15	0.0054082
2	16	0.0056819
2	17	0
2	18	0.005433
2	19	0.0068637
2	20	0
2	21	0.0012511
2	22	0.0033042
2	23	0.0036595
2	24	0.0012706
2	25	0.0023173
2	26	0.0031044
2	27	0.0045968
2	28	0.0053435
2	29	0.0098761
2	30	0.013324
2	31	0.014565
2	32	0.0051878
2	33	0.0035488
2	34	0
2	35	0.0014115
2	36	0.0045459
2	37	0
2	38	0.0010247
2	39	0.0021581
2	40	0.002614
2	41	0.0010347
2	42	0
2	43	0.00094264
2	44	0.0020069
2	45	0
2	46	0.0010342
2	47	0.005475
2	48	0.0014486
2	49	0.0010242
2	50	0
2	51	0
2	52	0.00096153
2	53	0
2	54	0.0010419
2	55	0.0009166
2	56	0
2	57	0.0025339
2	58	0.0085326
2	59	0.0064409
2	60	0.0053441
2	61	0
2	62	0
2	63	0
2	64	0.0010393
2	65	0
2	66	0
2	67	0.00094845
2	68	0
2	69	0.0010909
2	70	0
2	71	0.0011246
2	72	0
2	73	0.00094052
2	74	0.0026036
2	75	0
2	76	0.0046961
2	77	0.0013959
2	78	0.0078691
2	79	0.0065516
2	80	0.011082
3	4	0.073625
3	5	0.029777
3	6	0.0065231
3	7	0.0011268
3	8	0.0010481
3	9	0.0012385
3	10	0.0024088
3	11	0.0084442
3	12	0.012347
3	13	0.0048066
3	14	0.0085332
3	15	0.0041507
3	16	0.009693
3	17	0.0045728
3	18	0.0033359
3	19	0
3	20	0.0048275
3	21	0.0025604
3	22	0.010146
3	23	0.0037453
3	24	0.0039009
3	25	0.0011856
3	26	0.0031759
3	27	0.0035269
3	28	0.0041014
3	29	0.0075883
3	30	0.0045602
3	31	0.014932
3	32	0
3	33	0
3	34	0
3	35	0
3	36	0
3	37	0.0035092
3	38	0.0010475
3	39	0.0022059
3	40	0.0013361
3	41	0.0010576
3	42	0.0010216
3	43	0.0019266
3	44	0.002051
3	45	0.0020897
3	46	0.0031708
3	47	0.0033591
3	48	0.0014809
3	49	0
3	50	0.0031115
3	51	0.00094209
3	52	0.00098252
3	53	0
3	54	0.0010645
3	55	0
3	56	0.0010305
3	57	0.0090698
3	58	0.010187
3	59	0.0052716
3	60	0.0091119
3	61	0.0023574
3	62	0.0021561
3	63	0.0022243
3	64	0
3	65	0.0027194
3	66	0
3	67	0
3	68	0
3	69	0
3	70	0
3	71	0.0022987
3	72	0.0011233
3	73	0
3	74	0.0026619
3	75	0.0063913
3	76	0.0016017
3	77	0.0014283
3	78	0.0053707
3	79	0.0067188
3	80	0.031268
4	5	0.12728
4	6	0.012985
4	7	0.0068503
4	8	0.0063723
4	9	0.0082182
4	10	0.0086595
4	11	0.014019
4	12	0.021364
4	13	0.0073133
4	14	0.0059007
4	15	0.012254
4	16	0.0096646
4	17	0.0063307
4	18	0.0030779
4	19	0.0038892
4	20	0.0053436
4	21	0.0049594
4	22	0.0065557
4	23	0.010369
4	24	0.0071989
4	25	0.0052493
4	26	0.0011712
4	27	0.0039015
4	28	0.006056
4	29	0.011236
4	30	0.0050952
4	31	0.013056
4	32	0.0068649
4	33	0.0020148
4	34	0
4	35	0.00079877
4	36	0
4	37	0.0038754
4	38	0.0011563
4	39	0.0024346
4	40	0.0022125
4	41	0.0023338
4	42	0.0011269
4	43	0.0021252
4	44	0.00056565
4	45	0.0011524
4	46	0.0023321
4	47	0.0074232
4	48	0.0065408
4	49	0.0028858
4	50	0.0011435
4	51	0.00051928
4	52	0
4	53	0.00057725
4	54	0.0017604
4	55	0.0015487
4	56	0
4	57	0.0064443
4	58	0.0096683
4	59	0.0036454
4	60	0.004032
4	61	0.0026027
4	62	0.00357
4	63	0.001227
4	64	0.0017571
4	65	0.0045015
4	66	0.002593
4	67	0.0016023
4	68	0.0012847
4	69	0.00061435
4	70	0.00056447
4	71	0.00063396
4	72	0.003099
4	73	0.0010606
4	74	0.0036749
4	75	0.0061841
4	76	0.0044317
4	77	0.0031618
4	78	0.0059533
4	79	0.0049883
4	80	0.0079243
5	6	0.03381
5	7	0.017645
5	8	0.0082069
5	9	0.024634
5	10	0.014523
5	11	0.017471
5	12	0.013049
5	13	0.0065239
5	14	0.0090063
5	15	0.0066821
5	16	0.012886
5	17	0.0069053
5	18	0.0087275
5	19	0.0084838
5	20	0.0080121
5	21	0.0092706
5	22	0.0091945
5	23	0.0098022
5	24	0.011777
5	25	0.0078709
5	26	0.0063839
5	27	0.0035443
5	28	0.012385
5	29	0.0092035
5	30	0.0083707
5	31	0.012975
5	32	0.0096294
5	33	0
5	34	0.0034413
5	35	0.0026125
5	36	0.0056386
5	37	0.0077392
5	38	0.0056666
5	39	0.0079535
5	40	0.012048
5	41	0.0031763
5	42	0
5	43	0.0046273
5	44	0.0036951
5	45	0.0031362
5	46	0.0031739
5	47	0.0094358
5	48	0.0062337
5	49	0.0025132
5	50	0.0024894
5	51	0
5	52	0.0011793
5	53	0.00062832
5	54	0
5	55	0.0022475
5	56	0.00061861
5	57	0.010143
5	58	0.0070296
5	59	0.0031795
5	60	0.0021978
5	61	0.0028347
5	62	0.0032399
5	63	0.0040076
5	64	0.0044631
5	65	0.0049017
5	66	0.0035279
5	67	0.0029064
5	68	0.0027965
5	69	0.0013373
5	70	0.0024574
5	71	0.0020706
5	72	0.0060742
5	73	0.0023097
5	74	0.0024019
5	75	0.0067404
5	76	0.0048323
5	77	0.0017239
5	78	0.0064961
5	79	0.0040913
5	80	0.0086711
6	7	0.13491
6	8	0.066252
6	9	0.049673
6	10	0.018257
6	11	0.0086176
6	12	0.0034498
6	13	0.0091156
6	14	0.017129
6	15	0.0061814
6	16	0.0034698
6	17	0.011247
6	18	0.014906
6	19	0.0062797
6	20	0.0064673
6	21	0.0080025
6	22	0.0060511
6	23	0.003349
6	24	0.0046489
6	25	0.0052946
6	26	0.010859
6	27	0.014678
6	28	0.0061119
6	29	0.0022764
6	30	0
6	31	0.0028936
6	32	0.017433
6	33	0.011408
6	34	0.022932
6	35	0.016101
6	36	0.0041806
6	37	0.0046758
6	38	0.0051124
6	39	0.0039132
6	40	0.0041507
6	41	0.0065623
6	42	0.006787
6	43	0.0085336
6	44	0.005452
6	45	0.007865
6	46	0.0051515
6	47	0.0044813
6	48	0.0072326
6	49	0.0074149
6	50	0.0064246
6	51	0.0054171
6	52	0.0056532
6	53	0.0046334
6	54	0.01036
6	55	0.007043
6	56	0.0045626
6	57	0.0028829
6	58	0.0013007
6	59	0.0023517
6	60	0.0032507
6	61	0.0015696
6	62	0.0028697
6	63	0.0029568
6	64	0.0028216
6	65	0.0012058
6	66	0.0020811
6	67	0.0017142
6	68	0.0056698
6	69	0.0049298
6	70	0.0045293
6	71	0.0015276
6	72	0.0019923
6	73	0.0051127
6	74	0.0035475
6	75	0.0014237
6	76	0.0035752
6	77	0.0031887
6	78	0
6	79	0.0010144
6	80	0
7	8	0.11713
7	9	0.056189
7	10	0.023165
7	11	0.0097595
7	12	0.0053584
7	13	0.011104
7	14	0.012316
7	15	0.0080008
7	16	0.0022457
7	17	0.0070582
7	18	0.011576
7	19	0.0013547
7	20	0.0079057
7	21	0.0064119
7	22	0.0045691
7	23	0.0052983
7	24	0.0015043
7	25	0.0054822
7	26	0.0077399
7	27	0.01176
7	28	0.0068563
7	29	0.0029476
7	30	0.001798
7	31	0.0016656
7	32	0.010257
7	33	0.0098456
7	34	0.021988
7	35	0.016671
7	36	0.0036084
7	37	0.0053779
7	38	0.0064143
7	39	0.0080165
7	40	0.0071606
7	41	0.0076816
7	42	0.007805
7	43	0.0077281
7	44	0.0047023
7	45	0.0099756
7	46	0.0024236
7	47	0.0017182
7	48	0.0017015
7	49	0.0047964
7	50	0.0098944
7	51	0.012578
7	52	0.007501
7	53	0.0095904
7	54	0.0089346
7	55	0.0078606
7	56	0.0086573
7	57	0.0014923
7	58	0.0011224
7	59	0
7	60	0
7	61	0.0004513
7	62	0.00082511
7	63	0.0025502
7	64	0.0044616
7	65	0.0026001
7	66	0.0040384
7	67	0.0029567
7	68	0.0013336
7	69	0.0051019
7	70	0.0039062
7	71	0.0017567
7	72	0.0034369
7	73	0.0025724
7	74	0.0020401
7	75	0.0024567
7	76	0.0030849
7	77	0.0011006
7	78	0.0041534
7	79	0.00087597
7	80	0
8	9	0.08505
8	10	0.028876
8	11	0.0099434
8	12	0.0044308
8	13	0.0073166
8	14	0.020241
8	15	0.0069466
8	16	0.0062673
8	17	0.0073866
8	18	0.01356
8	19	0.0037807
8	20	0.0060564
8	21	0.0064234
8	22	0.0012144
8	23	0.0044806
8	24	0.0023323
8	25	0.0038249
8	26	0.01099
8	27	0.01094
8	28	0.0068686
8	29	0.00091399
8	30	0
8	31	0
8	32	0.012086
8	33	0.015701
8	34	0.024545
8	35	0.024296
8	36	0.011748
8	37	0.0062535
8	38	0.0033564
8	39	0.0058875
8	40	0.0052339
8	41	0.0090264
8	42	0.0079868
8	43	0.0061622
8	44	0.0040099
8	45	0.0063104
8	46	0.0060122
8	47	0.0015984
8	48	0.0010552
8	49	0.0078083
8	50	0.0073636
8	51	0.0093607
8	52	0.0076757
8	53	0.010037
8	54	0.010578
8	55	0.011966
8	56	0.0095179
8	57	0.0018509
8	58	0.00052205
8	59	0.0014157
8	60	0.00065228
8	61	0.0041983
8	62	0.0011513
8	63	0.0047448
8	64	0.0037731
8	65	0.0029025
8	66	0.0020871
8	67	0.0017191
8	68	0.0041352
8	69	0.0055372
8	70	0.0036338
8	71	0.0053112
8	72	0.0043961
8	73	0.0037605
8	74	0
8	75	0.0022854
8	76	0.00057394
8	77	0.0020476
8	78	0.00096592
8	79	0.00081484
8	80	0
9	10	0.076983
9	11	0.037841
9	12	0.014411
9	13	0.011709
9	14	0.02078
9	15	0.012324
9	16	0.0074121
9	17	0.011648
9	18	0.011793
9	19	0.010434
9	20	0.010745
9	21	0.0065123
9	22	0.0035906
9	23	0.0031796
9	24	0.0060689
9	25	0.0045241
9	26	0.0058273
9	27	0.013438
9	28	0.0092843
9	29	0.0032418
9	30	0.0019759
9	31	0.0064098
9	32	0.013542
9	33	0.01083
9	34	0.0072572
9	35	0.015287
9	36	0.0039691
9	37	0.0083855
9	38	0.0057365
9	39	0.0046443
9	40	0.0039409
9	41	0.0075657
9	42	0.0060144
9	43	0.0040511
9	44	0.0069018
9	45	0.0070282
9	46	0.0035572
9	47	0.0042547
9	48	0.0043699
9	49	0.0048401
9	50	0.0065356
9	51	0.0027695
9	52	0.0045417
9	53	0.0065988
9	54	0.0080478
9	55	0.0035402
9	56	0.0077976
9	57	0.003832
9	58	0.0012349
9	59	0.0016746
9	60	0
9	61	0.001987
9	62	0.0045411
9	63	0.0060825
9	64	0.002679
9	65	0.0017172
9	66	0.0044459
9	67	0.0016276
9	68	0.0058726
9	69	0.0037445
9	70	0.0034403
9	71	0.0029007
9	72	0.0018916
9	73	0.0052588
9	74	0.0044908
9	75	0.0027035
9	76	0.0040732
9	77	0
9	78	0.0011423
9	79	0.0019261
9	80	0.003678
10	11	0.15472
10	12	0.024216
10	13	0.019812
10	14	0.025052
10	15	0.014274
10	16	0.0096142
10	17	0.010388
10	18	0.013768
10	19	0.0043501
10	20	0.0079649
10	21	0.015311
10	22	0.0034931
10	23	0.0072176
10	24	0.0085878
10	25	0.0058685
10	26	0.0065417
10	27	0.014043
10	28	0.0090322
10	29	0.0052555
10	30	0
10	31	0.0026717
10	32	0.0073186
10	33	0.0045152
10	34	0
10	35	0.0053543
10	36	0.0038609
10	37	0.0057594
10	38	0.0060112
10	39	0.0058748
10	40	0.0032868
10	41	0.0056297
10	42	0.0045984
10	43	0.0047305
10	44	0.0020988
10	45	0.0047019
10	46	0.0030287
10	47	0.0050597
10	48	0.0048594
10	49	0.0034253
10	50	0.0042399
10	51	0.00462
10	52	0.0020089
10	53	0.0025685
10	54	0.0017403
10	55	0.003445
10	56	0.0021077
10	57	0.0063916
10	58	0.0018021
10	59	0.0016292
10	60	0.002252
10	61	0.0033834
10	62	0.0026512
10	63	0.0036423
10	64	0.0026069
10	65	0.0027849
10	66	0.0024035
10	67	0.0035636
10	68	0.00095246
10	69	0.0022774
10	70	0.0025109
10	71	0.0018818
10	72	0.0023008
10	73	0.0043299
10	74	0.0038234
10	75	0.004603
10	76	0.0026419
10	77	0.0058907
10	78	0
10	79	0.00093657
10	80	0.0011922
11	12	0.11055
11	13	0.031791
11	14	0.018514
11	15	0.019467
11	16	0.017674
11	17	0.011363
11	18	0.0073636
11	19	0.0087246
11	20	0.012481
11	21	0.0058244
11	22	0.0042032
11	23	0.0036189
11	24	0.0048442
11	25	0.0058853
11	26	0.0061236
11	27	0.0038854
11	28	0.0073591
11	29	0.0084283
11	30	0.0019237
11	31	0.0080309
11	32	0.008806
11	33	0.0015089
11	34	0.0023598
11	35	0.0029834
11	36	0.0019352
11	37	0.0057782
11	38	0.0038772
11	39	0.0045343
11	40	0.0049465
11	41	0.0047798
11	42	0.00083896
11	43	0.0067247
11	44	0.0025272
11	45	0.0034314
11	46	0.0043415
11	47	0.00646
11	48	0.0048754
11	49	0.0017186
11	50	0.00085098
11	51	0.0015455
11	52	0.0016127
11	53	0.0012888
11	54	0
11	55	0.00076827
11	56	0.0025381
11	57	0.00374
11	58	0.0018072
11	59	0.0038126
11	60	0.0022587
11	61	0.0033946
11	62	0.0017733
11	63	0.0022842
11	64	0.003924
11	65	0.0022355
11	66	0.0028944
11	67	0.0023842
11	68	0.0047792
11	69	0.0031997
11	70	0.0033598
11	71	0.0028323
11	72	0.0023085
11	73	0.0019748
11	74	0.0027399
11	75	0.0052766
11	76	0.00066237
11	77	0.0017723
11	78	0.0033424
11	79	0.00093832
11	80	0.0035826
12	13	0.071262
12	14	0.024844
12	15	0.024933
12	16	0.024692
12	17	0.0060638
12	18	0.0064839
12	19	0.0074494
12	20	0.0076732
12	21	0.0074602
12	22	0.0044859
12	23	0.0072832
12	24	0.01103
12	25	0.0081662
12	26	0.0044823
12	27	0.0018664
12	28	0.0094251
12	29	0.01079
12	30	0.0024606
12	31	0.0079942
12	32	0.0065784
12	33	0
12	34	0.0060443
12	35	0
12	36	0.0024778
12	37	0.0080203
12	38	0.003312
12	39	0.00058102
12	40	0.0049296
12	41	0.0038978
12	42	0.00053756
12	43	0.0010138
12	44	0.0037782
12	45	0.0021987
12	46	0.0022254
12	47	0.013006
12	48	0.0078085
12	49	0.0011012
12	50	0
12	51	0.0014855
12	52	0.0025835
12	53	0
12	54	0.0016787
12	55	0.00049231
12	56	0.0016263
12	57	0.0082138
12	58	0.0038576
12	59	0.004186
12	60	0.0038577
12	61	0.0024854
12	62	0.0039765
12	63	0.0023417
12	64	0.0016762
12	65	0.0021484
12	66	0.0024729
12	67	0.0025464
12	68	0.001225
12	69	0.0011717
12	70	0.0010765
12	71	0.00060493
12	72	0.0035498
12	73	0.0015184
12	74	0.00070209
12	75	0.0042246
12	76	0.004242
12	77	0.0052967
12	78	0.0014267
12	79	0.0012008
12	80	0.0030558
13	14	0.11015
13	15	0.063277
13	16	0.018398
13	17	0.020742
13	18	0.019245
13	19	0.0057911
13	20	0.020379
13	21	0.010016
13	22	0.0083701
13	23	0.0087505
13	24	0.0080386
13	25	0.0073244
13	26	0.0065321
13	27	0.0082199
13	28	0.0084544
13	29	0.01259
13	30	0
13	31	0.0088874
13	32	0.0058454
13	33	0
13	34	0.0046992
13	35	0.0017821
13	36	0.0038541
13	37	0.0052726
13	38	0.0047172
13	39	0.0040622
13	40	0.0065653
13	41	0.0012976
13	42	0.0016702
13	43	0.00078749
13	44	0.0041925
13	45	0.0038425
13	46	0.005618
13	47	0.0055122
13	48	0.0042466
13	49	0.0047043
13	50	0.0042351
13	51	0.002692
13	52	0.0028092
13	53	0.0017104
13	54	0.0026075
13	55	0.0030588
13	56	0.0012632
13	57	0.0058509
13	58	0.0017993
13	59	0.0043381
13	60	0.0059966
13	61	0.0043446
13	62	0.0035305
13	63	0.0036379
13	64	0.0039058
13	65	0.0033378
13	66	0.0043215
13	67	0.0031641
13	68	0.0028542
13	69	0.0027298
13	70	0.0029261
13	71	0.0028193
13	72	0.0055151
13	73	0.0035384
13	74	0.0043639
13	75	0.0019699
13	76	0.0026379
13	77	0.0017645
13	78	0.0022187
13	79	0.004673
13	80	0.0011896
14	15	0.093082
14	16	0.013487
14	17	0.01255
14	18	0.017485
14	19	0.015417
14	20	0.013232
14	21	0.010292
14	22	0.0061898
14	23	0.0068517
14	24	0.0057068
14	25	0.0073663
14	26	0.008115
14	27	0.012872
14	28	0.0070024
14	29	0.0027934
14	30	0.0034026
14	31	0.0031553
14	32	0.007781
14	33	0.0026668
14	34	0.0062552
14	35	0.0047443
14	36	0.0051306
14	37	0.0059544
14	38	0.0053271
14	39	0.0040048
14	40	0.0048545
14	41	0.0046054
14	42	0.0048162
14	43	0.003843
14	44	0.001488
14	45	0.0045458
14	46	0.0026841
14	47	0.0024456
14	48	0.0026915
14	49	0.0049329
14	50	0.0030061
14	51	0.0034121
14	52	0.0042729
14	53	0.0030351
14	54	0.0065551
14	55	0.0023747
14	56	0.0029887
14	57	0.00047198
14	58	0.0021289
14	59	0.0033683
14	60	0.0019955
14	61	0.0047117
14	62	0.0031326
14	63	0.0024209
14	64	0.0023104
14	65	0.0034552
14	66	0.0025562
14	67	0.0014037
14	68	0.0029545
14	69	0.0044405
14	70	0.0044506
14	71	0.0016677
14	72	0.0024467
14	73	0.0048837
14	74	0.0038722
14	75	0.0052441
14	76	0.0011704
14	77	0.0031317
14	78	0.0059069
14	79	0.0016591
14	80	0
15	16	0.059
15	17	0.020647
15	18	0.015316
15	19	0.016687
15	20	0.015469
15	21	0.013368
15	22	0.011254
15	23	0.0088989
15	24	0.010501
15	25	0.011257
15	26	0.0045178
15	27	0.004459
15	28	0.0064962
15	29	0.0048349
15	30	0.0044122
15	31	0.010236
15	32	0.0075787
15	33	0.0051942
15	34	0.010832
15	35	0.0054781
15	36	0
15	37	0.0082902
15	38	0.0039559
15	39	0.0041638
15	40	0.0025234
15	41	0.0034915
15	42	0.0014446
15	43	0.0018163
15	44	0.0024174
15	45	0.003939
15	46	0.0014951
15	47	0.0042369
15	48	0.004197
15	49	0.002466
15	50	0.0014653
15	51	0.00088707
15	52	0.0018513
15	53	0.0024657
15	54	0.0015037
15	55	0.0013229
15	56	0.00097117
15	57	0.0036793
15	58	0.0027651
15	59	0.0037504
15	60	0.0043203
15	61	0.0055662
15	62	0.0025444
15	63	0.002622
15	64	0.0025024
15	65	0.0032075
15	66	0.0038764
15	67	0.0013685
15	68	0.0021946
15	69	0.0015742
15	70	0.00048211
15	71	0.0016256
15	72	0.0026499
15	73	0.0022669
15	74	0.0031448
15	75	0.0022709
15	76	0.0030406
15	77	0.0027118
15	78	0.0012784
15	79	0.0032289
15	80	0
16	17	0.096044
16	18	0.031122
16	19	0.032776
16	20	0.021704
16	21	0.015347
16	22	0.014661
16	23	0.0091555
16	24	0.0095326
16	25	0.0063175
16	26	0.0077483
16	27	0.0046928
16	28	0.010937
16	29	0.016949
16	30	0.0030901
16	31	0.010044
16	32	0.011813
16	33	0.0024285
16	34	0
16	35	0.0019218
16	36	0
16	37	0.0054305
16	38	0.0055532
16	39	0.00073066
16	40	0.0035423
16	41	0.002801
16	42	0.0027042
16	43	0.0019125
16	44	0.00067879
16	45	0.0013826
16	46	0.0013993
16	47	0.0014867
16	48	0.0049095
16	49	0.0055397
16	50	0.0027433
16	51	0.0018683
16	52	0.00064984
16	53	0.00069242
16	54	0.0021113
16	55	0.0018575
16	56	0.00068177
16	57	0.0043032
16	58	0.007759
16	59	0.0035084
16	60	0
16	61	0.0023441
16	62	0.0014287
16	63	0.0036811
16	64	0.0028108
16	65	0.0045029
16	66	0
16	67	0.0019216
16	68	0.00077037
16	69	0.003684
16	70	0
16	71	0.0045646
16	72	0.0059521
16	73	0.0019095
16	74	0.0026485
16	75	0.0042492
16	76	0.0031997
16	77	0.0028537
16	78	0.0017933
16	79	0.0015085
16	80	0.0019192
17	18	0.13364
17	19	0.046913
17	20	0.019898
17	21	0.016079
17	22	0.0066471
17	23	0.010792
17	24	0.0081721
17	25	0.0065158
17	26	0.016605
17	27	0.017516
17	28	0.010743
17	29	0.01199
17	30	0
17	31	0.010152
17	32	0.012533
17	33	0.0085887
17	34	0
17	35	0.0067954
17	36	0.0036714
17	37	0.0027428
17	38	0.0040902
17	39	0.0043053
17	40	0.0052182
17	41	0.0024756
17	42	0.0031867
17	43	0.0037563
17	44	0.0007999
17	45	0.0032585
17	46	0.003298
17	47	0.00087606
17	48	0.0046287
17	49	0
17	50	0.0016163
17	51	0.0044032
17	52	0.0022973
17	53	0.0016319
17	54	0.0016586
17	55	0.0021888
17	56	0.0024102
17	57	0.0050717
17	58	0
17	59	0.0020676
17	60	0
17	61	0.0027625
17	62	0.0025256
17	63	0.0026028
17	64	0.0033122
17	65	0.0010613
17	66	0.00091624
17	67	0.00075476
17	68	0.0018155
17	69	0.0017364
17	70	0.0015954
17	71	0.001793
17	72	0.0026303
17	73	0.00075007
17	74	0
17	75	0.0012521
17	76	0.0025144
17	77	0.0022425
17	78	0.004228
17	79	0.0017789
17	80	0.0022635
18	19	0.069745
18	20	0.033617
18	21	0.025398
18	22	0.0084
18	23	0.0090602
18	24	0.0089366
18	25	0.013572
18	26	0.013719
18	27	0.017921
18	28	0.016187
18	29	0.0087436
18	30	0.003546
18	31	0.0057589
18	32	0.01286
18	33	0.0083498
18	34	0.0087064
18	35	0.0055041
18	36	0.0071389
18	37	0.0066639
18	38	0.0043723
18	39	0.0062756
18	40	0.0040568
18	41	0.0052122
18	42	0.0034836
18	43	0.007665
18	44	0.0038864
18	45	0.0031663
18	46	0.004006
18	47	0.0029799
18	48	0.0033737
18	49	0.0031717
18	50	0.0019631
18	51	0.0049915
18	52	0.0033484
18	53	0.0039641
18	54	0.0020145
18	55	0.0035447
18	56	0.0031227
18	57	0.0029575
18	58	0.0016669
18	59	0.0045219
18	60	0.0013891
18	61	0.0040269
18	62	0.0016362
18	63	0.0021077
18	64	0.0048277
18	65	0.001547
18	66	0.0040063
18	67	0.0011001
18	68	0.0022051
18	69	0.0025308
18	70	0.0023252
18	71	0.0039202
18	72	0.00213
18	73	0.0040088
18	74	0.0020223
18	75	0.0012169
18	76	0.002444
18	77	0.0021797
18	78	0
18	79	0.00086504
18	80	0.0011008
19	20	0.0873
19	21	0.026234
19	22	0.0081659
19	23	0.0075331
19	24	0.0062745
19	25	0.0057175
19	26	0.011474
19	27	0.0056624
19	28	0.0082487
19	29	0.0092073
19	30	0
19	31	0.0051975
19	32	0.0085536
19	33	0
19	34	0
19	35	0.0017391
19	36	0.011277
19	37	0.0056152
19	38	0.0075362
19	39	0.001322
19	40	0.014422
19	41	0.002534
19	42	0.0024463
19	43	0.0023069
19	44	0.0036844
19	45	0.0062536
19	46	0
19	47	0.0053806
19	48	0.01066
19	49	0.0025057
19	50	0.0024815
19	51	0.0011267
19	52	0.0035271
19	53	0.0012527
19	54	0.0012732
19	55	0.0011202
19	56	0.0061674
19	57	0.0015575
19	58	0.0035111
19	59	0.0015875
19	60	0.0021945
19	61	0
19	62	0
19	63	0.0026641
19	64	0.0012713
19	65	0
19	66	0.0028134
19	67	0.0034763
19	68	0.0013937
19	69	0
19	70	0.0012247
19	71	0.0055057
19	72	0.0013462
19	73	0.0023033
19	74	0.0047926
19	75	0.0057677
19	76	0
19	77	0
19	78	0.0032464
19	79	0
19	80	0
20	21	0.095898
20	22	0.028038
20	23	0.019657
20	24	0.016157
20	25	0.014722
20	26	0.016194
20	27	0.016523
20	28	0.019825
20	29	0.011595
20	30	0.0019246
20	31	0.0071422
20	32	0.012483
20	33	0.0060392
20	34	0.0070837
20	35	0.0029852
20	36	0
20	37	0.0048183
20	38	0.0056042
20	39	0.0031762
20	40	0.0071498
20	41	0.002609
20	42	0.0041977
20	43	0.0043543
20	44	0.0071652
20	45	0.0025754
20	46	0.0026067
20	47	0.0046173
20	48	0.0048786
20	49	0.0030096
20	50	0.0042579
20	51	0.0019332
20	52	0.0048416
20	53	0.0021495
20	54	0.00087386
20	55	0.0034596
20	56	0.0042331
20	57	0.0032078
20	58	0.0012055
20	59	0.002725
20	60	0.0022601
20	61	0.0038821
20	62	0.0035491
20	63	0.0050287
20	64	0.0039267
20	65	0.002237
20	66	0.0014482
20	67	0.0019882
20	68	0.0038261
20	69	0.0027445
20	70	0.0021013
20	71	0.0047238
20	72	0.0046202
20	73	0.0015809
20	74	0.0038383
20	75	0.00198
20	76	0.0039767
20	77	0.0029556
20	78	0.0011148
20	79	0.0018776
20	80	0.0011948
21	22	0.080294
21	23	0.043892
21	24	0.02342
21	25	0.025504
21	26	0.020889
21	27	0.018556
21	28	0.016822
21	29	0.010063
21	30	0.004083
21	31	0.0047349
21	32	0.0062303
21	33	0.0048041
21	34	0.0050088
21	35	0.0037994
21	36	0
21	37	0.0045992
21	38	0.0054864
21	39	0.0067371
21	40	0.005833
21	41	0.0046116
21	42	0.0035615
21	43	0.0025189
21	44	0.001788
21	45	0.0027313
21	46	0.0032254
21	47	0.0024485
21	48	0.0025871
21	49	0.0031919
21	50	0.0013547
21	51	0.0016402
21	52	0.0012837
21	53	0.0031915
21	54	0.0050972
21	55	0.0020384
21	56	0.0026937
21	57	0.0056703
21	58	0.0025572
21	59	0.0040463
21	60	0.0039952
21	61	0.0020586
21	62	0.0037641
21	63	0.0033939
21	64	0.0050899
21	65	0.004745
21	66	0.0025599
21	67	0.0037955
21	68	0.0030433
21	69	0.0063066
21	70	0.0017829
21	71	0.0040079
21	72	0.00245
21	73	0.0037726
21	74	0.0023262
21	75	0.0055999
21	76	0.0035148
21	77	0.0087775
21	78	0.0023648
21	79	0.00099578
21	80	0
22	23	0.15097
22	24	0.047608
22	25	0.025479
22	26	0.010442
22	27	0.0075021
22	28	0.01669
22	29	0.020695
22	30	0.0026956
22	31	0.0075086
22	32	0.0041205
22	33	0
22	34	0
22	35	0.0025136
22	36	0
22	37	0.004735
22	38	0.0030262
22	39	0.0031853
22	40	0.0023164
22	41	0.0018316
22	42	0.0029472
22	43	0.0022233
22	44	0.0017755
22	45	0.0030137
22	46	0.0036602
22	47	0.0025926
22	48	0.0025684
22	49	0.0012075
22	50	0
22	51	0
22	52	0.0011332
22	53	0.0024148
22	54	0.0006136
22	55	0.00053984
22	56	0.0011888
22	57	0.0015009
22	58	0.0042287
22	59	0.0015296
22	60	0.0063436
22	61	0.0034064
22	62	0.0018686
22	63	0.00064191
22	64	0.001838
22	65	0.0015704
22	66	0.00067792
22	67	0.0016753
22	68	0.0033583
22	69	0.0012848
22	70	0.0011804
22	71	0.0013266
22	72	0.0012974
22	73	0.00055496
22	74	0.0030791
22	75	0.0018526
22	76	0.0018601
22	77	0.001659
22	78	0.0046915
22	79	0.0026314
22	80	0.0033481
23	24	0.095923
23	25	0.030491
23	26	0.01949
23	27	0.012079
23	28	0.012903
23	29	0.012002
23	30	0.005971
23	31	0.0083143
23	32	0.0038012
23	33	0.0031261
23	34	0.0024449
23	35	0.0024732
23	36	0.004009
23	37	0.0029947
23	38	0.005359
23	39	0.0037605
23	40	0.0034185
23	41	0.0027029
23	42	0.0017396
23	43	0.0024607
23	44	0.00262
23	45	0.00088942
23	46	0.0013503
23	47	0.0066957
23	48	0.0037903
23	49	0.0035637
23	50	0.0017647
23	51	0
23	52	0.0012541
23	53	0.0017817
23	54	0.00090543
23	55	0.00079659
23	56	0.0030701
23	57	0.00443
23	58	0.0049932
23	59	0.0045152
23	60	0.0023406
23	61	0.0040216
23	62	0.0027575
23	63	0.0023681
23	64	0.0036163
23	65	0.0028969
23	66	0.0010004
23	67	0.0020601
23	68	0.0014866
23	69	0.0028437
23	70	0.0026127
23	71	0.002447
23	72	0.0028719
23	73	0.0020474
23	74	0.004544
23	75	0.0020506
23	76	0.0013727
23	77	0.0055093
23	78	0.0011542
23	79	0.0038852
23	80	0.0024718
24	25	0.11905
24	26	0.021236
24	27	0.01048
24	28	0.018931
24	29	0.023859
24	30	0.0082928
24	31	0.0086587
24	32	0.0063326
24	33	0.0016275
24	34	0
24	35	0.0025749
24	36	0
24	37	0.0041568
24	38	0.0037192
24	39	0.0048933
24	40	0.0047448
24	41	0.00093789
24	42	0.00090544
24	43	0.0025615
24	44	0.0027274
24	45	0.0013888
24	46	0.0018742
24	47	0.0079664
24	48	0.0039458
24	49	0.0013911
24	50	0.0027554
24	51	0.001251
24	52	0.0008703
24	53	0.0023183
24	54	0.00047125
24	55	0.0008292
24	56	0.0013696
24	57	0.0028825
24	58	0.0038991
24	59	0.0058762
24	60	0.0024369
24	61	0.0031399
24	62	0.0057411
24	63	0.0049303
24	64	0.0018822
24	65	0.0036187
24	66	0.001562
24	67	0.0025733
24	68	0.00051583
24	69	0.0034535
24	70	0.0027197
24	71	0.0030567
24	72	0.0029896
24	73	0.0055412
24	74	0.0041392
24	75	0.0056931
24	76	0.0028583
24	77	0.0050986
24	78	0.0036052
24	79	0.0020232
24	80	0
25	26	0.064496
25	27	0.035329
25	28	0.029492
25	29	0.020711
25	30	0.0056717
25	31	0.0087703
25	32	0.0093773
25	33	0.0059328
25	34	0
25	35	0.0029327
25	36	0
25	37	0.0042602
25	38	0.003388
25	39	0.0049033
25	40	0.0081046
25	41	0.0017087
25	42	0.0012372
25	43	0.003111
25	44	0.0024844
25	45	0.0037951
25	46	0.0046949
25	47	0.0054433
25	48	0.0083874
25	49	0.0021119
25	50	0.0012549
25	51	0.0018992
25	52	0.0019818
25	53	0.001267
25	54	0.001717
25	55	0.0011329
25	56	0.0016634
25	57	0.0068279
25	58	0.0065136
25	59	0.0042832
25	60	0.0037005
25	61	0.0042905
25	62	0.0047941
25	63	0.0026947
25	64	0.0025717
25	65	0.0038459
25	66	0.0042683
25	67	0.0027346
25	68	0.0028191
25	69	0.0017975
25	70	0.00082575
25	71	0.0032485
25	72	0.004085
25	73	0.0015531
25	74	0.0021547
25	75	0.0025935
25	76	0.0026044
25	77	0.0034843
25	78	0.0032854
25	79	0.0027666
25	80	0
26	27	0.13028
26	28	0.055092
26	29	0.021253
26	30	0.0016886
26	31	0.0039142
26	32	0.016086
26	33	0.0092623
26	34	0.002069
26	35	0.0057538
26	36	0.0050914
26	37	0.0059082
26	38	0.0067958
26	39	0.0083447
26	40	0.0052985
26	41	0.0049503
26	42	0.0047787
26	43	0.0034664
26	44	0.0044292
26	45	0.0033828
26	46	0.0049459
26	47	0.0028311
26	48	0.0037388
26	49	0.0048945
26	50	0.004474
26	51	0.0033855
26	52	0.0045929
26	53	0.0030115
26	54	0.0065039
26	55	0.0040391
26	56	0.0070429
26	57	0.0056199
26	58	0.0031688
26	59	0.0019099
26	60	0.00066002
26	61	0.002125
26	62	0.0034968
26	63	0.0044037
26	64	0.0049667
26	65	0.0019591
26	66	0.0054952
26	67	0.0052227
26	68	0.0012563
26	69	0.0044058
26	70	0.0036799
26	71	0.0041367
26	72	0.0032369
26	73	0.0051918
26	74	0.007204
26	75	0.003469
26	76	0.0023228
26	77	0.0036254
26	78	0.0078155
26	79	0
26	80	0.001048
27	28	0.062274
27	29	0.015391
27	30	0.0018753
27	31	0.002608
27	32	0.015718
27	33	0.010285
27	34	0.011487
27	35	0.0087118
27	36	0.007538
27	37	0.0060913
27	38	0.0071262
27	39	0.0070591
27	40	0.0064176
27	41	0.0046506
27	42	0.0061219
27	43	0.0050032
27	44	0.006147
27	45	0.0045904
27	46	0.0076034
27	47	0.0026943
27	48	0.0041511
27	49	0.0054342
27	50	0.0037255
27	51	0.0048864
27	52	0.004707
27	53	0.00083588
27	54	0.0038229
27	55	0.0041108
27	56	0.0057617
27	57	0.0031199
27	58	0.0011728
27	59	0.0037111
27	60	0.0029314
27	61	0.003775
27	62	0.0034511
27	63	0.0057784
27	64	0.004666
27	65	0.0016313
27	66	0.0042238
27	67	0.002706
27	68	0.0060443
27	69	0.0048916
27	70	0.0044942
27	71	0.0041336
27	72	0.0040432
27	73	0.0053801
27	74	0.0085318
27	75	0.0012839
27	76	0.0032239
27	77	0.0028754
27	78	0.0021695
27	79	0.00091423
27	80	0.0023275
28	29	0.076465
28	30	0.017437
28	31	0.015174
28	32	0.022477
28	33	0.0085578
28	34	0.0026771
28	35	0.0033852
28	36	0
28	37	0.0065582
28	38	0.0083128
28	39	0.0077204
28	40	0.0068623
28	41	0.0039461
28	42	0.0028572
28	43	0.0040415
28	44	0.007172
28	45	0.0053563
28	46	0.0054213
28	47	0.0052368
28	48	0.0062254
28	49	0.0014633
28	50	0.0048305
28	51	0.0026319
28	52	0.0018309
28	53	0.0014631
28	54	0.0004957
28	55	0.0017444
28	56	0.0033615
28	57	0.0072761
28	58	0.0013669
28	59	0.0030901
28	60	0.00085432
28	61	0.0049539
28	62	0.0030193
28	63	0.0057046
28	64	0.0039596
28	65	0.008247
28	66	0.0038336
28	67	0.003158
28	68	0.002713
28	69	0.0020758
28	70	0.0052448
28	71	0.0032152
28	72	0.0041927
28	73	0.0044835
28	74	0.0055975
28	75	0.0022454
28	76	0.0037577
28	77	0.004692
28	78	0.0037915
28	79	0.0010637
28	80	0
29	30	0.084575
29	31	0.043124
29	32	0.01548
29	33	0
29	34	0.0049793
29	35	0.0012605
29	36	0
29	37	0.0071322
29	38	0.0054715
29	39	0.00288
29	40	0.0081433
29	41	0.0027606
29	42	0.0017772
29	43	0.0041896
29	44	0.007137
29	45	0.00090871
29	46	0.0018391
29	47	0.0087832
29	48	0.0025794
29	49	0.0027307
29	50	0.00090169
29	51	0
29	52	0
29	53	0
29	54	0.0018507
29	55	0
29	56	0
29	57	0.0079078
29	58	0.0063578
29	59	0.004602
29	60	0.0047718
29	61	0.0030791
29	62	0.003754
29	63	0.0019351
29	64	0.00092369
29	65	0.0059167
29	66	0
29	67	0.0016845
29	68	0.001013
29	69	0
29	70	0
29	71	0.0039994
29	72	0.0029328
29	73	0.0025093
29	74	0.0011594
29	75	0.0013939
29	76	0.0013987
29	77	0.0062372
29	78	0.0023494
29	79	0.0059107
29	80	0
30	31	0.095008
30	32	0.014107
30	33	0
30	34	0
30	35	0.0069097
30	36	0
30	37	0.0018674
30	38	0.0050175
30	39	0.0035226
30	40	0
30	41	0.001689
30	42	0.0048954
30	43	0
30	44	0
30	45	0.001669
30	46	0.0016881
30	47	0.0071483
30	48	0.0047286
30	49	0
30	50	0
30	51	0
30	52	0
30	53	0
30	54	0.0017008
30	55	0
30	56	0
30	57	0.0041353
30	58	0.0092815
30	59	0.0042041
30	60	0.0029069
30	61	0.0018819
30	62	0.0017214
30	63	0.0017762
30	64	0
30	65	0
30	66	0
30	67	0
30	68	0
30	69	0.0017808
30	70	0
30	71	0.0018357
30	72	0
30	73	0.0015352
30	74	0.0021247
30	75	0
30	76	0.0025543
30	77	0.0045553
30	78	0
30	79	0.014245
30	80	0.013551
31	32	0.065514
31	33	0.0080733
31	34	0.0042154
31	35	0.0042714
31	36	0
31	37	0.0069125
31	38	0.0030941
31	39	0.00081442
31	40	0.0049337
31	41	0.0015615
31	42	0.00075408
31	43	0.0028443
31	44	0.0030281
31	45	0.0015424
31	46	0.00078025
31	47	0.0074464
31	48	0.0054691
31	49	0.00077249
31	50	0
31	51	0
31	52	0
31	53	0.00077269
31	54	0.0007855
31	55	0
31	56	0.0015212
31	57	0.0095759
31	58	0.013998
31	59	0.0019493
31	60	0.0053904
31	61	0.0060938
31	62	0.0023883
31	63	0.002463
31	64	0.00078391
31	65	0.0020079
31	66	0.00086774
31	67	0.00143
31	68	0.0017198
31	69	0.0008224
31	70	0.00075565
31	71	0.0016969
31	72	0.0024881
31	73	0.0014194
31	74	0.0039328
31	75	0.0023625
31	76	0.0011847
31	77	0
31	78	0.0019882
31	79	0.0049891
31	80	0.010562
32	33	0.033271
32	34	0.02776
32	35	0.0078995
32	36	0.014221
32	37	0.015592
32	38	0.0069757
32	39	0.0086776
32	40	0.0088993
32	41	0.0089563
32	42	0.008647
32	43	0.0069891
32	44	0.0055812
32	45	0.0069473
32	46	0.0051137
32	47	0.011544
32	48	0.0071761
32	49	0.0063264
32	50	0.0050126
32	51	0.0034139
32	52	0.0053433
32	53	0.0037956
32	54	0.0045009
32	55	0.0033941
32	56	0.0087202
32	57	0.0078619
32	58	0.0026577
32	59	0.004006
32	60	0.0022151
32	61	0.0014276
32	62	0.0039157
32	63	0.0026904
32	64	0.0057778
32	65	0.0016455
32	66	0.0021311
32	67	0.0023408
32	68	0.0028153
32	69	0.0026926
32	70	0.00061848
32	71	0.0048652
32	72	0.0020391
32	73	0.0046519
32	74	0.001613
32	75	0.0029112
32	76	0.003897
32	77	0.0034756
32	78	0.0065517
32	79	0.0041325
32	80	0
33	34	0.028535
33	35	0.030684
33	36	0.023382
33	37	0.004374
33	38	0.0013047
33	39	0.0082405
33	40	0.0083224
33	41	0.0026327
33	42	0.0063548
33	43	0.004794
33	44	0.0051043
33	45	0.0064983
33	46	0.0065765
33	47	0.0041904
33	48	0
33	49	0.0039056
33	50	0.0025789
33	51	0.0093679
33	52	0.018327
33	53	0.0078112
33	54	0.0052931
33	55	0.0093135
33	56	0.0051271
33	57	0
33	58	0
33	59	0
33	60	0
33	61	0.0058743
33	62	0.0026855
33	63	0.002768
33	64	0.0013211
33	65	0.0016929
33	66	0.0029239
33	67	0
33	68	0.0014485
33	69	0
33	70	0.0050914
33	71	0.0028603
33	72	0.0013985
33	73	0.0035895
33	74	0
33	75	0
33	76	0.0060099
33	77	0.0017866
33	78	0.0033669
33	79	0
33	80	0
34	35	0.033869
34	36	0.064038
34	37	0.0022786
34	38	0.0020388
34	39	0.0064381
34	40	0.0026011
34	41	0.010283
34	42	0.013899
34	43	0.0056172
34	44	0
34	45	0.0060911
34	46	0.0082199
34	47	0.0043666
34	48	0.002884
34	49	0.0040676
34	50	0.012085
34	51	0.0054873
34	52	0.022903
34	53	0.024404
34	54	0.002067
34	55	0.007274
34	56	0.012014
34	57	0
34	58	0
34	59	0
34	60	0
34	61	0
34	62	0.0020982
34	63	0.0021624
34	64	0.0082553
34	65	0.0026451
34	66	0.0022837
34	67	0.0037624
34	68	0.0045251
34	69	0.002164
34	70	0.0019882
34	71	0
34	72	0
34	73	0.0018694
34	74	0.0051861
34	75	0.0031203
34	76	0
34	77	0.0027942
34	78	0
34	79	0
34	80	0.0056389
35	36	0.11112
35	37	0.0063327
35	38	0.0092707
35	39	0.0097574
35	40	0.0059138
35	41	0.013506
35	42	0.016047
35	43	0.0085118
35	44	0.0050351
35	45	0.012306
35	46	0.0057091
35	47	0.00055172
35	48	0.0043717
35	49	0.011299
35	50	0.015767
35	51	0.014779
35	52	0.02217
35	53	0.017973
35	54	0.021921
35	55	0.018367
35	56	0.016687
35	57	0.004472
35	58	0
35	59	0.0013027
35	60	0.00090036
35	61	0.0023191
35	62	0.00106
35	63	0.0032768
35	64	0.0057332
35	65	0.0026725
35	66	0.0017299
35	67	0.0037999
35	68	0.0062841
35	69	0.0043712
35	70	0.0045181
35	71	0.0022573
35	72	0.0016559
35	73	0.0047217
35	74	0.00065516
35	75	0.00078871
35	76	0.0047528
35	77	0.002826
35	78	0.0013326
35	79	0.001123
35	80	0
36	37	0.0074819
36	38	0.0033479
36	39	0.0052863
36	40	0.0021355
36	41	0.0050669
36	42	0.013046
36	43	0.0030756
36	44	0.0032746
36	45	0.0016677
36	46	0
36	47	0
36	48	0
36	49	0.0066819
36	50	0.0099278
36	51	0.010518
36	52	0.0047033
36	53	0.011694
36	54	0.0067921
36	55	0.010457
36	56	0.0065788
36	57	0
36	58	0
36	59	0
36	60	0
36	61	0
36	62	0.0051681
36	63	0.0017758
36	64	0.0016951
36	65	0
36	66	0.001876
36	67	0.0015455
36	68	0.0018588
36	69	0.0035555
36	70	0.0032667
36	71	0.0036701
36	72	0.0017944
36	73	0.0046055
36	74	0
36	75	0.0025599
36	76	0
36	77	0.0022914
36	78	0
36	79	0
36	80	0
37	38	0.14113
37	39	0.044993
37	40	0.033893
37	41	0.01716
37	42	0.0076755
37	43	0.012952
37	44	0.014198
37	45	0.008674
37	46	0.0091994
37	47	0.0093419
37	48	0.011746
37	49	0.013653
37	50	0.0077833
37	51	0.0044634
37	52	0.0062113
37	53	0.0070314
37	54	0.0054645
37	55	0.0092454
37	56	0.0093688
37	57	0.010304
37	58	0.0052336
37	59	0.0084086
37	60	0.0029056
37	61	0.0042056
37	62	0.0072614
37	63	0.0052801
37	64	0.0050382
37	65	0.011306
37	66	0.00418
37	67	0.0057379
37	68	0.0050609
37	69	0.0044005
37	70	0.0044472
37	71	0.0059104
37	72	0.0084507
37	73	0.0041849
37	74	0.0047532
37	75	0.0063619
37	76	0.0044747
37	77	0.0057016
37	78	0.0032287
37	79	0.002727
37	80	0.0034735
38	39	0.083607
38	40	0.035999
38	41	0.02246
38	42	0.015535
38	43	0.011924
38	44	0.0076186
38	45	0.010343
38	46	0.011219
38	47	0.0079584
38	48	0.011556
38	49	0.0092503
38	50	0.0076931
38	51	0.0069851
38	52	0.010762
38	53	0.0062881
38	54	0.0067662
38	55	0.0059529
38	56	0.0094714
38	57	0.011061
38	58	0.0041623
38	59	0.0023508
38	60	0.0025994
38	61	0.0066872
38	62	0.0084048
38	63	0.0086574
38	64	0.0063831
38	65	0.007704
38	66	0.0049841
38	67	0.0047891
38	68	0.00576
38	69	0.0043287
38	70	0.0065077
38	71	0.0089453
38	72	0.0059669
38	73	0.0071453
38	74	0.0037792
38	75	0.004553
38	76	0.0040034
38	77	0.004591
38	78	0.0057783
38	79	0
38	80	0.0020735
39	40	0.071282
39	41	0.035453
39	42	0.01977
39	43	0.020436
39	44	0.01298
39	45	0.017492
39	46	0.012987
39	47	0.0087944
39	48	0.0066336
39	49	0.011681
39	50	0.0092519
39	51	0.0087504
39	52	0.0065759
39	53	0.010898
39	54	0.0083066
39	55	0.0093962
39	56	0.014567
39	57	0.0048503
39	58	0.0027381
39	59	0.0054434
39	60	0.0027359
39	61	0.0079172
39	62	0.0088449
39	63	0.0041411
39	64	0.0086926
39	65	0.0050671
39	66	0.0074301
39	67	0.0053994
39	68	0.0095247
39	69	0.0057973
39	70	0.012935
39	71	0.0098413
39	72	0.0071165
39	73	0.010026
39	74	0.0094458
39	75	0.0047919
39	76	0.0054176
39	77	0.0053691
39	78	0.0010137
39	79	0
39	80	0
40	41	0.081193
40	42	0.015673
40	43	0.018692
40	44	0.018515
40	45	0.015553
40	46	0.019563
40	47	0.016246
40	48	0.018765
40	49	0.0080258
40	50	0.0079462
40	51	0.0089125
40	52	0.0066444
40	53	0.0066073
40	54	0.011031
40	55	0.0063295
40	56	0.0074367
40	57	0.01176
40	58	0.0053102
40	59	0.0029992
40	60	0.0033164
40	61	0.0047993
40	62	0.0048743
40	63	0.0050209
40	64	0.0081442
40	65	0.011058
40	66	0.0068893
40	67	0.0048011
40	68	0.0062995
40	69	0.0055231
40	70	0.0059968
40	71	0.010376
40	72	0.0096433
40	73	0.006946
40	74	0.004219
40	75	0.0058088
40	76	0.0051075
40	77	0.0045556
40	78	0.006143
40	79	0.0041525
40	80	0.0013224
41	42	0.075763
41	43	0.03641
41	44	0.02853
41	45	0.021228
41	46	0.026393
41	47	0.010433
41	48	0.012182
41	49	0.014549
41	50	0.010341
41	51	0.010395
41	52	0.0073502
41	53	0.012306
41	54	0.0094739
41	55	0.010669
41	56	0.016527
41	57	0.0083657
41	58	0.0031489
41	59	0.0014226
41	60	0
41	61	0.0046358
41	62	0.009245
41	63	0.0051579
41	64	0.007571
41	65	0.0043693
41	66	0.0087933
41	67	0.0075868
41	68	0.0074659
41	69	0.0095212
41	70	0.010934
41	71	0.0057393
41	72	0.0084228
41	73	0.0051458
41	74	0.0052398
41	75	0.0080358
41	76	0.0028843
41	77	0.0061744
41	78	0.0058295
41	79	0.0016431
41	80	0.0010467
42	43	0.091824
42	44	0.029299
42	45	0.031628
42	46	0.020742
42	47	0.0046478
42	48	0.0056234
42	49	0.017641
42	50	0.021385
42	51	0.023299
42	52	0.016889
42	53	0.023751
42	54	0.018651
42	55	0.017053
42	56	0.018076
42	57	0.0031403
42	58	0.0025333
42	59	0.0018311
42	60	0.0012654
42	61	0.0040675
42	62	0.0044613
42	63	0.0061266
42	64	0.0084025
42	65	0.0032798
42	66	0.0056572
42	67	0.0043263
42	68	0.0096064
42	69	0.011868
42	70	0.010552
42	71	0.004352
42	72	0.0027097
42	73	0.0096015
42	74	0.0050574
42	75	0.0022162
42	76	0.0033413
42	77	0.0029803
42	78	0.0018761
42	79	0.0007935
42	80	0
43	44	0.073901
43	45	0.046433
43	46	0.025736
43	47	0.012053
43	48	0.012534
43	49	0.019691
43	50	0.016133
43	51	0.015563
43	52	0.015608
43	53	0.0095022
43	54	0.0096563
43	55	0.013957
43	56	0.014038
43	57	0.010153
43	58	0.0038222
43	59	0.0047485
43	60	0.0029832
43	61	0.0034521
43	62	0.0038565
43	63	0.0090273
43	64	0.0068902
43	65	0.0044185
43	66	0.010289
43	67	0.007532
43	68	0.0071718
43	69	0.0090258
43	70	0.0076288
43	71	0.0063426
43	72	0.0062056
43	73	0.0081177
43	74	0.0047692
43	75	0.0036574
43	76	0.0031508
43	77	0.0051524
43	78	0.0035383
43	79	0.0022447
43	80	0
44	45	0.093478
44	46	0.042388
44	47	0.025669
44	48	0.027207
44	49	0.014461
44	50	0.012885
44	51	0.010724
44	52	0.01289
44	53	0.012649
44	54	0.007345
44	55	0.009047
44	56	0.011034
44	57	0.012613
44	58	0.0050872
44	59	0.0045965
44	60	0.006353
44	61	0.0053098
44	62	0.0056
44	63	0.0076903
44	64	0.0055029
44	65	0.0056461
44	66	0.0060869
44	67	0.01036
44	68	0.009647
44	69	0.0073048
44	70	0.0060046
44	71	0.011124
44	72	0.008163
44	73	0.006317
44	74	0.0055401
44	75	0.0038944
44	76	0.0050324
44	77	0.0039899
44	78	0.0028255
44	79	0.005576
44	80	0.00203
45	46	0.06548
45	47	0.0079205
45	48	0.014635
45	49	0.024293
45	50	0.019313
45	51	0.017866
45	52	0.01485
45	53	0.016557
45	54	0.011591
45	55	0.016119
45	56	0.021743
45	57	0.0064217
45	58	0.0015542
45	59	0.0028085
45	60	0.0019408
45	61	0.0045747
45	62	0.0038012
45	63	0.007047
45	64	0.0082173
45	65	0.0067068
45	66	0.0078497
45	67	0.006805
45	68	0.01064
45	69	0.010177
45	70	0.010069
45	71	0.0072811
45	72	0.0083114
45	73	0.010832
45	74	0.0075215
45	75	0.0028326
45	76	0.0034165
45	77	0.0025395
45	78	0.0028777
45	79	0.0024346
45	80	0
46	47	0.047707
46	48	0.029104
46	49	0.017888
46	50	0.012175
46	51	0.015745
46	52	0.01049
46	53	0.010058
46	54	0.0090858
46	55	0.0083268
46	56	0.012475
46	57	0.011144
46	58	0.0026219
46	59	0.0014214
46	60	0.0026194
46	61	0.0058944
46	62	0.0080816
46	63	0.0071347
46	64	0.010967
46	65	0.0067902
46	66	0.0083662
46	67	0.0093017
46	68	0.0082871
46	69	0.008719
46	70	0.0091027
46	71	0.00901
46	72	0.010819
46	73	0.011995
46	74	0.0057108
46	75	0.0045878
46	76	0.0028818
46	77	0.01131
46	78	0.004854
46	79	0.002463
46	80	0
47	48	0.089514
47	49	0.010711
47	50	0.0039279
47	51	0.0046364
47	52	0.00335
47	53	0.0015863
47	54	0.0036274
47	55	0.0024822
47	56	0.0074205
47	57	0.021234
47	58	0.014488
47	59	0.0090656
47	60	0.0062653
47	61	0.0080633
47	62	0.010237
47	63	0.005906
47	64	0.0052331
47	65	0.010839
47	66	0.0084612
47	67	0.0033011
47	68	0.0074996
47	69	0.0046414
47	70	0.0038766
47	71	0.010026
47	72	0.011087
47	73	0.0029179
47	74	0.010125
47	75	0.010366
47	76	0.0049006
47	77	0.0021855
47	78	0.0061868
47	79	0.002611
47	80	0.0055417
48	49	0.054452
48	50	0.012441
48	51	0.0084723
48	52	0.009334
48	53	0.0073277
48	54	0.0074469
48	55	0.0051478
48	56	0.0072166
48	57	0.023472
48	58	0.013248
48	59	0.0073164
48	60	0.008274
48	61	0.010053
48	62	0.011892
48	63	0.0083524
48	64	0.0047817
48	65	0.0074943
48	66	0.006465
48	67	0.0062928
48	68	0.0087331
48	69	0.0033411
48	70	0.0046044
48	71	0.0097808
48	72	0.0095686
48	73	0.0038515
48	74	0.0073521
48	75	0.0080516
48	76	0.0032362
48	77	0.0043297
48	78	0.0040866
48	79	0.0069045
48	80	0.0043974
49	50	0.081033
49	51	0.060316
49	52	0.043241
49	53	0.030959
49	54	0.023221
49	55	0.023395
49	56	0.017061
49	57	0.010568
49	58	0.0020758
49	59	0.0032821
49	60	0.0058323
49	61	0.0062487
49	62	0.0087575
49	63	0.0090196
49	64	0.0059863
49	65	0.0062383
49	66	0.0095183
49	67	0.0081797
49	68	0.0094282
49	69	0.014899
49	70	0.0079247
49	71	0.0056726
49	72	0.0051538
49	73	0.008477
49	74	0.0098885
49	75	0.0045398
49	76	0.0028519
49	77	0.0055963
49	78	0.0019217
49	79	0.0016258
49	80	0.0010359
50	51	0.10105
50	52	0.06404
50	53	0.03904
50	54	0.030032
50	55	0.025118
50	56	0.021202
50	57	0.0054595
50	58	0.0010279
50	59	0.00092863
50	60	0.0019252
50	61	0.0070117
50	62	0.0045238
50	63	0.0058237
50	64	0.0096304
50	65	0.005226
50	66	0.0073744
50	67	0.0087723
50	68	0.0056812
50	69	0.0073747
50	70	0.007845
50	71	0.0080229
50	72	0.005495
50	73	0.0063783
50	74	0.0074597
50	75	0.0022477
50	76	0.00056485
50	77	0.0020153
50	78	0.0038066
50	79	0.00080545
50	80	0.0010265
51	52	0.085817
51	53	0.046377
51	54	0.030633
51	55	0.034651
51	56	0.022839
51	57	0.0057835
51	58	0.0032669
51	59	0.0012649
51	60	0.0017482
51	61	0.0052429
51	62	0.0058188
51	63	0.0074026
51	64	0.0073986
51	65	0.0038822
51	66	0.0063234
51	67	0.0055139
51	68	0.012158
51	69	0.011277
51	70	0.011655
51	71	0.0065559
51	72	0.0039201
51	73	0.0079248
51	74	0.0067733
51	75	0.0030615
51	76	0.00051292
51	77	0.0036601
51	78	0.0025926
51	79	0
51	80	0.00093239
52	53	0.085063
52	54	0.049194
52	55	0.035552
52	56	0.022477
52	57	0.0056047
52	58	0.001461
52	59	0.0013199
52	60	0.0024324
52	61	0.0050813
52	62	0.0039298
52	63	0.0055191
52	64	0.0094779
52	65	0.0022512
52	66	0.0054358
52	67	0.0089533
52	68	0.0053843
52	69	0.0044142
52	70	0.0098006
52	71	0.0087438
52	72	0.0055795
52	73	0.0073173
52	74	0.0070692
52	75	0.0026625
52	76	0.0010705
52	77	0.0033419
52	78	0.0018034
52	79	0.00076305
52	80	0.00097242
53	54	0.081238
53	55	0.055004
53	56	0.03447
53	57	0.0045936
53	58	0.0025945
53	59	0.0037504
53	60	0.00064792
53	61	0.0058302
53	62	0.0060901
53	63	0.0074481
53	64	0.010472
53	65	0.0028782
53	66	0.0066186
53	67	0.0068134
53	68	0.0094241
53	69	0.012149
53	70	0.011162
53	71	0.0048604
53	72	0.0063409
53	73	0.0094908
53	74	0.0065904
53	75	0.0017021
53	76	0.0034218
53	77	0.0030521
53	78	0.0028824
53	79	0.00081314
53	80	0.0020726
54	55	0.10543
54	56	0.055678
54	57	0.0070027
54	58	0.0010548
54	59	0.0038117
54	60	0.0019755
54	61	0.0046554
54	62	0.0058022
54	63	0.0091625
54	64	0.011022
54	65	0.0048748
54	66	0.0054647
54	67	0.013501
54	68	0.0095767
54	69	0.010355
54	70	0.011708
54	71	0.0065857
54	72	0.0040274
54	73	0.011367
54	74	0.0028704
54	75	0.0023065
54	76	0.0023185
54	77	0.001034
54	78	0.0019532
54	79	0
54	80	0.0010536
55	56	0.083048
55	57	0.0065716
55	58	0.001392
55	59	0.0041918
55	60	0.0011587
55	61	0.0070745
55	62	0.0051048
55	63	0.0084116
55	64	0.011703
55	65	0.0060044
55	66	0.010355
55	67	0.0097464
55	68	0.01099
55	69	0.015067
55	70	0.017061
55	71	0.0076047
55	72	0.0067323
55	73	0.0090916
55	74	0.0063134
55	75	0.0015219
55	76	0.0015299
55	77	0.0036389
55	78	0.0060143
55	79	0.0014545
55	80	0
56	57	0.026689
56	58	0.0035765
56	59	0.0046163
56	60	0.0031901
56	61	0.0098432
56	62	0.0074973
56	63	0.013513
56	64	0.015102
56	65	0.0061417
56	66	0.0061114
56	67	0.010402
56	68	0.0080714
56	69	0.013896
56	70	0.009575
56	71	0.0051859
56	72	0.0054643
56	73	0.012352
56	74	0.010663
56	75	0.0044697
56	76	0.0022463
56	77	0.0040072
56	78	0.00473
56	79	0.0024011
56	80	0.00102
57	58	0.087746
57	59	0.02741
57	60	0.024989
57	61	0.017639
57	62	0.016125
57	63	0.0097721
57	64	0.0088588
57	65	0.020923
57	66	0.0098005
57	67	0.008922
57	68	0.0061319
57	69	0.0048874
57	70	0.0062863
57	71	0.0095924
57	72	0.018273
57	73	0.0059143
57	74	0.0070358
57	75	0.010591
57	76	0.012058
57	77	0.011388
57	78	0.011938
57	79	0.0070506
57	80	0
58	59	0.11443
58	60	0.064545
58	61	0.01347
58	62	0.013921
58	63	0.0044142
58	64	0.0047395
58	65	0.0060748
58	66	0.0046615
58	67	0.0023999
58	68	0.004041
58	69	0.0016564
58	70	0.00050728
58	71	0.007412
58	72	0.0066915
58	73	0.0042933
58	74	0.0013235
58	75	0.0071679
58	76	0.0039987
58	77	0.0042796
58	78	0.0094147
58	79	0.006793
58	80	0.017289
59	60	0.14958
59	61	0.025934
59	62	0.020805
59	63	0.0089741
59	64	0.004758
59	65	0.014028
59	66	0.0047378
59	67	0.0034689
59	68	0.0020861
59	69	0.0019952
59	70	0.0013748
59	71	0.0046364
59	72	0.0060466
59	73	0.0025862
59	74	0.008373
59	75	0.012239
59	76	0.007954
59	77	0.008384
59	78	0.0048657
59	79	0.0061498
59	80	0.0078278
60	61	0.054865
60	62	0.030763
60	63	0.012403
60	64	0.0098641
60	65	0.021075
60	66	0.0087308
60	67	0.0071916
60	68	0.0050456
60	69	0.0020682
60	70	0
60	71	0.0042721
60	72	0.0048751
60	73	0.0029788
60	74	0.0082666
60	75	0.0059712
60	76	0.0029986
60	77	0.005349
60	78	0.01009
60	79	0.0099204
60	80	0.010824
61	62	0.080859
61	63	0.033671
61	64	0.025786
61	65	0.022225
61	66	0.010755
61	67	0.010014
61	68	0.013433
61	69	0.007975
61	70	0.0073269
61	71	0.012818
61	72	0.0103
61	73	0.0068952
61	74	0.0090408
61	75	0.010251
61	76	0.0045065
61	77	0.01091
61	78	0.0054201
61	79	0.0045793
61	80	0.0046667
62	63	0.078966
62	64	0.048298
62	65	0.034189
62	66	0.014959
62	67	0.011968
62	68	0.010161
62	69	0.012958
62	70	0.010789
62	71	0.0096236
62	72	0.01269
62	73	0.007703
62	74	0.007778
62	75	0.0093709
62	76	0.010005
62	77	0.0047246
62	78	0.0039644
62	79	0.0058632
62	80	0.0042682
63	64	0.11739
63	65	0.029091
63	66	0.016287
63	67	0.023201
63	68	0.012645
63	69	0.012928
63	70	0.013793
63	71	0.009481
63	72	0.012228
63	73	0.012622
63	74	0.011017
63	75	0.0072413
63	76	0.0072777
63	77	0.0075733
63	78	0.0091936
63	79	0.0051833
63	80	0.0033022
64	65	0.03993
64	66	0.030656
64	67	0.025593
64	68	0.019967
64	69	0.013527
64	70	0.016083
64	71	0.009868
64	72	0.011264
64	73	0.016516
64	74	0.013857
64	75	0.0046069
64	76	0.0063668
64	77	0.007744
64	78	0.0039001
64	79	0.0008249
64	80	0
65	66	0.081335
65	67	0.031053
65	68	0.017607
65	69	0.010717
65	70	0.0089082
65	71	0.014238
65	72	0.01651
65	73	0.010591
65	74	0.01348
65	75	0.0088591
65	76	0.009645
65	77	0.0092646
65	78	0.009996
65	79	0.0095068
65	80	0.0026916
66	67	0.14115
66	68	0.042328
66	69	0.022883
66	70	0.01981
66	71	0.021831
66	72	0.01513
66	73	0.01256
66	74	0.013743
66	75	0.0044597
66	76	0.011527
66	77	0.0057122
66	78	0.0053947
66	79	0.0027395
66	80	0.0023276
67	68	0.076537
67	69	0.032254
67	70	0.02031
67	71	0.016855
67	72	0.012827
67	73	0.011911
67	74	0.010013
67	75	0.0083963
67	76	0.0052752
67	77	0.0084696
67	78	0
67	79	0.0022574
67	80	0.0019181
68	69	0.080639
68	70	0.047654
68	71	0.03604
68	72	0.019836
68	73	0.021867
68	74	0.010473
68	75	0.0056804
68	76	0.008248
68	77	0.006791
68	78	0.0053451
68	79	0.00181
68	80	0.0011534
69	70	0.10648
69	71	0.046536
69	72	0.02361
69	73	0.02416
69	74	0.01202
69	75	0.0084513
69	76	0.010316
69	77	0.011908
69	78	0.0020448
69	79	0.00086549
69	80	0.0022062
70	71	0.076007
70	72	0.023628
70	73	0.032467
70	74	0.017945
70	75	0.0072101
70	76	0.0044602
70	77	0.0039784
70	78	0.012212
70	79	0.0023857
70	80	0.0020271
71	72	0.075369
71	73	0.035772
71	74	0.027941
71	75	0.013718
71	76	0.0087735
71	77	0.011738
71	78	0.0084445
71	79	0.0044638
71	80	0.0022751
72	73	0.082393
72	74	0.044545
72	75	0.023177
72	76	0.016549
72	77	0.010934
72	78	0.0082581
72	79	0.009599
72	80	0.0044471
73	74	0.081833
73	75	0.027651
73	76	0.015206
73	77	0.020578
73	78	0.0097143
73	79	0.0029869
73	80	0.0019028
74	75	0.092674
74	76	0.039283
74	77	0.024656
74	78	0.017146
74	79	0.006206
74	80	0.0079044
75	76	0.09632
75	77	0.038268
75	78	0.035362
75	79	0.02112
75	80	0.0063267
76	77	0.13255
76	78	0.072478
76	79	0.027408
76	80	0.015856
77	78	0.10422
77	79	0.025553
77	80	0.016967
78	79	0.068972
78	80	0.034562
79	80	0.26837
