1	2	12.405
1	3	0
1	4	0.21896
1	5	0.13569
1	6	0.29387
1	7	0.29522
1	8	0.4684
1	9	0.20439
1	10	1.0792
1	11	0.56961
1	12	0.35334
1	13	0.068506
1	14	0.074728
1	15	0.2338
1	16	0.36874
1	17	0.41732
1	18	0.36717
1	19	0.18147
1	20	0.24015
1	21	0.21656
1	22	0.23692
1	23	0.078588
1	24	0.077159
1	25	0.21228
1	26	0.15904
1	27	0
1	28	0.067672
1	29	0.51264
1	30	0.36419
1	31	0.43095
1	32	0
1	33	0
1	34	0.29836
1	35	0.14411
1	36	0
2	3	7.4084
2	4	0
2	5	0.62334
2	6	0.54002
2	7	0.40687
2	8	0.86073
2	9	0.62598
2	10	0.42496
2	11	0.46521
2	12	0.64929
2	13	0.12589
2	14	0.27464
2	15	0.42963
2	16	0.11293
2	17	0.87641
2	18	0.80967
2	19	0.11115
2	20	0.44131
2	21	0.13265
2	22	0
2	23	0
2	24	0
2	25	0
2	26	0
2	27	0
2	28	0
2	29	0.13458
2	30	0.80308
2	31	0.15838
2	32	0
2	33	0
2	34	0
2	35	0
2	36	0
3	4	1.7654
3	5	0.36466
3	6	0.78978
3	7	1.1901
3	8	0.71933
3	9	1.0986
3	10	1.243
3	11	0
3	12	0.75967
3	13	0.36822
3	14	0
3	15	0
3	16	0.66066
3	17	0.64088
3	18	0.78942
3	19	0.32513
3	20	0
3	21	0.388
3	22	0.84896
3	23	0
3	24	0
3	25	0.38034
3	26	0
3	27	0
3	28	0.36374
3	29	0
3	30	0.3915
3	31	0
3	32	0
3	33	0
3	34	0
3	35	0
3	36	0
4	5	3.0995
4	6	1.5549
4	7	0.70022
4	8	0.30277
4	9	0.179
4	10	0.14627
4	11	0.15704
4	12	0.092832
4	13	0.15999
4	14	0.19633
4	15	0.17063
4	16	0.31396
4	17	0.15663
4	18	0.1179
4	19	0.29136
4	20	0.14021
4	21	0.21073
4	22	0.19596
4	23	0.11471
4	24	0.25903
4	25	0.16525
4	26	0.092852
4	27	0.13278
4	28	0.18767
4	29	0.18172
4	30	0.21263
4	31	0.16355
4	32	0.20438
4	33	0.21998
4	34	0.19597
4	35	0.10517
4	36	0.1312
5	6	1.6945
5	7	0.83445
5	8	0.40551
5	9	0.32044
5	10	0.23706
5	11	0.22326
5	12	0.17258
5	13	0.23546
5	14	0.22981
5	15	0.25905
5	16	0.23347
5	17	0.14559
5	18	0.11292
5	19	0.19696
5	20	0.25523
5	21	0.23505
5	22	0.21429
5	23	0.16349
5	24	0.1326
5	25	0.12161
5	26	0.093502
5	27	0.14212
5	28	0.18363
5	29	0.1656
5	30	0.21741
5	31	0.17151
5	32	0.15832
5	33	0.054528
5	34	0.067466
5	35	0.091245
5	36	0.097567
6	7	1.6699
6	8	0.52434
6	9	0.39372
6	10	0.25672
6	11	0.30376
6	12	0.35301
6	13	0.30196
6	14	0.30742
6	15	0.24618
6	16	0.24079
6	17	0.21606
6	18	0.23737
6	19	0.18367
6	20	0.17054
6	21	0.27575
6	22	0.23206
6	23	0.13086
6	24	0.10581
6	25	0.18714
6	26	0.11683
6	27	0.1134
6	28	0.17897
6	29	0.17216
6	30	0.2069
6	31	0.17729
6	32	0.080007
6	33	0.029525
6	34	0.058448
6	35	0.042348
6	36	0.1937
7	8	1.3695
7	9	0.64357
7	10	0.54612
7	11	0.46707
7	12	0.36854
7	13	0.42467
7	14	0.30883
7	15	0.30482
7	16	0.3205
7	17	0.3285
7	18	0.33239
7	19	0.19046
7	20	0.24812
7	21	0.20599
7	22	0.20981
7	23	0.061863
7	24	0.075923
7	25	0.11837
7	26	0.10954
7	27	0.097649
7	28	0.12652
7	29	0.21618
7	30	0.30102
7	31	0.29684
7	32	0.091855
7	33	0.02966
7	34	0.029358
7	35	0.042541
7	36	0.10614
8	9	1.4952
8	10	1.1141
8	11	0.76788
8	12	0.69978
8	13	0.58671
8	14	0.46
8	15	0.35458
8	16	0.32348
8	17	0.30847
8	18	0.29481
8	19	0.17808
8	20	0.26245
8	21	0.23183
8	22	0.14795
8	23	0.11218
8	24	0.089485
8	25	0.075752
8	26	0.063845
8	27	0.036888
8	28	0.15093
8	29	0.196
8	30	0.24692
8	31	0.16916
8	32	0.072869
8	33	0.040336
8	34	0.053234
8	35	0.064283
8	36	0.080192
9	10	2.0095
9	11	0.9543
9	12	0.80236
9	13	0.57247
9	14	0.40726
9	15	0.32386
9	16	0.3461
9	17	0.25993
9	18	0.2468
9	19	0.11538
9	20	0.17996
9	21	0.23604
9	22	0.093253
9	23	0.035692
9	24	0.077094
9	25	0.070701
9	26	0.065005
9	27	0.052582
9	28	0.055321
9	29	0.099781
9	30	0.26464
9	31	0.14092
9	32	0.042396
9	33	0.027379
9	34	0
9	35	0.078541
9	36	0.11431
10	11	1.6782
10	12	0.98046
10	13	0.56324
10	14	0.43008
10	15	0.27032
10	16	0.39791
10	17	0.34311
10	18	0.31698
10	19	0.20515
10	20	0.23447
10	21	0.17063
10	22	0.12174
10	23	0.04846
10	24	0.095158
10	25	0.058178
10	26	0.049034
10	27	0.11899
10	28	0.062594
10	29	0.12042
10	30	0.262
10	31	0.15059
10	32	0.071954
10	33	0
10	34	0.061326
10	35	0.029622
10	36	0.11086
11	12	1.8425
11	13	1.0405
11	14	0.56119
11	15	0.27126
11	16	0.26966
11	17	0.42256
11	18	0.32221
11	19	0.11229
11	20	0.2989
11	21	0.23755
11	22	0.11995
11	23	0.072944
11	24	0.09766
11	25	0.08359
11	26	0.040258
11	27	0.055825
11	28	0.091363
11	29	0.14213
11	30	0.20282
11	31	0.15273
11	32	0.068923
11	33	0.025434
11	34	0.037763
11	35	0.072962
11	36	0.1517
12	13	1.407
12	14	0.76038
12	15	0.29186
12	16	0.43426
12	17	0.37633
12	18	0.31826
12	19	0.15387
12	20	0.31677
12	21	0.14282
12	22	0.096726
12	23	0.074042
12	24	0.10177
12	25	0.093334
12	26	0.052443
12	27	0.054541
12	28	0.11476
12	29	0.1449
12	30	0.26077
12	31	0.19489
12	32	0.043975
12	33	0.0142
12	34	0.05622
12	35	0.040733
12	36	0.050814
13	14	1.6926
13	15	0.75272
13	16	0.4266
13	17	0.28859
13	18	0.32865
13	19	0.18231
13	20	0.26321
13	21	0.22416
13	22	0.13705
13	23	0.057422
13	24	0.07752
13	25	0.11633
13	26	0.072627
13	27	0.1133
13	28	0.092711
13	29	0.14715
13	30	0.17962
13	31	0.11021
13	32	0.053288
13	33	0.082591
13	34	0.068126
13	35	0.078975
13	36	0.1642
14	15	1.4384
14	16	0.68577
14	17	0.42765
14	18	0.3146
14	19	0.32543
14	20	0.20935
14	21	0.23014
14	22	0.1731
14	23	0.078297
14	24	0.13837
14	25	0.18329
14	26	0.071301
14	27	0.074153
14	28	0.21575
14	29	0.17511
14	30	0.15239
14	31	0.17174
14	32	0.081379
14	33	0.13514
14	34	0.074313
14	35	0.086147
14	36	0.10747
15	16	1.0776
15	17	0.28804
15	18	0.21746
15	19	0.46666
15	20	0.21522
15	21	0.25876
15	22	0.18462
15	23	0.1776
15	24	0.15633
15	25	0.14888
15	26	0.21068
15	27	0.18044
15	28	0.19512
15	29	0.20545
15	30	0.090816
15	31	0.14105
15	32	0.15458
15	33	0.18791
15	34	0.06975
15	35	0.14599
15	36	0.23816
16	17	1.2358
16	18	0.83636
16	19	0.50058
16	20	0.36895
16	21	0.37853
16	22	0.22648
16	23	0.11591
16	24	0.12644
16	25	0.12755
16	26	0.078185
16	27	0.12197
16	28	0.20516
16	29	0.17402
16	30	0.29243
16	31	0.24011
16	32	0.057366
16	33	0.061744
16	34	0.11001
16	35	0.082656
16	36	0.058922
17	18	1.9553
17	19	0.48559
17	20	0.60127
17	21	0.42457
17	22	0.17575
17	23	0.043725
17	24	0.067461
17	25	0.11811
17	26	0.10112
17	27	0.072304
17	28	0.16674
17	29	0.19209
17	30	0.39946
17	31	0.18497
17	32	0.046373
17	33	0.011979
17	34	0
17	35	0.11454
17	36	0.10003
18	19	0.85279
18	20	0.74064
18	21	0.46645
18	22	0.28608
18	23	0.076942
18	24	0.10576
18	25	0.1247
18	26	0.12456
18	27	0.056677
18	28	0.15901
18	29	0.17208
18	30	0.37082
18	31	0.23628
18	32	0.034273
18	33	0.029511
18	34	0.073027
18	35	0.042328
18	36	0.10561
19	20	1.3024
19	21	0.75096
19	22	0.5095
19	23	0.34858
19	24	0.26757
19	25	0.15978
19	26	0.28857
19	27	0.26677
19	28	0.21284
19	29	0.23624
19	30	0.17035
19	31	0.20853
19	32	0.24467
19	33	0.17016
19	34	0.072184
19	35	0.13946
19	36	0.13049
20	21	1.6872
20	22	0.53099
20	23	0.15097
20	24	0.13588
20	25	0.23222
20	26	0.1273
20	27	0.079435
20	28	0.21667
20	29	0.27552
20	30	0.42561
20	31	0.27596
20	32	0.11208
20	33	0.072383
20	34	0.083587
20	35	0.046142
20	36	0.057562
21	22	1.3301
21	23	0.39329
21	24	0.27475
21	25	0.23835
21	26	0.2602
21	27	0.15918
21	28	0.254
21	29	0.24668
21	30	0.3575
21	31	0.40645
21	32	0.14599
21	33	0.072523
21	34	0.086142
21	35	0.083217
21	36	0.12111
22	23	1.5721
22	24	0.75553
22	25	0.49917
22	26	0.53583
22	27	0.31346
22	28	0.37051
22	29	0.40096
22	30	0.30676
22	31	0.33577
22	32	0.15972
22	33	0.17455
22	34	0.25131
22	35	0.19726
22	36	0.22715
23	24	1.8109
23	25	0.56346
23	26	0.66653
23	27	0.70185
23	28	0.39706
23	29	0.27624
23	30	0.11447
23	31	0.18964
23	32	0.48904
23	33	0.44215
23	34	0.28135
23	35	0.27179
23	36	0.26371
24	25	1.5432
24	26	1.0634
24	27	0.56999
24	28	0.42465
24	29	0.23355
24	30	0.14236
24	31	0.14186
24	32	0.26408
24	33	0.31008
24	34	0.36831
24	35	0.2965
24	36	0.27741
25	26	2.333
25	27	0.62414
25	28	0.56181
25	29	0.40072
25	30	0.20614
25	31	0.25207
25	32	0.25319
25	33	0.24171
25	34	0.084441
25	35	0.21753
25	36	0.22049
26	27	1.9902
26	28	0.65286
26	29	0.45808
26	30	0.16216
26	31	0.24671
26	32	0.35875
26	33	0.22369
26	34	0.26886
26	35	0.24445
26	36	0.20965
27	28	1.6863
27	29	0.541
27	30	0.16865
27	31	0.35161
27	32	0.46316
27	33	0.53175
27	34	0.34541
27	35	0.27012
27	36	0.1784
28	29	1.5527
28	30	0.42715
28	31	0.55212
28	32	0.41059
28	33	0.17677
28	34	0.16151
28	35	0.24704
28	36	0.25952
29	30	1.2801
29	31	1.2707
29	32	0.46712
29	33	0.29431
29	34	0.16022
29	35	0.40806
29	36	0.5266
30	31	2.2934
30	32	0.28329
30	33	0.10245
30	34	0.10141
30	35	0.2659
30	36	0.27933
31	32	2.0784
31	33	0.41565
31	34	0.51427
31	35	0.29809
31	36	0.45449
32	33	3.3529
32	34	1.2997
32	35	0.82954
32	36	0.92297
33	34	4.0167
33	35	1.5058
33	36	0.83085
34	35	3.9268
34	36	2.8248
35	36	5.285
