1	2	0.099666
1	3	0.054794
1	4	0.025467
1	5	0.016804
1	6	0.010193
1	7	0.022686
1	8	0.016663
1	9	0.0081698
1	10	0.010558
1	11	0.0037628
1	12	0.0026915
1	13	0.0044209
1	14	0.0064177
1	15	0.0055688
1	16	0.0062304
1	17	0.00382
1	18	0.0052892
1	19	0.0026506
1	20	0.0059168
1	21	0.0062497
1	22	0.0018104
1	23	0.005015
1	24	0.0018646
1	25	0.0041142
1	26	0
1	27	0.0043989
1	28	0.0043116
1	29	0.0025362
1	30	0.0025452
1	31	0.0044167
1	32	0.0023624
1	33	0.0043498
1	34	0.0030104
1	35	0
1	36	0.00098734
1	37	0.0042398
1	38	0.0045714
1	39	0.0040404
1	40	0.0058901
1	41	0.0058665
1	42	0.002475
1	43	0.0040834
1	44	0.001692
1	45	0.0059911
1	46	0.0021171
1	47	0.0027278
1	48	0.002291
1	49	0
1	50	0.0024088
1	51	0.0015729
1	52	0.00079492
1	53	0.0032816
1	54	0.0025688
1	55	0.0028174
1	56	0.0051529
1	57	0.0017509
1	58	0.0011242
1	59	0.00178
1	60	0.00436
1	61	0.0040142
1	62	0.0016563
1	63	0.0017353
1	64	0.0023985
1	65	0.00079542
1	66	0.0023797
1	67	0.0015256
1	68	0.0023717
1	69	0.0029672
1	70	0.0068947
1	71	0.0023785
1	72	0.0034274
1	73	0.0034943
1	74	0.0020525
1	75	0.010231
1	76	0.0067741
1	77	0.0042832
1	78	0.0093533
1	79	0.024322
2	3	0.1529
2	4	0.032025
2	5	0.022187
2	6	0.01713
2	7	0.019969
2	8	0.020779
2	9	0.015183
2	10	0.0055766
2	11	0.0016563
2	12	0
2	13	0.00077841
2	14	0.0049437
2	15	0.0024513
2	16	0.001097
2	17	0.0056045
2	18	0.0055872
2	19	0.0023332
2	20	0.0020834
2	21	0.0041262
2	22	0
2	23	0.0022074
2	24	0.0032829
2	25	0.0054325
2	26	0.004623
2	27	0.0058085
2	28	0.0037955
2	29	0.0014885
2	30	0.0029875
2	31	0.0054434
2	32	0.0041592
2	33	0.0022974
2	34	0.00265
2	35	0.0035002
2	36	0.0043456
2	37	0.0018661
2	38	0.0090542
2	39	0.0059276
2	40	0.0082956
2	41	0.002582
2	42	0.0021787
2	43	0.0023964
2	44	0.0044683
2	45	0.004395
2	46	0.0018638
2	47	0
2	48	0
2	49	0
2	50	0.00070693
2	51	0
2	52	0.0013997
2	53	0.0021668
2	54	0.0037691
2	55	0.0016536
2	56	0.0018146
2	57	0
2	58	0.0039588
2	59	0
2	60	0.0023031
2	61	0.00088351
2	62	0.0007291
2	63	0
2	64	0.0021116
2	65	0.00070031
2	66	0
2	67	0
2	68	0.0020881
2	69	0.0017415
2	70	0.0030349
2	71	0.0031406
2	72	0.0050282
2	73	0.004101
2	74	0.0054198
2	75	0.0056281
2	76	0.0029812
2	77	0.0025133
2	78	0.0061738
2	79	0.019759
3	4	0.11701
3	5	0.042988
3	6	0.02235
3	7	0.022609
3	8	0.011164
3	9	0.011278
3	10	0.0038574
3	11	0.0068735
3	12	0.0052441
3	13	0.0038762
3	14	0.0035167
3	15	0.0013562
3	16	0.0027316
3	17	0.0065137
3	18	0.010051
3	19	0.0058117
3	20	0.0043241
3	21	0.0022836
3	22	0
3	23	0.0027484
3	24	0.0034064
3	25	0.002255
3	26	0.007036
3	27	0.0040183
3	28	0.0086647
3	29	0.0024711
3	30	0.0012399
3	31	0.0038731
3	32	0.0051792
3	33	0.0050862
3	34	0.0011001
3	35	0
3	36	0.0036079
3	37	0.0023238
3	38	0.005847
3	39	0.0039374
3	40	0.0043049
3	41	0.0053597
3	42	0.0018089
3	43	0
3	44	0.0018547
3	45	0.0029188
3	46	0.0038677
3	47	0.00066434
3	48	0.0016735
3	49	0.0012132
3	50	0.0005865
3	51	0.0017235
3	52	0.0023229
3	53	0.0023976
3	54	0.00062561
3	55	0.0027447
3	56	0.0045179
3	57	0
3	58	0.0016427
3	59	0.0026009
3	60	0.0012743
3	61	0.0014664
3	62	0.0030251
3	63	0.0025356
3	64	0.0043807
3	65	0.0029054
3	66	0.0017383
3	67	0
3	68	0.0005775
3	69	0.0028903
3	70	0.0025189
3	71	0.0026073
3	72	0.0050103
3	73	0.0025543
3	74	0.0015004
3	75	0.0037394
3	76	0.0024762
3	77	0.0073068
3	78	0
3	79	0.0027362
4	5	0.12319
4	6	0.034515
4	7	0.02273
4	8	0.020055
4	9	0.011038
4	10	0.012835
4	11	0.0071465
4	12	0.0034076
4	13	0.006045
4	14	0.0042656
4	15	0.002115
4	16	0.0047337
4	17	0.0048383
4	18	0.0040201
4	19	0.0020147
4	20	0.0035974
4	21	0.0011873
4	22	0.0082533
4	23	0.0066679
4	24	0.0042506
4	25	0.002345
4	26	0.0019954
4	27	0.00585
4	28	0.0016382
4	29	0.0025695
4	30	0.0038679
4	31	0.0060412
4	32	0.0017952
4	33	0.0033058
4	34	0.0045762
4	35	0.0080595
4	36	0.0037522
4	37	0.0064443
4	38	0.0043436
4	39	0.0071662
4	40	0.0035818
4	41	0.0044594
4	42	0.0028217
4	43	0.0062066
4	44	0.0038574
4	45	0.0015176
4	46	0.0016087
4	47	0.0013814
4	48	0.0011597
4	49	0
4	50	0.0018288
4	51	0.00059718
4	52	0.0012073
4	53	0.0012463
4	54	0.0026017
4	55	0.0014268
4	56	0.0039143
4	57	0.0019948
4	58	0.00085385
4	59	0.0033799
4	60	0.0019872
4	61	0.0022867
4	62	0.0037738
4	63	0.0019769
4	64	0.00091082
4	65	0.001208
4	66	0.00060229
4	67	0.0023166
4	68	0.00060029
4	69	0.0022535
4	70	0.00087294
4	71	0.0036151
4	72	0.0069482
4	73	0.0044281
4	74	0.0031214
4	75	0.0068073
4	76	0.0025761
4	77	0.0054299
4	78	0.0017794
4	79	0.0042709
5	6	0.08853
5	7	0.031027
5	8	0.027159
5	9	0.01502
5	10	0.0087318
5	11	0.0021214
5	12	0.0026974
5	13	0.0039876
5	14	0.0012059
5	15	0.0013951
5	16	0.0037473
5	17	0.0047878
5	18	0.004774
5	19	0.0019939
5	20	0.00445
5	21	0.0035248
5	22	0
5	23	0
5	24	0.0063093
5	25	0.0030941
5	26	0.0065821
5	27	0.00082701
5	28	0.0064845
5	29	0.0031782
5	30	0.0025516
5	31	0.0046497
5	32	0.003553
5	33	0.0019629
5	34	0.0022643
5	35	0.0039879
5	36	0.0066837
5	37	0.0047829
5	38	0.0042985
5	39	0.0060788
5	40	0.0035447
5	41	0.0066199
5	42	0.0027924
5	43	0.0071657
5	44	0.0025448
5	45	0.0030035
5	46	0.0047756
5	47	0.0013668
5	48	0.0017211
5	49	0
5	50	0.0012062
5	51	0.0017726
5	52	0
5	53	0.0030828
5	54	0.0025743
5	55	0.0063529
5	56	0.0015492
5	57	0.0039474
5	58	0.0033794
5	59	0.0020065
5	60	0.0026217
5	61	0.0015084
5	62	0.0012446
5	63	0.00065202
5	64	0.0027036
5	65	0
5	66	0
5	67	0.0022919
5	68	0.00059392
5	69	0.0037162
5	70	0.00086377
5	71	0.0035774
5	72	0.0060169
5	73	0.0043825
5	74	0.00077231
5	75	0.0067374
5	76	0.0025498
5	77	0.0032246
5	78	0.0017614
5	79	0.0014092
6	7	0.1371
6	8	0.029026
6	9	0.018969
6	10	0.018376
6	11	0.011458
6	12	0.0072836
6	13	0.0076913
6	14	0.0041866
6	15	0.0048436
6	16	0.0093973
6	17	0.0036949
6	18	0.0085974
6	19	0.015389
6	20	0.01099
6	21	0.0081604
6	22	0.0042012
6	23	0.0029092
6	24	0.0059508
6	25	0.0047758
6	26	0.0025398
6	27	0.0063822
6	28	0.0037531
6	29	0.0053955
6	30	0.0059069
6	31	0.0092266
6	32	0.0054839
6	33	0.0060595
6	34	0.0034953
6	35	0.0030779
6	36	0.0063049
6	37	0.0073825
6	38	0.0046449
6	39	0.004692
6	40	0.002736
6	41	0.0034064
6	42	0.0021552
6	43	0.0055302
6	44	0.0029459
6	45	0.0011589
6	46	0.00061419
6	47	0.0010545
6	48	0.00177
6	49	0.0019243
6	50	0.0018606
6	51	0.00091148
6	52	0.0041463
6	53	0.0023783
6	54	0.0029792
6	55	0.0021784
6	56	0.0053787
6	57	0.0050754
6	58	0.0013035
6	59	0.001548
6	60	0.0035397
6	61	0.0017454
6	62	0.0028804
6	63	0.0050299
6	64	0.0027808
6	65	0.00046096
6	66	0.002298
6	67	0.0017677
6	68	0.0022905
6	69	0.0034401
6	70	0.0019993
6	71	0.003451
6	72	0.0033175
6	73	0.00406
6	74	0.0017887
6	75	0.007431
6	76	0.0039377
6	77	0.00166
6	78	0.0068027
6	79	0.0076192
7	8	0.076258
7	9	0.031074
7	10	0.013631
7	11	0.010927
7	12	0.0052098
7	13	0.010269
7	14	0.0046582
7	15	0.0041916
7	16	0.0056302
7	17	0.0065781
7	18	0.01435
7	19	0.0034248
7	20	0.0068786
7	21	0.0030267
7	22	0.0093492
7	23	0.0040463
7	24	0.0078252
7	25	0.0059783
7	26	0.0050869
7	27	0.0042609
7	28	0.0069601
7	29	0.0054577
7	30	0.0098587
7	31	0.0045628
7	32	0.0038137
7	33	0.004495
7	34	0.0058339
7	35	0.0051373
7	36	0.0031889
7	37	0.0054763
7	38	0.0022151
7	39	0.0017403
7	40	0.0053277
7	41	0.00094761
7	42	0.0031975
7	43	0.0026372
7	44	0.0027316
7	45	0.0012895
7	46	0.0013668
7	47	0.0011733
7	48	0.0034463
7	49	0.0010705
7	50	0.0015526
7	51	0.0040565
7	52	0.0061511
7	53	0.0037046
7	54	0.0027623
7	55	0.0024238
7	56	0.0013299
7	57	0.0028236
7	58	0.0029007
7	59	0.0034446
7	60	0.0011253
7	61	0.0032367
7	62	0.0016024
7	63	0.0027982
7	64	0.003094
7	65	0.0010257
7	66	0.0015341
7	67	0.001475
7	68	0.0025484
7	69	0.00063792
7	70	0.0022245
7	71	0.00384
7	72	0.0014766
7	73	0.0045177
7	74	0.001327
7	75	0.0057883
7	76	0.0032863
7	77	0.0036945
7	78	0.0030281
7	79	0.0048451
8	9	0.10344
8	10	0.018358
8	11	0.0049058
8	12	0
8	13	0.0023052
8	14	0.00069711
8	15	0.00080649
8	16	0.0010833
8	17	0.0077516
8	18	0.0055214
8	19	0.0092244
8	20	0.0010293
8	21	0.0027174
8	22	0.0031479
8	23	0.0065394
8	24	0.0089174
8	25	0.0044729
8	26	0.011418
8	27	0.0057383
8	28	0.0028121
8	29	0.0036752
8	30	0.00073764
8	31	0.0084494
8	32	0.0010272
8	33	0.0045401
8	34	0.0026189
8	35	0.0080715
8	36	0.0051534
8	37	0.0036876
8	38	0.0019887
8	39	0.0058591
8	40	0.0092247
8	41	0.0025523
8	42	0.0075358
8	43	0.0011839
8	44	0.002943
8	45	0.0043417
8	46	0.0046019
8	47	0.00079013
8	48	0.0013263
8	49	0.00072095
8	50	0
8	51	0.00068298
8	52	0.00069041
8	53	0.0049897
8	54	0.0029764
8	55	0.0024483
8	56	0.0026868
8	57	0.0015212
8	58	0.0019534
8	59	0.00077325
8	60	0.0045467
8	61	0.0017438
8	62	0.00071942
8	63	0.0022613
8	64	0.0020837
8	65	0.0013816
8	66	0.0027551
8	67	0
8	68	0.0020595
8	69	0.0025776
8	70	0.0049934
8	71	0.0051714
8	72	0.003977
8	73	0.0070976
8	74	0.0017869
8	75	0.002227
8	76	0.0014751
8	77	0.0037311
8	78	0.0020386
8	79	0
9	10	0.082153
9	11	0.020295
9	12	0.010184
9	13	0.0055208
9	14	0.0077402
9	15	0.004214
9	16	0.0091995
9	17	0.013747
9	18	0.014432
9	19	0.0045211
9	20	0.010088
9	21	0.0071019
9	22	0.010282
9	23	0.01068
9	24	0.011122
9	25	0.0064298
9	26	0.0044761
9	27	0.0049991
9	28	0.0067368
9	29	0.0067227
9	30	0.004819
9	31	0.0040148
9	32	0.0046981
9	33	0.0029666
9	34	0.0059897
9	35	0.0030141
9	36	0.002245
9	37	0.0024095
9	38	0.0019495
9	39	0.0068923
9	40	0.0053587
9	41	0.005004
9	42	0.0042209
9	43	0.0046414
9	44	0.0019229
9	45	0.0039714
9	46	0.0048104
9	47	0.0056768
9	48	0.0025978
9	49	0.00047068
9	50	0.0018205
9	51	0.0035676
9	52	0.0036066
9	53	0.0027932
9	54	0.006318
9	55	0.0037313
9	56	0.0023398
9	57	0.0044706
9	58	0.0031894
9	59	0.00101
9	60	0.0034646
9	61	0.0011388
9	62	0.0018793
9	63	0.0039381
9	64	0.0040822
9	65	0.0049617
9	66	0.0017988
9	67	0.00086476
9	68	0.001793
9	69	0.0016833
9	70	0.0039139
9	71	0.0054064
9	72	0.00064983
9	73	0.003314
9	74	0.0046724
9	75	0.0029118
9	76	0.0038579
9	77	0.0056926
9	78	0.002667
9	79	0.0032003
10	11	0.1154
10	12	0.037261
10	13	0.03148
10	14	0.01798
10	15	0.012236
10	16	0.024665
10	17	0.015976
10	18	0.0069897
10	19	0.0087593
10	20	0.010944
10	21	0.015474
10	22	0.020309
10	23	0.019025
10	24	0.012309
10	25	0.0033967
10	26	0.0028899
10	27	0.0021786
10	28	0.0035585
10	29	0.0050215
10	30	0.0050393
10	31	0.0052485
10	32	0.0038997
10	33	0.0011493
10	34	0.0029838
10	35	0.0078829
10	36	0.00065238
10	37	0.0028004
10	38	0.0060432
10	39	0.0017805
10	40	0.0015574
10	41	0.00096956
10	42	0.0049062
10	43	0.0017981
10	44	0.003352
10	45	0.00065929
10	46	0.00069867
10	47	0.0035964
10	48	0.0065343
10	49	0.001639
10	50	0.0058111
10	51	0.0041419
10	52	0.0068047
10	53	0.0037845
10	54	0.0028224
10	55	0.0037148
10	56	0.0020383
10	57	0.004615
10	58	0.003704
10	59	0.0029323
10	60	0.0022996
10	61	0.0033064
10	62	0.0027278
10	63	0.0051448
10	64	0.0031603
10	65	0.0073316
10	66	0.0031322
10	67	0.0035133
10	68	0.0036426
10	69	0.0032579
10	70	0.0068195
10	71	0.0023562
10	72	0.0015111
10	73	0.0023123
10	74	0.0033962
10	75	0.0016933
10	76	0
10	77	0
10	78	0.0015523
10	79	0.0012417
11	12	0.12058
11	13	0.052421
11	14	0.033428
11	15	0.035948
11	16	0.021962
11	17	0.016475
11	18	0.0093384
11	19	0.0046813
11	20	0.013924
11	21	0.0147
11	22	0.028722
11	23	0.018414
11	24	0.0082211
11	25	0.0024201
11	26	0.0036032
11	27	0.0045271
11	28	0.0050705
11	29	0.0054652
11	30	0.0059832
11	31	0.0036353
11	32	0.003473
11	33	0.0015355
11	34	0.00088589
11	35	0.00078015
11	36	0.0011621
11	37	0.0037411
11	38	0.00067287
11	39	0.001586
11	40	0.00069362
11	41	0.00086366
11	42	0.002185
11	43	0
11	44	0.0009951
11	45	0.00058714
11	46	0.00062216
11	47	0.0058701
11	48	0.011184
11	49	0.009238
11	50	0.0079926
11	51	0.005069
11	52	0.0041932
11	53	0.0072195
11	54	0.00050256
11	55	0.0022049
11	56	0.00060491
11	57	0.0020542
11	58	0.0026379
11	59	0.0015663
11	60	0.0035828
11	61	0.0017661
11	62	0.0033995
11	63	0.0030533
11	64	0.0028133
11	65	0.0046612
11	66	0.0055754
11	67	0.0031267
11	68	0.0046315
11	69	0.00116
11	70	0.0060717
11	71	0.0041968
11	72	0.0026923
11	73	0.00068671
11	74	0.0012104
11	75	0.00075441
11	76	0
11	77	0.0025296
11	78	0
11	79	0.001107
12	13	0.09944
12	14	0.047569
12	15	0.053472
12	16	0.024426
12	17	0.010709
12	18	0.002968
12	19	0.0029758
12	20	0.0086293
12	21	0.0087591
12	22	0.035493
12	23	0.014745
12	24	0.0073151
12	25	0.0017305
12	26	0.0014723
12	27	0.00061659
12	28	0.00060427
12	29	0.0066311
12	30	0.002852
12	31	0.0034658
12	32	0.0013245
12	33	0.001952
12	34	0
12	35	0.00074387
12	36	0.00055404
12	37	0.0041614
12	38	0.0019248
12	39	0.0022685
12	40	0
12	41	0
12	42	0
12	43	0.00076345
12	44	0.00047437
12	45	0.0016793
12	46	0.0011863
12	47	0.0040693
12	48	0.0081001
12	49	0.012509
12	50	0.010304
12	51	0.0083439
12	52	0.0048842
12	53	0.0027525
12	54	0.00047903
12	55	0.0015762
12	56	0.0017298
12	57	0.00097895
12	58	0.00062857
12	59	0.0029857
12	60	0.0019515
12	61	0.0022444
12	62	0.0027772
12	63	0.0024251
12	64	0.00067033
12	65	0.0066632
12	66	0.0061985
12	67	0.0080873
12	68	0.0079447
12	69	0.0044225
12	70	0.0019292
12	71	0.0033344
12	72	0.0025674
12	73	0.00065491
12	74	0.0017315
12	75	0.0050366
12	76	0
12	77	0
12	78	0
12	79	0.0010561
13	14	0.092892
13	15	0.067036
13	16	0.037145
13	17	0.010555
13	18	0.0064356
13	19	0.0043994
13	20	0.0098135
13	21	0.011223
13	22	0.035983
13	23	0.015918
13	24	0.00721
13	25	0.0034113
13	26	0.0019348
13	27	0.0012154
13	28	0.0029779
13	29	0.0065359
13	30	0.005622
13	31	0.002928
13	32	0.0019581
13	33	0.0019239
13	34	0.00083252
13	35	0.0014663
13	36	0.0010921
13	37	0.0070312
13	38	0.00063234
13	39	0.00074526
13	40	0.0019556
13	41	0
13	42	0.0013689
13	43	0.00075246
13	44	0.00093509
13	45	0.00055172
13	46	0.0023384
13	47	0.0055152
13	48	0.0088252
13	49	0.0095911
13	50	0.0066246
13	51	0.0047618
13	52	0.00569
13	53	0.0045219
13	54	0.00094436
13	55	0.0025895
13	56	0.0022734
13	57	0.0014474
13	58	0.0024783
13	59	0.001962
13	60	0.0024044
13	61	0.0049776
13	62	0.00365
13	63	0.0019123
13	64	0.0019822
13	65	0.0035031
13	66	0.0030551
13	67	0.0075526
13	68	0.0060912
13	69	0.0027246
13	70	0.0038031
13	71	0
13	72	0.0031629
13	73	0
13	74	0.0017065
13	75	0
13	76	0.0018798
13	77	0.00079262
13	78	0.0013011
13	79	0.0010407
14	15	0.16896
14	16	0.044303
14	17	0.014044
14	18	0.0063691
14	19	0.0066519
14	20	0.01009
14	21	0.010181
14	22	0.026295
14	23	0.016323
14	24	0.0065406
14	25	0.0020631
14	26	0.0035104
14	27	0.0011026
14	28	0.0010806
14	29	0.0038115
14	30	0.004675
14	31	0.0044269
14	32	0.0029606
14	33	0.00087265
14	34	0.0022658
14	35	0.0026605
14	36	0
14	37	0.0021262
14	38	0.0011473
14	39	0.0020283
14	40	0.00059138
14	41	0.00073636
14	42	0.0012419
14	43	0.00068262
14	44	0.0012724
14	45	0.0005005
14	46	0.0021213
14	47	0.0031836
14	48	0.0080047
14	49	0.01367
14	50	0.014821
14	51	0.0054971
14	52	0.005558
14	53	0.0028712
14	54	0.0017132
14	55	0.00093956
14	56	0.0015466
14	57	0.0043764
14	58	0
14	59	0.0048941
14	60	0
14	61	0.0025084
14	62	0.0020692
14	63	0.0043365
14	64	0.0035961
14	65	0.0047661
14	66	0.0035628
14	67	0.0068503
14	68	0.0047356
14	69	0.0024713
14	70	0.0022999
14	71	0.00059628
14	72	0.0005739
14	73	0.0011712
14	74	0.00051608
14	75	0.00064335
14	76	0.0025584
14	77	0.00071917
14	78	0
14	79	0
15	16	0.08518
15	17	0.015509
15	18	0.0073684
15	19	0
15	20	0.0068663
15	21	0.011778
15	22	0.028322
15	23	0.018157
15	24	0.0027024
15	25	0.0029835
15	26	0.0025382
15	27	0.003189
15	28	0.0012501
15	29	0.0034295
15	30	0.00295
15	31	0.0015364
15	32	0.002055
15	33	0.0015144
15	34	0.00087377
15	35	0.00076949
15	36	0.00057311
15	37	0.0024598
15	38	0.00066369
15	39	0.0031288
15	40	0
15	41	0.00085191
15	42	0.00071836
15	43	0.0023692
15	44	0.00098138
15	45	0
15	46	0.001227
15	47	0.0036829
15	48	0.0070551
15	49	0.015334
15	50	0.013438
15	51	0.0054506
15	52	0.0096443
15	53	0.002847
15	54	0
15	55	0.0010869
15	56	0
15	57	0.0020251
15	58	0.0039009
15	59	0.0025735
15	60	0.0015139
15	61	0.0034821
15	62	0.00095749
15	63	0.0010033
15	64	0.00208
15	65	0.0036756
15	66	0.0054952
15	67	0.0057231
15	68	0.0031955
15	69	0.0028589
15	70	0.0053212
15	71	0
15	72	0.00066396
15	73	0
15	74	0
15	75	0
15	76	0.00098668
15	77	0
15	78	0
15	79	0
16	17	0.090296
16	18	0.021446
16	19	0.0082697
16	20	0.016604
16	21	0.020696
16	22	0.035242
16	23	0.013665
16	24	0.01162
16	25	0.002405
16	26	0.0040924
16	27	0.00085695
16	28	0.0067188
16	29	0.0072423
16	30	0.0059465
16	31	0.0020645
16	32	0.00092039
16	33	0.0067816
16	34	0
16	35	0.0020673
16	36	0.0030795
16	37	0.004957
16	38	0.001783
16	39	0.0010506
16	40	0.00091897
16	41	0.0034327
16	42	0.002895
16	43	0.002122
16	44	0.0026371
16	45	0.001556
16	46	0.00082445
16	47	0.0056581
16	48	0.0047442
16	49	0.0045119
16	50	0.0068559
16	51	0.0091626
16	52	0.0030879
16	53	0.0031896
16	54	0.0019982
16	55	0
16	56	0.0024051
16	57	0.0034033
16	58	0.0017482
16	59	0.0020759
16	60	0.0013567
16	61	0.003121
16	62	0.0045059
16	63	0.0033724
16	64	0.0018644
16	65	0.0037072
16	66	0.0036954
16	67	0.004145
16	68	0.0036837
16	69	0.0030751
16	70	0
16	71	0.0037073
16	72	0.0026751
16	73	0
16	74	0.0016034
16	75	0
16	76	0.0013244
16	77	0.0022336
16	78	0
16	79	0.0029316
17	18	0.10879
17	19	0.02959
17	20	0.054705
17	21	0.019918
17	22	0.015859
17	23	0.012978
17	24	0.012626
17	25	0.0049183
17	26	0.0083693
17	27	0.0026289
17	28	0.0068706
17	29	0.0033667
17	30	0.0047301
17	31	0.0042224
17	32	0.0047058
17	33	0.0069339
17	34	0.0024
17	35	0.0073973
17	36	0.0023614
17	37	0.0050685
17	38	0.0045568
17	39	0.0053702
17	40	0.0037577
17	41	0.0011697
17	42	0.0019732
17	43	0.0032545
17	44	0.0013483
17	45	0.0031823
17	46	0.0075885
17	47	0.0086827
17	48	0.0042486
17	49	0.0032989
17	50	0.0019139
17	51	0.0031257
17	52	0.00632
17	53	0.0071794
17	54	0.0074954
17	55	0.0044842
17	56	0.0065612
17	57	0.0076606
17	58	0.0035772
17	59	0.001416
17	60	0.0048577
17	61	0.0047899
17	62	0.00065865
17	63	0.0027605
17	64	0.0047692
17	65	0.0056909
17	66	0.00063039
17	67	0
17	68	0.0031418
17	69	0.0039332
17	70	0.0064023
17	71	0.0009477
17	72	0.0027343
17	73	0.00092967
17	74	0
17	75	0.0030633
17	76	0.004059
17	77	0
17	78	0.0018711
17	79	0.0044904
18	19	0.12471
18	20	0.035275
18	21	0.021729
18	22	0.0083896
18	23	0.0066394
18	24	0.010495
18	25	0.012263
18	26	0.0028985
18	27	0.0065551
18	28	0.0085661
18	29	0.0067167
18	30	0.0044937
18	31	0.0070194
18	32	0.0054759
18	33	0.0028814
18	34	0.0029919
18	35	0.0035129
18	36	0.0026166
18	37	0.0049147
18	38	0.0053014
18	39	0.01071
18	40	0.0062454
18	41	0.003888
18	42	0.0016398
18	43	0.0036065
18	44	0.0050428
18	45	0.0026451
18	46	0.0070088
18	47	0.0042111
18	48	0.0035335
18	49	0.00054876
18	50	0.0026531
18	51	0.0046791
18	52	0.0042046
18	53	0.0054269
18	54	0.0073649
18	55	0.0068351
18	56	0.0027276
18	57	0.0023163
18	58	0.0014872
18	59	0.0035322
18	60	0.0034618
18	61	0.0006638
18	62	0.0016431
18	63	0.0011477
18	64	0.0031726
18	65	0.0015776
18	66	0.0020972
18	67	0.0025205
18	68	0.0052258
18	69	0.0019624
18	70	0.0045624
18	71	0.0055138
18	72	0.0015147
18	73	0.0054068
18	74	0.0013613
18	75	0.0008483
18	76	0.0056194
18	77	0
18	78	0
18	79	0.0024858
19	20	0.074653
19	21	0.031119
19	22	0.01502
19	23	0.0020801
19	24	0.01702
19	25	0.013659
19	26	0.0043585
19	27	0.0073015
19	28	0.0071562
19	29	0.0084171
19	30	0.0056313
19	31	0.0087962
19	32	0.0058817
19	33	0.0028885
19	34	0.0074978
19	35	0.0066026
19	36	0.0081968
19	37	0.0070383
19	38	0.0037958
19	39	0.0089467
19	40	0.0039127
19	41	0.0024358
19	42	0.0082191
19	43	0.0022596
19	44	0.005617
19	45	0.0016573
19	46	0.0052699
19	47	0.0030159
19	48	0
19	49	0
19	50	0.0013302
19	51	0.0026067
19	52	0.0052702
19	53	0.0068017
19	54	0.0028401
19	55	0.0046726
19	56	0.0017092
19	57	0.0014515
19	58	0
19	59	0.008854
19	60	0.0043386
19	61	0.0049918
19	62	0.0041188
19	63	0.002877
19	64	0
19	65	0.0026365
19	66	0
19	67	0
19	68	0
19	69	0.0049191
19	70	0.0057179
19	71	0.0039481
19	72	0.0056934
19	73	0.0019355
19	74	0.0017055
19	75	0.0063766
19	76	0.0028159
19	77	0.0047484
19	78	0
19	79	0
20	21	0.079849
20	22	0.025466
20	23	0.011137
20	24	0.01657
20	25	0.0083817
20	26	0.0071316
20	27	0.0040729
20	28	0.0071852
20	29	0.0062597
20	30	0.0087946
20	31	0.0071962
20	32	0.0052494
20	33	0.0051563
20	34	0.0011154
20	35	0.0039291
20	36	0.0021949
20	37	0.0047115
20	38	0.0033884
20	39	0.0019966
20	40	0.0026196
20	41	0.0043488
20	42	0.0064194
20	43	0
20	44	0.0025066
20	45	0.0051769
20	46	0.0015677
20	47	0.0067272
20	48	0.0033863
20	49	0.0024542
20	50	0.004746
20	51	0.0029065
20	52	0.0041137
20	53	0.0084957
20	54	0.0063352
20	55	0.0027794
20	56	0.0030501
20	57	0.0019425
20	58	0.0024945
20	59	0.0013166
20	60	0.0038711
20	61	0.0022268
20	62	0.0048994
20	63	0.0051334
20	64	0.0035475
20	65	0.0035279
20	66	0.0046896
20	67	0.00056361
20	68	0.0035058
20	69	0.0014628
20	70	0.005102
20	71	0.0017619
20	72	0.0025414
20	73	0.00086402
20	74	0.00076137
20	75	0.00094896
20	76	0.0037719
20	77	0.0021203
20	78	0.0034768
20	79	0.0027814
21	22	0.12736
21	23	0.023272
21	24	0.01458
21	25	0.011063
21	26	0.0051343
21	27	0.0032254
21	28	0.0042148
21	29	0.006609
21	30	0.0049743
21	31	0.0043171
21	32	0
21	33	0.0051045
21	34	0.0014724
21	35	0.0038898
21	36	0.0057946
21	37	0.0041458
21	38	0
21	39	0
21	40	0.003458
21	41	0
21	42	0.0036315
21	43	0.002662
21	44	0.0016542
21	45	0.0019522
21	46	0.002069
21	47	0.0044384
21	48	0.0074458
21	49	0.0056656
21	50	0.00078261
21	51	0.013804
21	52	0.0031013
21	53	0.0072064
21	54	0.0033439
21	55	0
21	56	0
21	57	0.0025631
21	58	0.0032915
21	59	0
21	60	0.0051082
21	61	0.0019588
21	62	0.0016161
21	63	0.0067733
21	64	0.0058509
21	65	0.0054301
21	66	0.00464
21	67	0.001487
21	68	0.0038542
21	69	0.0077204
21	70	0.0044884
21	71	0.0023255
21	72	0.0022366
21	73	0.0045629
21	74	0.004021
21	75	0
21	76	0.0016603
21	77	0.0041999
21	78	0
21	79	0
22	23	0.041131
22	24	0.02005
22	25	0.0011648
22	26	0.0049552
22	27	0.0049806
22	28	0.0048813
22	29	0.0076533
22	30	0.0057603
22	31	0.0019998
22	32	0.0026747
22	33	0
22	34	0.0017054
22	35	0
22	36	0.0033559
22	37	0.0024009
22	38	0.0012953
22	39	0.0030531
22	40	0.0013352
22	41	0.0016625
22	42	0.0014021
22	43	0.0030832
22	44	0.0019159
22	45	0
22	46	0.001198
22	47	0.0082218
22	48	0.013788
22	49	0.0093667
22	50	0.011774
22	51	0.0053259
22	52	0.0053846
22	53	0.0055618
22	54	0.00096786
22	55	0.0010616
22	56	0.001165
22	57	0
22	58	0.0025403
22	59	0.0020111
22	60	0.00098569
22	61	0.0022676
22	62	0.0046769
22	63	0.00098011
22	64	0.0027092
22	65	0.0053872
22	66	0.0026851
22	67	0.0043025
22	68	0.0053531
22	69	0.0055857
22	70	0.0038975
22	71	0
22	72	0
22	73	0.0013217
22	74	0.0023295
22	75	0
22	76	0
22	77	0
22	78	0
22	79	0.004259
23	24	0.080377
23	25	0.012905
23	26	0.0075487
23	27	0.0068976
23	28	0.00676
23	29	0.012586
23	30	0.011966
23	31	0.0041543
23	32	0.0083343
23	33	0.0061408
23	34	0.001181
23	35	0.00312
23	36	0.00077461
23	37	0.0024937
23	38	0.0035878
23	39	0.0031713
23	40	0.00092461
23	41	0
23	42	0.0067964
23	43	0.0032024
23	44	0.0026533
23	45	0.0015655
23	46	0.003318
23	47	0.0078275
23	48	0.0035799
23	49	0.0097275
23	50	0.0075249
23	51	0.0061458
23	52	0.008699
23	53	0.0064182
23	54	0.0020104
23	55	0.0029401
23	56	0.0016132
23	57	0.0027393
23	58	0.0052766
23	59	0.0041773
23	60	0.0034125
23	61	0.0031401
23	62	0.0038858
23	63	0.0033931
23	64	0.0028137
23	65	0.0043515
23	66	0.003718
23	67	0.0047661
23	68	0.0074125
23	69	0.010055
23	70	0.0053973
23	71	0.00373
23	72	0.00089716
23	73	0
23	74	0.0016132
23	75	0.0020109
23	76	0.0013325
23	77	0.0022473
23	78	0.0018438
23	79	0
24	25	0.059403
24	26	0.016337
24	27	0.018601
24	28	0.016345
24	29	0.016757
24	30	0.0093973
24	31	0.011847
24	32	0.0055113
24	33	0.0065984
24	34	0.0070276
24	35	0.0061887
24	36	0.0063382
24	37	0.0086571
24	38	0.0053373
24	39	0.0055039
24	40	0.0048141
24	41	0.0051378
24	42	0.0043333
24	43	0.0047646
24	44	0.0044411
24	45	0.0034941
24	46	0.0067887
24	47	0.0084726
24	48	0.0053294
24	49	0.0033793
24	50	0.0028008
24	51	0.0086915
24	52	0.008787
24	53	0.0052541
24	54	0.0059842
24	55	0.0032818
24	56	0.0030012
24	57	0.0040772
24	58	0.0032724
24	59	0.0062175
24	60	0.0050787
24	61	0.0046738
24	62	0.005302
24	63	0.0040403
24	64	0.0048862
24	65	0.0032389
24	66	0.0023063
24	67	0.00044348
24	68	0.0027587
24	69	0.003454
24	70	0.0060244
24	71	0.0041623
24	72	0.0046708
24	73	0.002042
24	74	0.0017995
24	75	0.0029906
24	76	0.00099074
24	77	0.0033416
24	78	0.0041112
24	79	0.0021925
25	26	0.12227
25	27	0.037521
25	28	0.018734
25	29	0.009792
25	30	0.007643
25	31	0.011939
25	32	0.010645
25	33	0.011203
25	34	0.0067861
25	35	0.008537
25	36	0.010174
25	37	0.0088719
25	38	0.011043
25	39	0.013882
25	40	0.0098658
25	41	0.0056694
25	42	0.0063761
25	43	0.0052584
25	44	0.0032677
25	45	0.0070701
25	46	0.0088556
25	47	0.0058461
25	48	0.0024522
25	49	0.0021325
25	50	0.001031
25	51	0.0010103
25	52	0.00051067
25	53	0.0042188
25	54	0.0066065
25	55	0.0060384
25	56	0.0053012
25	57	0.0022508
25	58	0.0028903
25	59	0.0028603
25	60	0.0056068
25	61	0.0019351
25	62	0.0021288
25	63	0.0016729
25	64	0.0030828
25	65	0.0015328
25	66	0.00050938
25	67	0.00048975
25	68	0.00050773
25	69	0.0019068
25	70	0.0036948
25	71	0.0068906
25	72	0.0095714
25	73	0.0052568
25	74	0.0052941
25	75	0.0032993
25	76	0.0021857
25	77	0.0064505
25	78	0.0045335
25	79	0.0048356
26	27	0.091556
26	28	0.030107
26	29	0.011108
26	30	0.011148
26	31	0.010642
26	32	0.0058225
26	33	0.011916
26	34	0.010723
26	35	0.010896
26	36	0.0086569
26	37	0.0058067
26	38	0.0081438
26	39	0.008121
26	40	0.0090405
26	41	0.0048241
26	42	0.0054253
26	43	0.0089483
26	44	0.0088044
26	45	0.0060155
26	46	0.0086937
26	47	0.0054709
26	48	0.002086
26	49	0.00090702
26	50	0.0013156
26	51	0.0017189
26	52	0.0017377
26	53	0.0040377
26	54	0.0046838
26	55	0.0077059
26	56	0.0039463
26	57	0.0043083
26	58	0.0036884
26	59	0.00146
26	60	0.0047701
26	61	0.0054875
26	62	0.001811
26	63	0.0028463
26	64	0.0039339
26	65	0.0030425
26	66	0.0012999
26	67	0.0020831
26	68	0.00086383
26	69	0.0027036
26	70	0.0012574
26	71	0.00912
26	72	0.002506
26	73	0.0038342
26	74	0.0045051
26	75	0.0028076
26	76	0.0027901
26	77	0.0054895
26	78	0.0012862
26	79	0.0041155
27	28	0.10977
27	29	0.019772
27	30	0.011672
27	31	0.017625
27	32	0.013005
27	33	0.018564
27	34	0.0082911
27	35	0.011865
27	36	0.010877
27	37	0.005107
27	38	0.011019
27	39	0.004638
27	40	0.0056794
27	41	0.0070714
27	42	0.0051124
27	43	0.0037476
27	44	0.0064043
27	45	0.00068709
27	46	0.0050973
27	47	0.004999
27	48	0.0020967
27	49	0.0017093
27	50	0
27	51	0.0021595
27	52	0.0021832
27	53	0.0022547
27	54	0.0052963
27	55	0.0038727
27	56	0.0042498
27	57	0.0030072
27	58	0.0046341
27	59	0.0024458
27	60	0.0035959
27	61	0.0041367
27	62	0.0022753
27	63	0.0035761
27	64	0.0041188
27	65	0.0021843
27	66	0.0016332
27	67	0
27	68	0.00054265
27	69	0.0033968
27	70	0.00078989
27	71	0.0073663
27	72	0.0039358
27	73	0.0024088
27	74	0.0021226
27	75	0.0026457
27	76	0.0046742
27	77	0.0019707
27	78	0
27	79	0.0051711
28	29	0.07751
28	30	0.032029
28	31	0.034548
28	32	0.022306
28	33	0.0099776
28	34	0.012189
28	35	0.011629
28	36	0.012659
28	37	0.010726
28	38	0.010029
28	39	0.006364
28	40	0.0071568
28	41	0.0069307
28	42	0.008351
28	43	0.0055095
28	44	0.0062768
28	45	0.0087542
28	46	0.0057094
28	47	0.006124
28	48	0.0025684
28	49	0.0011167
28	50	0.00053991
28	51	0.0042326
28	52	0.0010698
28	53	0.0071812
28	54	0.0057672
28	55	0.0012651
28	56	0.0027766
28	57	0.0047154
28	58	0.0015138
28	59	0.0023969
28	60	0.0046988
28	61	0.0027027
28	62	0.0027873
28	63	0.0023364
28	64	0.0024219
28	65	0.0032109
28	66	0.0026675
28	67	0.0010259
28	68	0.0015954
28	69	0.0039946
28	70	0.0023223
28	71	0.0056152
28	72	0.0038576
28	73	0.0031479
28	74	0.0006935
28	75	0.0025932
28	76	0.0045816
28	77	0.0057949
28	78	0.0031682
28	79	0.0012672
29	30	0.11434
29	31	0.042497
29	32	0.023734
29	33	0.018407
29	34	0.0079646
29	35	0.0098195
29	36	0.0052242
29	37	0.014016
29	38	0.0054441
29	39	0.0064161
29	40	0.0043649
29	41	0.0085404
29	42	0.0072029
29	43	0.0064796
29	44	0.0026843
29	45	0.0052796
29	46	0.0050355
29	47	0.0062402
29	48	0.0064407
29	49	0.0035003
29	50	0.0046539
29	51	0.0029024
29	52	0.0067071
29	53	0.0064945
29	54	0.0058767
29	55	0.0039666
29	56	0.0021765
29	57	0.0050818
29	58	0.0041528
29	59	0.0051663
29	60	0.0046039
29	61	0.0047662
29	62	0.0030583
29	63	0.0027468
29	64	0.0031636
29	65	0.0029358
29	66	0.0029265
29	67	0.0028137
29	68	0.001667
29	69	0.0041744
29	70	0.0066748
29	71	0.0018868
29	72	0.00121
29	73	0.0024688
29	74	0.0043513
29	75	0.0020339
29	76	0.0035938
29	77	0.0015152
29	78	0.001243
29	79	0.0029828
30	31	0.10404
30	32	0.036981
30	33	0.016163
30	34	0.014387
30	35	0.0070388
30	36	0.0073398
30	37	0.016878
30	38	0.0060705
30	39	0.0064389
30	40	0.008135
30	41	0.0062332
30	42	0.005257
30	43	0.0050576
30	44	0.0022448
30	45	0.0068878
30	46	0.0033689
30	47	0.0043355
30	48	0.0064634
30	49	0.0057081
30	50	0.0038212
30	51	0.004577
30	52	0.0050481
30	53	0.0047795
30	54	0.0031756
30	55	0.0029855
30	56	0.0060064
30	57	0.0037089
30	58	0.0065489
30	59	0.0056559
30	60	0.00092403
30	61	0.005846
30	62	0.0052614
30	63	0.0059724
30	64	0
30	65	0.003367
30	66	0.0050347
30	67	0.0028236
30	68	0.0037639
30	69	0.0057602
30	70	0.0073074
30	71	0.0025247
30	72	0.0024287
30	73	0.0049551
30	74	0.003275
30	75	0.0040823
30	76	0.0054099
30	77	0
30	78	0.0012474
30	79	0.0029934
31	32	0.10967
31	33	0.027413
31	34	0.019977
31	35	0.0087959
31	36	0.0049137
31	37	0.011132
31	38	0.0075858
31	39	0.006705
31	40	0.010426
31	41	0.0081135
31	42	0.0061588
31	43	0.0075243
31	44	0.0051433
31	45	0.0033108
31	46	0.0058478
31	47	0.0040141
31	48	0.0033667
31	49	0.0022873
31	50	0
31	51	0.0043347
31	52	0.0043823
31	53	0.0054312
31	54	0.0028352
31	55	0.0041463
31	56	0.0028438
31	57	0.0028976
31	58	0.0031008
31	59	0.0044187
31	60	0.0062561
31	61	0.0033216
31	62	0.0027404
31	63	0.0052642
31	64	0.0039686
31	65	0.00087691
31	66	0.0021855
31	67	0.0021012
31	68	0.0017428
31	69	0.0021819
31	70	0.0050742
31	71	0.0039439
31	72	0.0031612
31	73	0.0032246
31	74	0.0028416
31	75	0.0014168
31	76	0.0028161
31	77	0.0023746
31	78	0
31	79	0.0020773
32	33	0.067535
32	34	0.035621
32	35	0.022546
32	36	0.0073014
32	37	0.010187
32	38	0.011835
32	39	0.006974
32	40	0.0095858
32	41	0.0043401
32	42	0.010067
32	43	0.0040251
32	44	0.0075039
32	45	0.0051658
32	46	0.0070389
32	47	0.0080536
32	48	0.0016888
32	49	0.0018358
32	50	0.0011834
32	51	0.0017395
32	52	0.0017586
32	53	0.0048431
32	54	0.0044242
32	55	0.0076254
32	56	0.0045644
32	57	0.0038757
32	58	0.0041475
32	59	0.0032835
32	60	0.0077241
32	61	0.0014809
32	62	0.0036655
32	63	0.0025605
32	64	0.0053083
32	65	0.0041055
32	66	0.00058469
32	67	0.0022486
32	68	0.0040796
32	69	0.0036482
32	70	0.0033934
32	71	0.0043954
32	72	0.0025364
32	73	0.0034496
32	74	0.0037998
32	75	0.0028417
32	76	0.0037654
32	77	0.0031751
32	78	0.0034717
32	79	0.0055544
33	34	0.13448
33	35	0.041883
33	36	0.015598
33	37	0.020205
33	38	0.0137
33	39	0.011009
33	40	0.010271
33	41	0.0055948
33	42	0.0087643
33	43	0.0081547
33	44	0.0041462
33	45	0.007068
33	46	0.0034574
33	47	0.0054401
33	48	0.0020746
33	49	0.0018042
33	50	0.0013084
33	51	0.0012821
33	52	0.0030242
33	53	0.003569
33	54	0.0027944
33	55	0.0061299
33	56	0.0056057
33	57	0.0033322
33	58	0.0048903
33	59	0.0029036
33	60	0.0047432
33	61	0.001637
33	62	0.0018009
33	63	0.0037739
33	64	0.00326
33	65	0.0021613
33	66	0.0017238
33	67	0.0020717
33	68	0.0012886
33	69	0.0026885
33	70	0.0025005
33	71	0.0032382
33	72	0.0037366
33	73	0.0038111
33	74	0.0039181
33	75	0.0041858
33	76	0.0055459
33	77	0.0015587
33	78	0.001278
33	79	0.0040895
34	35	0.077478
34	36	0.023271
34	37	0.013987
34	38	0.012932
34	39	0.01016
34	40	0.0077759
34	41	0.011065
34	42	0.0081668
34	43	0.0076978
34	44	0.0063784
34	45	0.0065867
34	46	0.0049866
34	47	0.0034242
34	48	0.00071831
34	49	0
34	50	0.00075508
34	51	0.0014797
34	52	0.0014958
34	53	0.0015445
34	54	0.0032247
34	55	0.0035368
34	56	0.0029109
34	57	0.00082401
34	58	0.0021163
34	59	0.0033509
34	60	0.0049261
34	61	0.0028338
34	62	0.0015587
34	63	0.0048996
34	64	0.0011287
34	65	0.0014966
34	66	0.00074608
34	67	0.0028694
34	68	0.0022309
34	69	0.0027924
34	70	0.001082
34	71	0.0044833
34	72	0.0043105
34	73	0.0032972
34	74	0.0029054
34	75	0.0036211
34	76	0.0063966
34	77	0.0013483
34	78	0.0022106
34	79	0.0088424
35	36	0.10738
35	37	0.028153
35	38	0.034163
35	39	0.025722
35	40	0.01663
35	41	0.010961
35	42	0.010274
35	43	0.0067787
35	44	0.010532
35	45	0.0049718
35	46	0.0087827
35	47	0.0045233
35	48	0.00063261
35	49	0.00068773
35	50	0
35	51	0.0019547
35	52	0.0013173
35	53	0.0027203
35	54	0.0056796
35	55	0.0038934
35	56	0.0042725
35	57	0.0029027
35	58	0.0055912
35	59	0.0014755
35	60	0.0065072
35	61	0.00083186
35	62	0.0034318
35	63	0.00071915
35	64	0.0049698
35	65	0.0032951
35	66	0.00065706
35	67	0.00063176
35	68	0.00065491
35	69	0.00081973
35	70	0
35	71	0.0029611
35	72	0.0085405
35	73	0.0038712
35	74	0.0034112
35	75	0.0010629
35	76	0
35	77	0.0071237
35	78	0.0038929
35	79	0.0077859
36	37	0.11206
36	38	0.04524
36	39	0.025824
36	40	0.012387
36	41	0.010887
36	42	0.0076527
36	43	0.01094
36	44	0.0067986
36	45	0.006172
36	46	0.0045791
36	47	0.0050534
36	48	0.0042402
36	49	0.0015366
36	50	0.00049525
36	51	0.003882
36	52	0.0009811
36	53	0.0015196
36	54	0.0052877
36	55	0.0052196
36	56	0.0044551
36	57	0.0027024
36	58	0.0034702
36	59	0.0049452
36	60	0.0053851
36	61	0.0049565
36	62	0.0020448
36	63	0.0026781
36	64	0.0029612
36	65	0.0024541
36	66	0.00048935
36	67	0.0004705
36	68	0.00048775
36	69	0.0030526
36	70	0.0028389
36	71	0.0058814
36	72	0.0056549
36	73	0.0050465
36	74	0.0044468
36	75	0.0023753
36	76	0.0041959
36	77	0.0053067
36	78	0.0029002
36	79	0.0011601
37	38	0.06449
37	39	0.021459
37	40	0.011731
37	41	0.0058426
37	42	0.0024641
37	43	0.0090317
37	44	0.0072964
37	45	0.0059614
37	46	0.0077222
37	47	0.0054223
37	48	0.0040435
37	49	0.0010989
37	50	0.0047815
37	51	0.0036441
37	52	0.0047366
37	53	0.0043478
37	54	0.0039716
37	55	0.0031115
37	56	0.0034145
37	57	0.0069588
37	58	0.002234
37	59	0.0047164
37	60	0.0028891
37	61	0.0039885
37	62	0.0043877
37	63	0.003448
37	64	0.0039714
37	65	0.0026328
37	66	0.0031498
37	67	0.002019
37	68	0.0026163
37	69	0.0013101
37	70	0.0038078
37	71	0.00078902
37	72	0.00075875
37	73	0.0030956
37	74	0.0020459
37	75	0.0034
37	76	0
37	77	0.0028488
37	78	0.0046717
37	79	0
38	39	0.1302
38	40	0.029524
38	41	0.021005
38	42	0.0097459
38	43	0.010717
38	44	0.0066605
38	45	0.010005
38	46	0.0075745
38	47	0.0039014
38	48	0.0010914
38	49	0.0017798
38	50	0.0011473
38	51	0.0016861
38	52	0.0022726
38	53	0.0046927
38	54	0.003674
38	55	0.0053729
38	56	0.0044221
38	57	0.0025036
38	58	0.0016075
38	59	0.0069996
38	60	0.0043653
38	61	0.0007175
38	62	0.0017761
38	63	0.0031015
38	64	0.0017147
38	65	0.0011369
38	66	0.0017003
38	67	0.0016349
38	68	0.0016948
38	69	0.0021212
38	70	0.0024656
38	71	0.004256
38	72	0.010638
38	73	0.0041726
38	74	0.0029414
38	75	0.0027494
38	76	0.0012141
38	77	0.0071656
38	78	0.0083901
38	79	0.0053697
39	40	0.093446
39	41	0.02723
39	42	0.014618
39	43	0.013779
39	44	0.0071359
39	45	0.013475
39	46	0.0071414
39	47	0.0030653
39	48	0.0032158
39	49	0.0041954
39	50	0.0027044
39	51	0.0013248
39	52	0.00066962
39	53	0.0027654
39	54	0.0014434
39	55	0.0047492
39	56	0.006949
39	57	0
39	58	0.0028419
39	59	0.0022499
39	60	0.0051448
39	61	0.0067651
39	62	0.002791
39	63	0.0014621
39	64	0.0020209
39	65	0.00201
39	66	0.001336
39	67	0
39	68	0
39	69	0.00083333
39	70	0.0038744
39	71	0.007022
39	72	0.0048216
39	73	0.0039337
39	74	0.0025997
39	75	0.00324
39	76	0.0057228
39	77	0.0012063
39	78	0.0039545
39	79	0.0094912
40	41	0.131
40	42	0.021919
40	43	0.020087
40	44	0.011235
40	45	0.01326
40	46	0.017958
40	47	0.0067029
40	48	0.0033753
40	49	0.0036696
40	50	0.0017741
40	51	0.0034763
40	52	0.0035142
40	53	0.0048376
40	54	0.0069436
40	55	0.0055387
40	56	0.0045585
40	57	0.0045166
40	58	0.0049715
40	59	0.0019679
40	60	0.0057857
40	61	0.002219
40	62	0.0030515
40	63	0.00063945
40	64	0.0035352
40	65	0.001172
40	66	0.0011686
40	67	0.0016854
40	68	0.0011648
40	69	0.0014578
40	70	0.0016944
40	71	0.0043872
40	72	0.0042174
40	73	0.0060213
40	74	0.0015159
40	75	0.002834
40	76	0.010011
40	77	0.0063307
40	78	0.003459
40	79	0.0055345
41	42	0.086419
41	43	0.02501
41	44	0.022537
41	45	0.0091719
41	46	0.015555
41	47	0.0075116
41	48	0.002802
41	49	0
41	50	0.0014728
41	51	0
41	52	0.0021879
41	53	0.0030118
41	54	0.0070738
41	55	0.0017241
41	56	0.0047301
41	57	0.0040171
41	58	0.0051586
41	59	0.004084
41	60	0.0032018
41	61	0.003684
41	62	0.00075994
41	63	0.0023887
41	64	0.002201
41	65	0
41	66	0.0029103
41	67	0.0013992
41	68	0
41	69	0.0018152
41	70	0.0052746
41	71	0.0076474
41	72	0.0042006
41	73	0.0074966
41	74	0.0037747
41	75	0.0011761
41	76	0.0031159
41	77	0.0039407
41	78	0.0064591
41	79	0.0051675
42	43	0.071725
42	44	0.027531
42	45	0.018566
42	46	0.019679
42	47	0.014076
42	48	0.0011811
42	49	0.00321
42	50	0.0024831
42	51	0.002433
42	52	0.0043042
42	53	0.0050791
42	54	0.005965
42	55	0.0072694
42	56	0.0063819
42	57	0.0027098
42	58	0.0034798
42	59	0.0034436
42	60	0.0026999
42	61	0.0062126
42	62	0.0044853
42	63	0.0040281
42	64	0.0037116
42	65	0.0018456
42	66	0.0018401
42	67	0.0017693
42	68	0.00061137
42	69	0.0038263
42	70	0.0035583
42	71	0.0064504
42	72	0.0035439
42	73	0.0036144
42	74	0.0055736
42	75	0.0039695
42	76	0.0026295
42	77	0.0077598
42	78	0.0036349
42	79	0.0058158
43	44	0.088654
43	45	0.034025
43	46	0.024341
43	47	0.012379
43	48	0.0051929
43	49	0.0035281
43	50	0.0020469
43	51	0.0040114
43	52	0.0013518
43	53	0.0062815
43	54	0.0072864
43	55	0.0063934
43	56	0.005262
43	57	0.0052131
43	58	0.0019127
43	59	0.0015142
43	60	0.0059365
43	61	0.0034148
43	62	0.0028174
43	63	0.0036901
43	64	0.00102
43	65	0.002705
43	66	0.0040451
43	67	0.0012964
43	68	0.00336
43	69	0.0033649
43	70	0.001956
43	71	0.0070927
43	72	0.0048718
43	73	0.004969
43	74	0.0052545
43	75	0.004366
43	76	0.0014462
43	77	0.0048777
43	78	0.0019997
43	79	0.0031993
44	45	0.14008
44	46	0.048739
44	47	0.016826
44	48	0.0024197
44	49	0.0026303
44	50	0.0025433
44	51	0.0016615
44	52	0.0046192
44	53	0.0026019
44	54	0.0063384
44	55	0.0049657
44	56	0.0054493
44	57	0.0055526
44	58	0.0059421
44	59	0.0037633
44	60	0.0032276
44	61	0.0053043
44	62	0.0013129
44	63	0.005044
44	64	0.0044364
44	65	0.00084028
44	66	0.0020943
44	67	0.00040271
44	68	0.002505
44	69	0.0010453
44	70	0.0054692
44	71	0.0044076
44	72	0.0072666
44	73	0.0061767
44	74	0.0032658
44	75	0.0040705
44	76	0.0035957
44	77	0.0053058
44	78	0.0024862
44	79	0.0049721
45	46	0.11702
45	47	0.022692
45	48	0.0042826
45	49	0.0025862
45	50	0.0020006
45	51	0.004411
45	52	0.0044594
45	53	0.0066523
45	54	0.008548
45	55	0.011133
45	56	0.0064304
45	57	0.0049141
45	58	0.0028047
45	59	0.0044407
45	60	0.0081613
45	61	0.0056331
45	62	0.002582
45	63	0.0048697
45	64	0.0052349
45	65	0.0039659
45	66	0.0044479
45	67	0.0019007
45	68	0.0019705
45	69	0.0055507
45	70	0.0043026
45	71	0.0074309
45	72	0.0085764
45	73	0.0029161
45	74	0.0025697
45	75	0.0040037
45	76	0.0063663
45	77	0.0062628
45	78	0.0073374
45	79	0.0070434
46	47	0.066122
46	48	0.0085697
46	49	0.0054793
46	50	0.0042386
46	51	0.008827
46	52	0.0073493
46	53	0.011386
46	54	0.011888
46	55	0.0093134
46	56	0.016353
46	57	0.0046282
46	58	0.0044575
46	59	0.0070577
46	60	0.0074947
46	61	0.0053054
46	62	0.0065655
46	63	0.0068794
46	64	0.0055464
46	65	0.0036764
46	66	0.0026178
46	67	0.00050336
46	68	0.0026094
46	69	0.0078413
46	70	0.005319
46	71	0.012601
46	72	0.0068183
46	73	0.004637
46	74	0.0013621
46	75	0.0067913
46	76	0.0044999
46	77	0.0028458
46	78	0.0031125
46	79	0.0074693
47	48	0.049686
47	49	0.016434
47	50	0.014983
47	51	0.032044
47	52	0.027449
47	53	0.02743
47	54	0.017962
47	55	0.0079871
47	56	0.0075965
47	57	0.0079368
47	58	0.0025481
47	59	0.013112
47	60	0.0084052
47	61	0.004549
47	62	0.0075052
47	63	0.01278
47	64	0.0095106
47	65	0.0067527
47	66	0.0098714
47	67	0.0069018
47	68	0.0067095
47	69	0.0089637
47	70	0.0071688
47	71	0.0081102
47	72	0.0026019
47	73	0.0059735
47	74	0.0011699
47	75	0.0058336
47	76	0.0009666
47	77	0.0024454
47	78	0.0026764
47	79	0.0064221
48	49	0.11204
48	50	0.082117
48	51	0.057032
48	52	0.033547
48	53	0.016363
48	54	0.007731
48	55	0.0058019
48	56	0.0053876
48	57	0.0049881
48	58	0.0064056
48	59	0.008029
48	60	0.0024864
48	61	0.0081002
48	62	0.0094323
48	63	0.008237
48	64	0.0062611
48	65	0.010181
48	66	0.015406
48	67	0.013364
48	68	0.012737
48	69	0.0089185
48	70	0.0065554
48	71	0.0039687
48	72	0.0021842
48	73	0
48	74	0.0014737
48	75	0.0012249
48	76	0.0016243
48	77	0
48	78	0.0011254
48	79	0.00090007
49	50	0.15282
49	51	0.055488
49	52	0.031127
49	53	0.0093141
49	54	0.0035376
49	55	0.0053353
49	56	0.0010646
49	57	0.0081308
49	58	0.0075411
49	59	0.0055106
49	60	0.0022518
49	61	0.0051779
49	62	0.012385
49	63	0.0062656
49	64	0.0030926
49	65	0.010243
49	66	0.014289
49	67	0.01295
49	68	0.010176
49	69	0.0051007
49	70	0.0053433
49	71	0.0012326
49	72	0
49	73	0.00060602
49	74	0.0021366
49	75	0.001998
49	76	0.00088324
49	77	0.00074495
49	78	0.0012243
49	79	0.00097912
50	51	0.076373
50	52	0.040398
50	53	0.010235
50	54	0.0029932
50	55	0.001876
50	56	0.0020588
50	57	0.0069888
50	58	0.0056093
50	59	0.010657
50	60	0.0021775
50	61	0.0060084
50	62	0.013628
50	63	0.0043277
50	64	0.0065792
50	65	0.0091124
50	66	0.017371
50	67	0.015939
50	68	0.014563
50	69	0.008385
50	70	0.0057409
50	71	0.0023837
50	72	0
50	73	0.0017579
50	74	0
50	75	0.00064396
50	76	0.001708
50	77	0.0028811
50	78	0.0011837
50	79	0.0028399
51	52	0.088534
51	53	0.026086
51	54	0.011736
51	55	0.0096543
51	56	0.0040361
51	57	0.012418
51	58	0.0076983
51	59	0.0095768
51	60	0.0051225
51	61	0.012762
51	62	0.008502
51	63	0.011031
51	64	0.0070361
51	65	0.007769
51	66	0.013549
51	67	0.011163
51	68	0.014279
51	69	0.011605
51	70	0.0050644
51	71	0.0023358
51	72	0.0028119
51	73	0.0017219
51	74	0.0010118
51	75	0.0031537
51	76	0.0033453
51	77	0.0028214
51	78	0.0011588
51	79	0.0018536
52	53	0.062084
52	54	0.019494
52	55	0.015339
52	56	0.0071415
52	57	0.013855
52	58	0.01112
52	59	0.015405
52	60	0.0043161
52	61	0.0074444
52	62	0.0094155
52	63	0.0047188
52	64	0.010079
52	65	0.014141
52	66	0.01096
52	67	0.0086547
52	68	0.012878
52	69	0.0088007
52	70	0.016499
52	71	0.0035421
52	72	0.0028424
52	73	0.0029009
52	74	0.0010227
52	75	0.0031876
52	76	0.0016906
52	77	0.0028516
52	78	0
52	79	0.00093661
53	54	0.11559
53	55	0.032656
53	56	0.020553
53	57	0.01521
53	58	0.016085
53	59	0.015463
53	60	0.012931
53	61	0.010769
53	62	0.012267
53	63	0.011082
53	64	0.011027
53	65	0.0089309
53	66	0.0076873
53	67	0.0081681
53	68	0.0072601
53	69	0.012125
53	70	0.007641
53	71	0.0085351
53	72	0.0046948
53	73	0.0047907
53	74	0.0058055
53	75	0.0019739
53	76	0.00087222
53	77	0.0036778
53	78	0
53	79	0
54	55	0.11784
54	56	0.027516
54	57	0.020555
54	58	0.017398
54	59	0.010449
54	60	0.013503
54	61	0.0091038
54	62	0.0053012
54	63	0.010647
54	64	0.012156
54	65	0.0067836
54	66	0.0042258
54	67	0.00325
54	68	0.0050551
54	69	0.0063314
54	70	0.0067512
54	71	0.0089107
54	72	0.0061257
54	73	0.0050003
54	74	0.0055085
54	75	0.0034335
54	76	0.0054614
54	77	0.0069085
54	78	0.0012601
54	79	0.0020158
55	56	0.10684
55	57	0.02562
55	58	0.021714
55	59	0.018232
55	60	0.016343
55	61	0.01116
55	62	0.0058145
55	63	0.005585
55	64	0.012631
55	65	0.0041852
55	66	0.001854
55	67	0.0031192
55	68	0.0036964
55	69	0.0063657
55	70	0.0033659
55	71	0.0097733
55	72	0.0047031
55	73	0.0061698
55	74	0.0048333
55	75	0.0045189
55	76	0.00099834
55	77	0.0058933
55	78	0.0027641
55	79	0.0011054
56	57	0.074788
56	58	0.043326
56	59	0.014292
56	60	0.023539
56	61	0.011603
56	62	0.0095713
56	63	0.0083578
56	64	0.010011
56	65	0.0071446
56	66	0.0025433
56	67	0.001467
56	68	0.0055777
56	69	0.0063507
56	70	0.010342
56	71	0.013789
56	72	0.0058983
56	73	0.0082751
56	74	0.003978
56	75	0.0033059
56	76	0.0010955
56	77	0.0046193
56	78	0.0030332
56	79	0.0012131
57	58	0.12933
57	59	0.049496
57	60	0.025216
57	61	0.012037
57	62	0.01354
57	63	0.011351
57	64	0.0078439
57	65	0.0082295
57	66	0.0094971
57	67	0.00664
57	68	0.0094677
57	69	0.0059297
57	70	0.0081529
57	71	0.0058546
57	72	0.003131
57	73	0.003834
57	74	0.0045053
57	75	0.0028083
57	76	0.0055844
57	77	0.0031396
57	78	0.0012888
57	79	0.0020617
58	59	0.084749
58	60	0.031771
58	61	0.014755
58	62	0.012172
58	63	0.016399
58	64	0.0075547
58	65	0.010568
58	66	0.0066524
58	67	0.0069281
58	68	0.0038685
58	69	0.0089992
58	70	0.008859
58	71	0.0066829
58	72	0.0032165
58	73	0.0032822
58	74	0.0036159
58	75	0.00090157
58	76	0.0011952
58	77	0.0050397
58	78	0.0049651
58	79	0.0026475
59	60	0.08126
59	61	0.028369
59	62	0.028449
59	63	0.018752
59	64	0.010632
59	65	0.015412
59	66	0.0096549
59	67	0.0097036
59	68	0.0091875
59	69	0.0054802
59	70	0.0070133
59	71	0.0052907
59	72	0.0025465
59	73	0.0025985
59	74	0.0051529
59	75	0.002855
59	76	0.0018924
59	77	0.0079798
59	78	0.0052412
59	79	0.001048
60	61	0.088354
60	62	0.020696
60	63	0.017915
60	64	0.020199
60	65	0.0064769
60	66	0.0051645
60	67	0.004965
60	68	0.0060065
60	69	0.0080602
60	70	0.0068757
60	71	0.0071302
60	72	0.0049908
60	73	0.0044557
60	74	0.0056098
60	75	0.0027973
60	76	0.0074158
60	77	0.010162
60	78	0.0025665
60	79	0.0041057
61	62	0.119
61	63	0.049336
61	64	0.027724
61	65	0.016881
61	66	0.01435
61	67	0.0076113
61	68	0.0073996
61	69	0.008651
61	70	0.015816
61	71	0.0059656
61	72	0.0064605
61	73	0.0036625
61	74	0.0051647
61	75	0.004829
61	76	0.0042678
61	77	0.0035992
61	78	0.00591
61	79	0
62	63	0.11136
62	64	0.027814
62	65	0.022524
62	66	0.028162
62	67	0.015694
62	68	0.014241
62	69	0.012233
62	70	0.016606
62	71	0.0055372
62	72	0.001777
62	73	0.0036268
62	74	0.0037292
62	75	0.0019925
62	76	0.0052832
62	77	0.0051982
62	78	0.0012196
62	79	0.0078033
63	64	0.10363
63	65	0.023174
63	66	0.013687
63	67	0.0090458
63	68	0.011513
63	69	0.014421
63	70	0.026722
63	71	0.011604
63	72	0.0018618
63	73	0.0018999
63	74	0.0044652
63	75	0.004175
63	76	0.001845
63	77	0.0031119
63	78	0.0025552
63	79	0.0051091
64	65	0.08778
64	66	0.024236
64	67	0.012502
64	68	0.015322
64	69	0.017717
64	70	0.014601
64	71	0.013365
64	72	0.0094354
64	73	0.0035013
64	74	0.0046288
64	75	0.0038471
64	76	0.0038252
64	77	0.0043013
64	78	0.0017659
64	79	0.0014124
65	66	0.097503
65	67	0.038395
65	68	0.037868
65	69	0.030326
65	70	0.016507
65	71	0.0088599
65	72	0.00056881
65	73	0.0040637
65	74	0.0020467
65	75	0.0031897
65	76	0.00084586
65	77	0.0042803
65	78	0.0035159
65	79	0
66	67	0.11478
66	68	0.055242
66	69	0.027786
66	70	0.016453
66	71	0.0076551
66	72	0.0017015
66	73	0.0034734
66	74	0.004082
66	75	0.0019086
66	76	0.0025309
66	77	0.00071153
66	78	0
66	79	0.0037402
67	68	0.15146
67	69	0.053422
67	70	0.02509
67	71	0.0045293
67	72	0.0021814
67	73	0.0022267
67	74	0.0034346
67	75	0.0030588
67	76	0.0032451
67	77	0.0020527
67	78	0
67	79	0.0017985
68	69	0.1006
68	70	0.03563
68	71	0.0088043
68	72	0.0016959
68	73	0.0057696
68	74	0.0025427
68	75	0.0025361
68	76	0.0025222
68	77	0.0021272
68	78	0.001165
68	79	0.003727
69	70	0.082872
69	71	0.020574
69	72	0.0042445
69	73	0.0072191
69	74	0.00509
69	75	0.0071389
69	76	0.0031548
69	77	0.0035475
69	78	0.0014565
69	79	0.0069894
70	71	0.08116
70	72	0.010688
70	73	0.010066
70	74	0.0096105
70	75	0.014745
70	76	0.009772
70	77	0.0082407
70	78	0.0016908
70	79	0.0040572
71	72	0.10726
71	73	0.024312
71	74	0.023719
71	75	0.011444
71	76	0.0088454
71	77	0.01172
71	78	0.010484
71	79	0.0055914
72	73	0.10762
72	74	0.03308
72	75	0.021071
72	76	0.0084944
72	77	0.011254
72	78	0.016766
72	79	0.010731
73	74	0.13191
73	75	0.056974
73	76	0.051953
73	77	0.022943
73	78	0.022209
73	79	0.010935
74	75	0.15389
74	76	0.051222
74	77	0.027564
74	78	0.016554
74	79	0.0072247
75	76	0.074687
75	77	0.0332
75	78	0.024373
75	79	0.016501
76	77	0.16218
76	78	0.037219
76	79	0.013898
77	78	0.10457
77	79	0.023429
78	79	0.19432
