1	2	0
1	3	20.677
1	4	0
1	5	0
1	6	0
1	7	0
1	8	0
1	9	0
1	10	0
1	11	0
1	12	0
1	13	0
1	14	0
1	15	0
1	16	0
1	17	0
1	18	0
1	19	0
1	20	0
1	21	0
1	22	0
1	23	0
1	24	0
1	25	0
1	26	0
1	27	0
1	28	0
1	29	0
1	30	0
1	31	0
1	32	0
1	33	0
1	34	0
1	35	0
1	36	0
2	3	4.4865
2	4	0.49856
2	5	0.71658
2	6	0.51134
2	7	0.089265
2	8	0.13467
2	9	0.28489
2	10	0.31368
2	11	0.3346
2	12	0.37238
2	13	0.45527
2	14	0.15981
2	15	0.12317
2	16	0.11497
2	17	0.20076
2	18	0.17483
2	19	0.314
2	20	0.23403
2	21	0.14113
2	22	0.048665
2	23	0.082327
2	24	0
2	25	0.12964
2	26	0
2	27	0
2	28	0.061623
2	29	0.10555
2	30	0.062926
2	31	0.11757
2	32	0.2967
2	33	0.37529
2	34	0.56294
2	35	0.35747
2	36	0
3	4	1.4848
3	5	0.52166
3	6	0.5753
3	7	0.384
3	8	0.28965
3	9	0.21997
3	10	0.26988
3	11	0.22144
3	12	0.36967
3	13	0.17576
3	14	0.26441
3	15	0.21737
3	16	0.26631
3	17	0.24912
3	18	0.2777
3	19	0.18703
3	20	0.26551
3	21	0.22183
3	22	0.11272
3	23	0.13621
3	24	0.066557
3	25	0.057198
3	26	0.16822
3	27	0.088363
3	28	0.12235
3	29	0.12225
3	30	0.20823
3	31	0.21397
3	32	0.31418
3	33	0.21732
3	34	0.069854
3	35	0.1656
3	36	0.079834
4	5	4.5453
4	6	1.5136
4	7	0.52847
4	8	0.39863
4	9	0.76299
4	10	0.53059
4	11	0.33604
4	12	0.15747
4	13	0.22461
4	14	0.16895
4	15	0.24305
4	16	0.34032
4	17	0.16979
4	18	0.13308
4	19	0.1195
4	20	0.084827
4	21	0.25364
4	22	0.20579
4	23	0.17407
4	24	0.11341
4	25	0.10964
4	26	0.071657
4	27	0.067753
4	28	0.052117
4	29	0.15622
4	30	0.15966
4	31	0.24858
4	32	0.17566
4	33	0.11902
4	34	0.14878
4	35	0.30233
4	36	0.20404
5	6	3.0582
5	7	1.1068
5	8	0.34377
5	9	0.90041
5	10	0.36606
5	11	0.33556
5	12	0.19012
5	13	0.13836
5	14	0.087419
5	15	0.23955
5	16	0.29349
5	17	0.21964
5	18	0.15302
5	19	0.068705
5	20	0.073153
5	21	0.20587
5	22	0.53241
5	23	0.24018
5	24	0.1467
5	25	0.094553
5	26	0.27808
5	27	0.11686
5	28	0
5	29	0.26944
5	30	0.13769
5	31	0.25724
5	32	0.25968
5	33	0.06843
5	34	0.051323
5	35	0.15643
5	36	0.17596
6	7	1.9977
6	8	1.2616
6	9	0.93906
6	10	0.58773
6	11	0.34829
6	12	0.23257
6	13	0.15797
6	14	0.20794
6	15	0.38461
6	16	0.23935
6	17	0.26122
6	18	0.12739
6	19	0.098054
6	20	0.174
6	21	0.12854
6	22	0.22795
6	23	0.34278
6	24	0.17447
6	25	0.089962
6	26	0.11024
6	27	0.22237
6	28	0.16036
6	29	0.19227
6	30	0.32751
6	31	0.24475
6	32	0.12354
6	33	0.048831
6	34	0.036623
6	35	0.074419
6	36	0.37669
7	8	3.793
7	9	1.5099
7	10	0.42751
7	11	0.19
7	12	0.11842
7	13	0.18959
7	14	0.1452
7	15	0.29841
7	16	0.1828
7	17	0.1368
7	18	0.09531
7	19	0.071323
7	20	0.045564
7	21	0.096171
7	22	0.24319
7	23	0.1122
7	24	0.15229
7	25	0.098155
7	26	0.11547
7	27	0.14557
7	28	0.25195
7	29	0.16783
7	30	0.17152
7	31	0.16022
7	32	0.080873
7	33	0.063933
7	34	0
7	35	0.25983
7	36	0.3288
8	9	2.8962
8	10	0.62345
8	11	0.28664
8	12	0.15313
8	13	0.20801
8	14	0.12322
8	15	0.15475
8	16	0.15759
8	17	0.17199
8	18	0.071893
8	19	0.075319
8	20	0.022913
8	21	0.096724
8	22	0.15009
8	23	0.19748
8	24	0.1838
8	25	0.11846
8	26	0.11613
8	27	0.054903
8	28	0.16893
8	29	0.090423
8	30	0.10782
8	31	0.22157
8	32	0.16268
8	33	0.096451
8	34	0.072338
8	35	0.073497
8	36	0.082672
9	10	2.4862
9	11	0.42447
9	12	0.16197
9	13	0.29337
9	14	0.38617
9	15	0.37698
9	16	0.22225
9	17	0.12128
9	18	0.033798
9	19	0.10623
9	20	0.080787
9	21	0.13641
9	22	0.21167
9	23	0.079574
9	24	0.12961
9	25	0.083536
9	26	0.18426
9	27	0.20648
9	28	0.20847
9	29	0.22955
9	30	0.060822
9	31	0.14204
9	32	0.28678
9	33	0.18137
9	34	0
9	35	0.20731
9	36	0.23319
10	11	1.5357
10	12	0.64202
10	13	0.4603
10	14	0.35717
10	15	0.40635
10	16	0.22024
10	17	0.24037
10	18	0.32376
10	19	0.1604
10	20	0.14944
10	21	0.1915
10	22	0.21753
10	23	0.13142
10	24	0.12844
10	25	0.096578
10	26	0.094679
10	27	0.10231
10	28	0.19675
10	29	0.1685
10	30	0.24109
10	31	0.22522
10	32	0.18946
10	33	0.10484
10	34	0.11233
10	35	0.20544
10	36	0.23108
11	12	1.7517
11	13	0.62988
11	14	0.50173
11	15	0.2272
11	16	0.29366
11	17	0.27776
11	18	0.2084
11	19	0.1604
11	20	0.19925
11	21	0.15771
11	22	0.082867
11	23	0.070093
11	24	0.071353
11	25	0.036792
11	26	0.06312
11	27	0.068206
11	28	0.10493
11	29	0.14603
11	30	0.14733
11	31	0.16266
11	32	0.22735
11	33	0.20969
11	34	0.10484
11	35	0.22826
11	36	0.25676
12	13	1.6177
12	14	0.795
12	15	0.23341
12	16	0.31593
12	17	0.20925
12	18	0.35121
12	19	0.22612
12	20	0.2471
12	21	0.16048
12	22	0.11989
12	23	0.031204
12	24	0.038117
12	25	0.040947
12	26	0.040142
12	27	0.030364
12	28	0.081748
12	29	0.14002
12	30	0.20273
12	31	0.08912
12	32	0.15744
12	33	0.26671
12	34	0.21337
12	35	0.21678
12	36	0.091442
13	14	1.7279
13	15	0.26951
13	16	0.22198
13	17	0.26164
13	18	0.34432
13	19	0.29707
13	20	0.23884
13	21	0.12943
13	22	0.065773
13	23	0.047686
13	24	0.064725
13	25	0.050061
13	26	0.040897
13	27	0.06187
13	28	0.05949
13	29	0.1019
13	30	0.072898
13	31	0.1135
13	32	0.17186
13	33	0.28078
13	34	0.48911
13	35	0.23467
13	36	0.13975
14	15	0.96831
14	16	0.43246
14	17	0.4388
14	18	0.30571
14	19	0.22984
14	20	0.12916
14	21	0.21522
14	22	0.12863
14	23	0.066956
14	24	0.068159
14	25	0.052718
14	26	0.086135
14	27	0.10859
14	28	0.13782
14	29	0.16096
14	30	0.10236
14	31	0.21514
14	32	0.20511
14	33	0.13354
14	34	0.071537
14	35	0.21805
14	36	0.19622
15	16	1.9217
15	17	0.75502
15	18	0.28493
15	19	0.16401
15	20	0.13272
15	21	0.32436
15	22	0.19319
15	23	0.30962
15	24	0.19611
15	25	0.1264
15	26	0.10621
15	27	0.1339
15	28	0.12875
15	29	0.25361
15	30	0.21036
15	31	0.22107
15	32	0.061992
15	33	0.15682
15	34	0.11762
15	35	0.059751
15	36	0.15122
16	17	1.8207
16	18	0.36826
16	19	0.18372
16	20	0.15649
16	21	0.48513
16	22	0.24203
16	23	0.28901
16	24	0.15691
16	25	0.11378
16	26	0.024787
16	27	0.12499
16	28	0.12619
16	29	0.16983
16	30	0.31295
16	31	0.24075
16	32	0.19096
16	33	0.068619
16	34	0.12351
16	35	0.20915
16	36	0.3529
17	18	1.429
17	19	0.28873
17	20	0.34158
17	21	0.41455
17	22	0.29832
17	23	0.16822
17	24	0.15412
17	25	0.0883
17	26	0.16231
17	27	0.10913
17	28	0.22036
17	29	0.22916
17	30	0.22502
17	31	0.24023
17	32	0.2122
17	33	0.1318
17	34	0.089866
17	35	0.21913
17	36	0.18487
18	19	1.3131
18	20	0.83292
18	21	0.45834
18	22	0.16454
18	23	0.087901
18	24	0.10738
18	25	0.13842
18	26	0.082925
18	27	0.057023
18	28	0.065796
18	29	0.15026
18	30	0.17917
18	31	0.094144
18	32	0.28511
18	33	0.192
18	34	0.25044
18	35	0.2799
18	36	0.085865
19	20	1.5814
19	21	0.46233
19	22	0.17886
19	23	0.065778
19	24	0.096423
19	25	0.08977
19	26	0.060926
19	27	0.076809
19	28	0.078779
19	29	0.13493
19	30	0.15083
19	31	0.15029
19	32	0.23706
19	33	0.31485
19	34	0.24738
19	35	0.21707
19	36	0.11566
20	21	0.99653
20	22	0.31464
20	23	0.16809
20	24	0.068444
20	25	0.17646
20	26	0.050455
20	27	0.063608
20	28	0.062909
20	29	0.16163
20	30	0.21413
20	31	0.12002
20	32	0.15145
20	33	0.28734
20	34	0.32326
20	35	0.32844
20	36	0.082097
21	22	1.2321
21	23	0.45826
21	24	0.19262
21	25	0.1707
21	26	0.12931
21	27	0.10549
21	28	0.2213
21	29	0.36958
21	30	0.15819
21	31	0.28498
21	32	0.29835
21	33	0.1095
21	34	0.20216
21	35	0.2054
21	36	0.2166
22	23	1.8758
22	24	0.46493
22	25	0.41739
22	26	0.24131
22	27	0.29099
22	28	0.3205
22	29	0.32676
22	30	0.24935
22	31	0.24749
22	32	0.23514
22	33	0.069709
22	34	0.12199
22	35	0.12395
22	36	0.35851
23	24	3.736
23	25	0.74231
23	26	0.62122
23	27	0.6489
23	28	0.41309
23	29	0.28745
23	30	0.18455
23	31	0.19703
23	32	0.14917
23	33	0.039309
23	34	0.029482
23	35	0.14977
23	36	0.10108
24	25	2.1527
24	26	0.79499
24	27	0.61956
24	28	0.44154
24	29	0.2701
24	30	0.12882
24	31	0.040113
24	32	0.16198
24	33	0.048019
24	34	0
24	35	0.073182
24	36	0.41159
25	26	2.2359
25	27	0.64598
25	28	0.27104
25	29	0.1973
25	30	0.31829
25	31	0.19391
25	32	0.1566
25	33	0.072216
25	34	0.03095
25	35	0.12578
25	36	0.10611
26	27	1.4278
26	28	0.49156
26	29	0.27307
26	30	0.1628
26	31	0.20277
26	32	0.03838
26	33	0.070796
26	34	0.045512
26	35	0.046241
26	36	0.26007
27	28	3.199
27	29	0.30122
27	30	0.25655
27	31	0.22368
27	32	0.19354
27	33	0.025501
27	34	0
27	35	0.019432
27	36	0.26229
28	29	1.9199
28	30	0.78937
28	31	0.40556
28	32	0.33498
28	33	0.088271
28	34	0.044135
28	35	0.11211
28	36	0.3783
29	30	2.5689
29	31	0.86833
29	32	0.43032
29	33	0.22679
29	34	0.13229
29	35	0.24963
29	36	0.51838
30	31	2.3154
30	32	0.66512
30	33	0.25539
30	34	0.20281
30	35	0.4808
30	36	0.23178
31	32	1.8285
31	33	0.40698
31	34	0.21051
31	35	0.62024
31	36	0.57739
32	33	1.4734
32	34	1.2325
32	35	1.1875
32	36	0.29143
33	34	4.0822
33	35	1.4679
33	36	0.40318
34	35	2.0994
34	36	0.086396
35	36	4.6524
