1	2	0.11568
1	3	0.051843
1	4	0.028964
1	5	0.01919
1	6	0.016425
1	7	0.0095349
1	8	0.010478
1	9	0.0072201
1	10	0.0061056
1	11	0.0087537
1	12	0.0063415
1	13	0.0031464
1	14	0.00688
1	15	0.0097019
1	16	0.0017216
1	17	0.0087414
1	18	0.0040484
1	19	0.0069981
1	20	0.0080724
1	21	0.010214
1	22	0.0046645
1	23	0.0053124
1	24	0.0060608
1	25	0.0035616
1	26	0.0063785
1	27	0
1	28	0
1	29	0.0021788
1	30	0.005208
1	31	0.0062945
1	32	0.0039704
1	33	0.0052175
1	34	0.0090497
1	35	0.005346
1	36	0.0049009
1	37	0.0062664
1	38	0.0029996
1	39	0.00677
1	40	0.0043791
1	41	0.0022207
1	42	0.0065271
1	43	0.0069934
1	44	0.0075289
1	45	0.009275
1	46	0.0039223
1	47	0.0036235
1	48	0.0059933
1	49	0.003209
1	50	0.0068143
1	51	0.0047514
1	52	0.0017317
1	53	0.0038652
1	54	0.0039185
1	55	0.0073074
1	56	0.00271
1	57	0.0055535
1	58	0.0062989
1	59	0
1	60	0.007313
1	61	0.014007
1	62	0.026999
2	3	0.13785
2	4	0.046838
2	5	0.021421
2	6	0.010901
2	7	0.012588
2	8	0.0046358
2	9	0.0074055
2	10	0.0035363
2	11	0.0079219
2	12	0.0022956
2	13	0.0018224
2	14	0.0036226
2	15	0.0074372
2	16	0.0078938
2	17	0.0054246
2	18	0.0073277
2	19	0.00456
2	20	0.0040462
2	21	0.006471
2	22	0.0024124
2	23	0.0038465
2	24	0.0021942
2	25	0.0036105
2	26	0.003849
2	27	0
2	28	0
2	29	0.0086773
2	30	0.0050283
2	31	0.0065115
2	32	0.010925
2	33	0.0075563
2	34	0.0072083
2	35	0.0060831
2	36	0.0035487
2	37	0.0045372
2	38	0.0039094
2	39	0.0044563
2	40	0.0022648
2	41	0.0058958
2	42	0.0059076
2	43	0.0070893
2	44	0.0049064
2	45	0.0083948
2	46	0.0039761
2	47	0.0057721
2	48	0.0043396
2	49	0.0029044
2	50	0.0026912
2	51	0.0047304
2	52	0.00041796
2	53	0.0018658
2	54	0.00056745
2	55	0.0047031
2	56	0.0053962
2	57	0.0071488
2	58	0.0015203
2	59	0.0013951
2	60	0.008473
2	61	0.012174
2	62	0.0043457
3	4	0.11164
3	5	0.031678
3	6	0.016047
3	7	0.011336
3	8	0.0084708
3	9	0.007783
3	10	0.0054297
3	11	0.0070769
3	12	0.0038451
3	13	0.0035612
3	14	0.0050566
3	15	0.007382
3	16	0.0051032
3	17	0.0040383
3	18	0.0060006
3	19	0.005092
3	20	0.0060243
3	21	0.0056776
3	22	0.0037714
3	23	0.0032216
3	24	0.0049006
3	25	0.0057599
3	26	0.0042984
3	27	0.0039149
3	28	0
3	29	0.0044047
3	30	0.010529
3	31	0.0058175
3	32	0.0083478
3	33	0.006329
3	34	0.010977
3	35	0.0067932
3	36	0.0090581
3	37	0.0036849
3	38	0.0043657
3	39	0.0054741
3	40	0.0020233
3	41	0.0029927
3	42	0.0032986
3	43	0.0073513
3	44	0.0054791
3	45	0.0081248
3	46	0.0063431
3	47	0.0087899
3	48	0.0083078
3	49	0.0051895
3	50	0.0035061
3	51	0.0048023
3	52	0.001867
3	53	0.00052087
3	54	0.00063368
3	55	0.002626
3	56	0.0038347
3	57	0.0034927
3	58	0.00056593
3	59	0.00077899
3	60	0.005914
3	61	0.010197
3	62	0.0097074
4	5	0.10721
4	6	0.03708
4	7	0.012874
4	8	0.010689
4	9	0.0071821
4	10	0.006727
4	11	0.0060278
4	12	0.0043669
4	13	0.0040445
4	14	0.00402
4	15	0.0036678
4	16	0.0068492
4	17	0.0040129
4	18	0.0030977
4	19	0.0083535
4	20	0.0085526
4	21	0.0082073
4	22	0.0079555
4	23	0.0042693
4	24	0.0048708
4	25	0.005889
4	26	0.0058601
4	27	0
4	28	0
4	29	0.0080061
4	30	0.0087719
4	31	0.0074356
4	32	0.0080249
4	33	0.0063916
4	34	0.0074826
4	35	0.0077173
4	36	0.0057881
4	37	0.0068018
4	38	0.003306
4	39	0.0045222
4	40	0.0017237
4	41	0.0027195
4	42	0.0089929
4	43	0.0044966
4	44	0.0076073
4	45	0.0042598
4	46	0.0050439
4	47	0.0066568
4	48	0.010224
4	49	0.0044212
4	50	0.0011379
4	51	0.0032729
4	52	0.0015905
4	53	0.0011833
4	54	0.0021594
4	55	0.002983
4	56	0.0068451
4	57	0.0034008
4	58	0.0019287
4	59	0.002655
4	60	0.0067191
4	61	0.0090139
4	62	0.0082756
5	6	0.10562
5	7	0.020886
5	8	0.017253
5	9	0.016464
5	10	0.010672
5	11	0.013305
5	12	0.0064257
5	13	0.0052606
5	14	0.0080811
5	15	0.010842
5	16	0.0078491
5	17	0.0066429
5	18	0.010256
5	19	0.0063829
5	20	0.0075517
5	21	0.0063092
5	22	0.0070932
5	23	0.0035349
5	24	0.0086425
5	25	0.009754
5	26	0.0032359
5	27	0
5	28	0
5	29	0.0074593
5	30	0.0072655
5	31	0.0068435
5	32	0.0048341
5	33	0.0046326
5	34	0.0048203
5	35	0.0063913
5	36	0.0069237
5	37	0.0082314
5	38	0.0068435
5	39	0.0023403
5	40	0.0033302
5	41	0.0045037
5	42	0.0031028
5	43	0.0074472
5	44	0.0051542
5	45	0.0035276
5	46	0.0035801
5	47	0.0055127
5	48	0.0065127
5	49	0.0042712
5	50	0.0014131
5	51	0.0036132
5	52	0.0057068
5	53	0.0014696
5	54	0.0029801
5	55	0.0074101
5	56	0.0077293
5	57	0.005163
5	58	0.002662
5	59	0.0036651
5	60	0.007792
5	61	0.0042694
5	62	0.0045741
6	7	0.058715
6	8	0.034822
6	9	0.023478
6	10	0.013101
6	11	0.013518
6	12	0.0089341
6	13	0.0077745
6	14	0.011388
6	15	0.013357
6	16	0.0074616
6	17	0.0073074
6	18	0.010092
6	19	0.012743
6	20	0.0060578
6	21	0.0095517
6	22	0.0091051
6	23	0.0043217
6	24	0.0093688
6	25	0.0060296
6	26	0.0076173
6	27	0.0063101
6	28	0
6	29	0.0063846
6	30	0.0090462
6	31	0.0041008
6	32	0.004138
6	33	0.0050987
6	34	0.0047155
6	35	0.0039786
6	36	0.0086611
6	37	0.0055615
6	38	0.0054663
6	39	0.0056081
6	40	0.0048857
6	41	0.0052997
6	42	0.0037178
6	43	0.0072844
6	44	0.0088228
6	45	0.0055352
6	46	0.0040855
6	47	0.0037746
6	48	0.0039019
6	49	0.0015666
6	50	0.0044342
6	51	0.0042517
6	52	0.0037569
6	53	0.0029345
6	54	0.0035707
6	55	0.0063418
6	56	0.002646
6	57	0.0052223
6	58	0.0022784
6	59	0.00062747
6	60	0.0047645
6	61	0.0027423
6	62	0.003918
7	8	0.15872
7	9	0.050641
7	10	0.027963
7	11	0.02156
7	12	0.016323
7	13	0.018097
7	14	0.014991
7	15	0.012458
7	16	0.014055
7	17	0.0086445
7	18	0.011141
7	19	0.0089468
7	20	0.011908
7	21	0.010546
7	22	0.0095906
7	23	0.0070819
7	24	0.010909
7	25	0.0091225
7	26	0.0096491
7	27	0
7	28	0
7	29	0.010465
7	30	0.0037073
7	31	0.0033615
7	32	0.00084793
7	33	0.0013931
7	34	0.0024156
7	35	0.0016303
7	36	0.0018678
7	37	0.0030379
7	38	0.0044788
7	39	0.0042669
7	40	0.0050038
7	41	0.006711
7	42	0.0056576
7	43	0.0033576
7	44	0.00241
7	45	0.0028864
7	46	0.0037663
7	47	0.0015466
7	48	0.0036542
7	49	0.0051348
7	50	0.0036328
7	51	0.0057002
7	52	0.0064641
7	53	0.0054954
7	54	0.0045975
7	55	0.0034642
7	56	0.0032522
7	57	0.0032918
7	58	0.0022405
7	59	0.0010286
7	60	0.0046866
7	61	0.0022495
7	62	0.0016074
8	9	0.089152
8	10	0.034423
8	11	0.018748
8	12	0.018986
8	13	0.016348
8	14	0.019016
8	15	0.011354
8	16	0.015221
8	17	0.013113
8	18	0.010817
8	19	0.0077381
8	20	0.0068664
8	21	0.0095332
8	22	0.013272
8	23	0.01176
8	24	0.0079671
8	25	0.0086787
8	26	0.0047125
8	27	0.0053689
8	28	0.0045812
8	29	0.0036202
8	30	0.0033666
8	31	0.0019935
8	32	0.00264
8	33	0.0024097
8	34	0.0020056
8	35	0.0038069
8	36	0.00504
8	37	0.004414
8	38	0.0049804
8	39	0.0030658
8	40	0.0083091
8	41	0.0049165
8	42	0.0036134
8	43	0.0034847
8	44	0.00083372
8	45	0.0012839
8	46	0.0047774
8	47	0.0032103
8	48	0.0023703
8	49	0.0035528
8	50	0.0044559
8	51	0.0055874
8	52	0.004792
8	53	0.0067729
8	54	0.0047716
8	55	0.0017977
8	56	0.0030003
8	57	0.0040997
8	58	0.0046505
8	59	0.002135
8	60	0.0016213
8	61	0.0015563
8	62	0.0050042
9	10	0.072924
9	11	0.035328
9	12	0.027481
9	13	0.030568
9	14	0.021091
9	15	0.013695
9	16	0.014754
9	17	0.014271
9	18	0.014268
9	19	0.0088002
9	20	0.0085187
9	21	0.0098556
9	22	0.013339
9	23	0.013676
9	24	0.010836
9	25	0.011417
9	26	0.0097413
9	27	0.0083228
9	28	0.01419
9	29	0.0062366
9	30	0.0029825
9	31	0.0030905
9	32	0.0050025
9	33	0.0024905
9	34	0.0036276
9	35	0.0039349
9	36	0.0024044
9	37	0.0048888
9	38	0.0051483
9	39	0.0045777
9	40	0.0082315
9	41	0.0042352
9	42	0.0023345
9	43	0.0024014
9	44	0.0021545
9	45	0.0026542
9	46	0.0044894
9	47	0.002074
9	48	0.0019601
9	49	0.0027544
9	50	0.0056693
9	51	0.0061156
9	52	0.0049536
9	53	0.0070015
9	54	0.0049324
9	55	0.0027874
9	56	0.003489
9	57	0.0045909
9	58	0.0052076
9	59	0.0044134
9	60	0.0025135
9	61	0.001608
9	62	0.0017233
10	11	0.099591
10	12	0.059435
10	13	0.052171
10	14	0.031551
10	15	0.017863
10	16	0.0096459
10	17	0.013392
10	18	0.014867
10	19	0.0093339
10	20	0.011883
10	21	0.01037
10	22	0.013147
10	23	0.015033
10	24	0.0087964
10	25	0.0099305
10	26	0.016064
10	27	0.014078
10	28	0.0048052
10	29	0.0075945
10	30	0.0030267
10	31	0.0015682
10	32	0.00092303
10	33	0.0015165
10	34	0.0021036
10	35	0.001331
10	36	0.0028465
10	37	0.0029763
10	38	0.0045273
10	39	0.0039303
10	40	0.0076259
10	41	0.006446
10	42	0.0033163
10	43	0.0032489
10	44	0.0013117
10	45	0.0017955
10	46	0.0027333
10	47	0.0004209
10	48	0.0014917
10	49	0.0041922
10	50	0.0057523
10	51	0.0037921
10	52	0.0060315
10	53	0.0067301
10	54	0.0063698
10	55	0.0051853
10	56	0.0059005
10	57	0.0035834
10	58	0.0077233
10	59	0.0033591
10	60	0.0034011
10	61	0
10	62	0
11	12	0.13149
11	13	0.048053
11	14	0.03022
11	15	0.014227
11	16	0.015795
11	17	0.013945
11	18	0.01297
11	19	0.013454
11	20	0.010003
11	21	0.010619
11	22	0.010048
11	23	0.010017
11	24	0.010641
11	25	0.010011
11	26	0.012734
11	27	0.0050463
11	28	0.004307
11	29	0.0062381
11	30	0.0027122
11	31	0.0014053
11	32	0.0028949
11	33	0.0018119
11	34	0.0023563
11	35	0.0023854
11	36	0.0032795
11	37	0.0074081
11	38	0.0059291
11	39	0.0067234
11	40	0.0035793
11	41	0.005776
11	42	0.0025471
11	43	0.0050947
11	44	0.0015672
11	45	0.0012067
11	46	0.0028574
11	47	0.0033944
11	48	0.0026733
11	49	0.0033391
11	50	0.0041879
11	51	0.0037068
11	52	0.0054046
11	53	0.0043554
11	54	0.0044846
11	55	0.0054911
11	56	0.0052872
11	57	0.006422
11	58	0.0050994
11	59	0.0045151
11	60	0.0038096
11	61	0.00073145
11	62	0
12	13	0.099465
12	14	0.034527
12	15	0.019183
12	16	0.01353
12	17	0.01723
12	18	0.012867
12	19	0.0094835
12	20	0.010597
12	21	0.011219
12	22	0.015395
12	23	0.021352
12	24	0.01104
12	25	0.0093115
12	26	0.010161
12	27	0.0097486
12	28	0.0041598
12	29	0.0082166
12	30	0.0030564
12	31	0.0018098
12	32	0.0015979
12	33	0.00087508
12	34	0.0013656
12	35	0.0019201
12	36	0.0021118
12	37	0.003721
12	38	0.0060285
12	39	0.0015463
12	40	0.010058
12	41	0.0040914
12	42	0.0020503
12	43	0.0017575
12	44	0.0022707
12	45	0.0015541
12	46	0.00276
12	47	0.0010929
12	48	0.00043038
12	49	0.0052412
12	50	0.0049787
12	51	0.0050724
12	52	0.0055105
12	53	0.0077668
12	54	0.0059071
12	55	0.003264
12	56	0.0034047
12	57	0.0031016
12	58	0.0045738
12	59	0.010176
12	60	0.0080955
12	61	0.001413
12	62	0.003029
13	14	0.075129
13	15	0.016024
13	16	0.020226
13	17	0.027233
13	18	0.019758
13	19	0.010875
13	20	0.011506
13	21	0.012596
13	22	0.019529
13	23	0.025426
13	24	0.013599
13	25	0.0089557
13	26	0.0082786
13	27	0
13	28	0.0099053
13	29	0.0078274
13	30	0.0025996
13	31	0.0048489
13	32	0
13	33	0.001042
13	34	0.00054204
13	35	0.0022864
13	36	0.0020956
13	37	0.0047718
13	38	0.0064609
13	39	0.0025778
13	40	0.014222
13	41	0.0093012
13	42	0.0014649
13	43	0.0025114
13	44	0.0018026
13	45	0.0023132
13	46	0.0028171
13	47	0
13	48	0.0015375
13	49	0.0028805
13	50	0.0029643
13	51	0.0024872
13	52	0.0055258
13	53	0.01079
13	54	0.0070341
13	55	0.0019434
13	56	0.0024326
13	57	0.0051707
13	58	0.009636
13	59	0.0098094
13	60	0.00087635
13	61	0.00084123
13	62	0.0018033
14	15	0.049481
14	16	0.03953
14	17	0.038937
14	18	0.022846
14	19	0.022867
14	20	0.016602
14	21	0.0129
14	22	0.018223
14	23	0.013426
14	24	0.013968
14	25	0.014411
14	26	0.0082279
14	27	0.0057683
14	28	0.0098399
14	29	0.012318
14	30	0.002067
14	31	0.0021419
14	32	0.0023638
14	33	0.0036247
14	34	0
14	35	0.0031814
14	36	0.0037492
14	37	0.0060981
14	38	0.0042812
14	39	0.0065886
14	40	0.0040922
14	41	0.0061633
14	42	0.0033973
14	43	0.0029122
14	44	0.005375
14	45	0.0018393
14	46	0.0018667
14	47	0.0030182
14	48	0.0020375
14	49	0.0014316
14	50	0.0058929
14	51	0.0035316
14	52	0.0065222
14	53	0.0076608
14	54	0.0060593
14	55	0.0043462
14	56	0.0048357
14	57	0.0055064
14	58	0.0066626
14	59	0.0057349
14	60	0.0034839
14	61	0.0025079
14	62	0.0017919
15	16	0.15697
15	17	0.059532
15	18	0.02669
15	19	0.016687
15	20	0.014471
15	21	0.013499
15	22	0.010481
15	23	0.0075657
15	24	0.0098659
15	25	0.0065749
15	26	0.0080858
15	27	0.0052645
15	28	0
15	29	0.005324
15	30	0.005187
15	31	0.0024432
15	32	0.0017256
15	33	0.0047254
15	34	0.0034412
15	35	0.0049765
15	36	0.0034209
15	37	0.0043273
15	38	0.003906
15	39	0.0066791
15	40	0.0040729
15	41	0.0032132
15	42	0.0026569
15	43	0.0037959
15	44	0.0028608
15	45	0.0025174
15	46	0.0034063
15	47	0.0027539
15	48	0.0037181
15	49	0.0030476
15	50	0.0033601
15	51	0.003222
15	52	0.0028187
15	53	0.003844
15	54	0.0038273
15	55	0.0048465
15	56	0.0025737
15	57	0.0040193
15	58	0.0026596
15	59	0.0036633
15	60	0.0039741
15	61	0.0022895
15	62	0.0049084
16	17	0.12584
16	18	0.040438
16	19	0.022118
16	20	0.018611
16	21	0.012181
16	22	0.014172
16	23	0.010868
16	24	0.0074403
16	25	0.0077779
16	26	0.0081306
16	27	0.0026469
16	28	0.004521
16	29	0.0059483
16	30	0.0023708
16	31	0.0034395
16	32	0.002169
16	33	0.0019006
16	34	0.001483
16	35	0.002919
16	36	0.003822
16	37	0.0049727
16	38	0.005564
16	39	0.0063801
16	40	0.0034128
16	41	0.0044426
16	42	0.0044526
16	43	0.0041986
16	44	0.0020547
16	45	0.0016875
16	46	0.0042814
16	47	0.00079119
16	48	0.0023367
16	49	0.0043778
16	50	0.0033787
16	51	0.0032398
16	52	0.0028342
16	53	0.0038652
16	54	0.0038484
16	55	0.0017721
16	56	0.0033273
16	57	0.0047151
16	58	0.0022923
16	59	0.0026311
16	60	0.0015985
16	61	0.0023023
16	62	0.0016453
17	18	0.081209
17	19	0.036517
17	20	0.02283
17	21	0.016663
17	22	0.01463
17	23	0.015373
17	24	0.010794
17	25	0.011002
17	26	0.01011
17	27	0.014398
17	28	0
17	29	0.0045304
17	30	0.0041271
17	31	0.0037422
17	32	0.0028319
17	33	0.0015509
17	34	0
17	35	0.0018149
17	36	0.0037427
17	37	0.0067636
17	38	0.0039174
17	39	0.007673
17	40	0.0040848
17	41	0.0039551
17	42	0.0024224
17	43	0.0016612
17	44	0.00313
17	45	0.0018361
17	46	0.0037268
17	47	0.0017217
17	48	0.0025425
17	49	0.0047634
17	50	0.011397
17	51	0.0042303
17	52	0.0051399
17	53	0.0057352
17	54	0.0037222
17	55	0.0033744
17	56	0.0024136
17	57	0.004031
17	58	0.0045726
17	59	0.0028627
17	60	0.0034783
17	61	0.0016697
17	62	0.0017897
18	19	0.08791
18	20	0.040993
18	21	0.024149
18	22	0.019658
18	23	0.01917
18	24	0.014582
18	25	0.014175
18	26	0.010925
18	27	0.0093345
18	28	0
18	29	0.0076934
18	30	0.0089196
18	31	0.006932
18	32	0.00102
18	33	0.0011173
18	34	0.0023247
18	35	0.0039225
18	36	0.0040446
18	37	0.0047512
18	38	0.0088523
18	39	0.006318
18	40	0.0040133
18	41	0.006174
18	42	0.0010471
18	43	0.0040394
18	44	0.0048321
18	45	0.0034725
18	46	0.0010069
18	47	0.0018606
18	48	0.0038466
18	49	0.0066922
18	50	0.0043706
18	51	0.0049529
18	52	0.0048142
18	53	0.0041322
18	54	0.0055311
18	55	0.0057306
18	56	0.0052168
18	57	0.0035642
18	58	0.0062892
18	59	0.0024748
18	60	0.0018793
18	61	0.0027056
18	62	0.0019332
19	20	0.135
19	21	0.037785
19	22	0.019504
19	23	0.011046
19	24	0.01815
19	25	0.015651
19	26	0.012747
19	27	0.0032268
19	28	0
19	29	0.012332
19	30	0.0086725
19	31	0.0053919
19	32	0.0037027
19	33	0.0028968
19	34	0.0066304
19	35	0.0066109
19	36	0.0051272
19	37	0.0041699
19	38	0.0071856
19	39	0.006553
19	40	0.006244
19	41	0.0054186
19	42	0.0010861
19	43	0.0046551
19	44	0.0045106
19	45	0.002058
19	46	0.0046995
19	47	0.0019298
19	48	0.0051295
19	49	0.0074751
19	50	0.0057697
19	51	0.0039517
19	52	0.0046093
19	53	0.0025716
19	54	0.0046938
19	55	0.0048631
19	56	0.009018
19	57	0.0061612
19	58	0.0037274
19	59	0.0025666
19	60	0.0029235
19	61	0.0037407
19	62	0.0020045
20	21	0.077982
20	22	0.034613
20	23	0.018427
20	24	0.022815
20	25	0.01515
20	26	0.0094251
20	27	0.0057262
20	28	0
20	29	0.0070801
20	30	0.0056431
20	31	0.0058474
20	32	0.0042241
20	33	0.0046266
20	34	0.0026742
20	35	0.0018049
20	36	0.0053766
20	37	0.0043728
20	38	0.006376
20	39	0.008722
20	40	0.0066485
20	41	0.0052451
20	42	0.0077097
20	43	0.0024783
20	44	0.0048918
20	45	0.0013696
20	46	0.0041699
20	47	0.0025685
20	48	0.0040458
20	49	0.0042639
20	50	0.0065824
20	51	0.0052597
20	52	0.0044307
20	53	0.0068456
20	54	0.0046277
20	55	0.0028767
20	56	0.0052012
20	57	0.0069248
20	58	0.0045477
20	59	0.0074015
20	60	0.0043233
20	61	0
20	62	0.0017784
21	22	0.087361
21	23	0.026607
21	24	0.027138
21	25	0.015575
21	26	0.015502
21	27	0.014714
21	28	0
21	29	0.012573
21	30	0.0058012
21	31	0.004918
21	32	0.0024124
21	33	0.0026422
21	34	0.0043986
21	35	0.004175
21	36	0.0034017
21	37	0.0065712
21	38	0.0069201
21	39	0.007847
21	40	0.0060765
21	41	0.0098872
21	42	0.0064405
21	43	0.0050961
21	44	0.004115
21	45	0.003755
21	46	0.0047637
21	47	0.0030808
21	48	0.0072793
21	49	0.003897
21	50	0.0052643
21	51	0.0057687
21	52	0.0059575
21	53	0.0058658
21	54	0.0066615
21	55	0.0059156
21	56	0.0041137
21	57	0.0063702
21	58	0.0034004
21	59	0.0046823
21	60	0.0062219
21	61	0.0051156
21	62	0.0018271
22	23	0.086273
22	24	0.041294
22	25	0.026193
22	26	0.025619
22	27	0.015356
22	28	0.0052246
22	29	0.0075978
22	30	0.0055045
22	31	0.0022813
22	32	0.0020143
22	33	0.0011031
22	34	0.0051649
22	35	0.0029053
22	36	0.0048823
22	37	0.008304
22	38	0.0083647
22	39	0.0066312
22	40	0.0075329
22	41	0.0098522
22	42	0.0046544
22	43	0.0026598
22	44	0.0038181
22	45	0.0014699
22	46	0.001989
22	47	0.0018377
22	48	0.0048848
22	49	0.005085
22	50	0.0070659
22	51	0.0026347
22	52	0.0080484
22	53	0.0048988
22	54	0.012418
22	55	0.00669
22	56	0.0042942
22	57	0.0066496
22	58	0.0093174
22	59	0.0085525
22	60	0.0037107
22	61	0.0035582
22	62	0.0095305
23	24	0.082789
23	25	0.035103
23	26	0.021498
23	27	0.03366
23	28	0.015599
23	29	0.0068832
23	30	0.0027426
23	31	0.0011366
23	32	0.0015054
23	33	0.0010991
23	34	0.0011437
23	35	0.0019302
23	36	0.001327
23	37	0.0075565
23	38	0.0068209
23	39	0.0089415
23	40	0.015015
23	41	0.0093516
23	42	0.002577
23	43	0.0035344
23	44	0.0023782
23	45	0.00097658
23	46	0.0014867
23	47	0.0018314
23	48	0.0021636
23	49	0.0030407
23	50	0.004695
23	51	0.0067525
23	52	0.0083861
23	53	0.010579
23	54	0.010396
23	55	0.0082061
23	56	0.0034238
23	57	0.0050677
23	58	0.012823
23	59	0.013392
23	60	0.0055462
23	61	0.0017721
23	62	0.0018983
24	25	0.085745
24	26	0.04292
24	27	0.031417
24	28	0.0059293
24	29	0.012565
24	30	0.0037546
24	31	0.0051866
24	32	0.0040073
24	33	0.0031348
24	34	0.0045668
24	35	0.0022021
24	36	0.0090836
24	37	0.010674
24	38	0.012538
24	39	0.010645
24	40	0.011271
24	41	0.008002
24	42	0.0058803
24	43	0.0020162
24	44	0.00054265
24	45	0.0033425
24	46	0.0011308
24	47	0.0020894
24	48	0.0006171
24	49	0.0063601
24	50	0.0071423
24	51	0.0068481
24	52	0.0070719
24	53	0.0088203
24	54	0.0033888
24	55	0.010533
24	56	0.0083008
24	57	0.010229
24	58	0.0095847
24	59	0.0062503
24	60	0.0073818
24	61	0.0020214
24	62	0.0043305
25	26	0.089343
25	27	0.045933
25	28	0.022245
25	29	0.012552
25	30	0.0070594
25	31	0.0060944
25	32	0.0026909
25	33	0.0041256
25	34	0.00368
25	35	0.0036232
25	36	0.005694
25	37	0.010424
25	38	0.0073184
25	39	0.011679
25	40	0.010175
25	41	0.0070235
25	42	0.0044236
25	43	0.0033178
25	44	0.002041
25	45	0.0036668
25	46	0.0037216
25	47	0.0029469
25	48	0.0040618
25	49	0.0038059
25	50	0.007557
25	51	0.0064403
25	52	0.0086067
25	53	0.0078586
25	54	0.0090293
25	55	0.0071534
25	56	0.0091833
25	57	0.0092004
25	58	0.014704
25	59	0.011099
25	60	0.016852
25	61	0.0028482
25	62	0.0020334
26	27	0.088108
26	28	0.033126
26	29	0.026446
26	30	0.0087789
26	31	0.0027282
26	32	0.0032124
26	33	0.0035178
26	34	0.0027459
26	35	0.00309
26	36	0.003541
26	37	0.0086447
26	38	0.0030346
26	39	0.012452
26	40	0.0075946
26	41	0.0059909
26	42	0.0082535
26	43	0.0035372
26	44	0.0030464
26	45	0.0031274
26	46	0.0047612
26	47	0.0021992
26	48	0.0086608
26	49	0.0040578
26	50	0.011908
26	51	0.0054079
26	52	0.0070078
26	53	0.0045622
26	54	0.0023785
26	55	0.006571
26	56	0.0068538
26	57	0.0087387
26	58	0.0084955
26	59	0.0077941
26	60	0.013312
26	61	0.0042473
26	62	0.0030316
27	28	0
27	29	0.010035
27	30	0.015987
27	31	0
27	32	0.0036562
27	33	0
27	34	0
27	35	0
27	36	0.003225
27	37	0.0052499
27	38	0
27	39	0.0056717
27	40	0.014414
27	41	0.0034108
27	42	0
27	43	0
27	44	0
27	45	0
27	46	0
27	47	0
27	48	0
27	49	0
27	50	0.002855
27	51	0
27	52	0.0079798
27	53	0.0029688
27	54	0.010833
27	55	0
27	56	0.0031215
27	57	0.011371
27	58	0.012896
27	59	0.013307
27	60	0.0067334
27	61	0
27	62	0
28	29	0.017006
28	30	0.013527
28	31	0.020995
28	32	0
28	33	0.0067684
28	34	0
28	35	0
28	36	0
28	37	0
28	38	0.0093931
28	39	0
28	40	0.0048983
28	41	0.0057937
28	42	0.00638
28	43	0
28	44	0
28	45	0
28	46	0
28	47	0
28	48	0
28	49	0.0062752
28	50	0
28	51	0.0046521
28	52	0.013559
28	53	0.0050471
28	54	0.012266
28	55	0
28	56	0
28	57	0.0048229
28	58	0.0054677
28	59	0.045031
28	60	0
28	61	0
28	62	0
29	30	0.09627
29	31	0.02237
29	32	0.014816
29	33	0.018027
29	34	0.0093804
29	35	0.0094996
29	36	0.018869
29	37	0.015353
29	38	0.019899
29	39	0.019138
29	40	0.019453
29	41	0.016113
29	42	0.012686
29	43	0.0065241
29	44	0.010145
29	45	0.0040058
29	46	0.0016263
29	47	0.0037559
29	48	0.01065
29	49	0.0074841
29	50	0.0070633
29	51	0.0086189
29	52	0.013762
29	53	0.0086808
29	54	0.012997
29	55	0.014307
29	56	0.012641
29	57	0.0095941
29	58	0.012333
29	59	0.018972
29	60	0.016677
29	61	0.0043557
29	62	0.0062191
30	31	0.088361
30	32	0.028852
30	33	0.029441
30	34	0.019431
30	35	0.021445
30	36	0.026599
30	37	0.012234
30	38	0.0099107
30	39	0.0076254
30	40	0.0036171
30	41	0.012229
30	42	0.01213
30	43	0.013285
30	44	0.013058
30	45	0.010214
30	46	0.011662
30	47	0.0095765
30	48	0.0099
30	49	0.0079515
30	50	0.0030703
30	51	0.007359
30	52	0.002384
30	53	0.0021285
30	54	0.0038839
30	55	0.0087182
30	56	0.0072748
30	57	0.0076447
30	58	0.0034682
30	59	0.001591
30	60	0.014493
30	61	0.0069364
30	62	0.004951
31	32	0.1311
31	33	0.041654
31	34	0.030193
31	35	0.022869
31	36	0.020966
31	37	0.012188
31	38	0.007701
31	39	0.0089536
31	40	0.0069598
31	41	0.010136
31	42	0.0069815
31	43	0.0095746
31	44	0.010307
31	45	0.0066135
31	46	0.0087262
31	47	0.0080609
31	48	0.013919
31	49	0.009611
31	50	0.0068924
31	51	0.005083
31	52	0.003952
31	53	0.003308
31	54	0.0046946
31	55	0.0076428
31	56	0.0040583
31	57	0.0058079
31	58	0.0059884
31	59	0.0032962
31	60	0.0075063
31	61	0.009577
31	62	0.010252
32	33	0.11955
32	34	0.044439
32	35	0.029428
32	36	0.020102
32	37	0.0068876
32	38	0.0058934
32	39	0.0074411
32	40	0.0037819
32	41	0.006153
32	42	0.0086309
32	43	0.011625
32	44	0.0096708
32	45	0.01168
32	46	0.0082983
32	47	0.011499
32	48	0.011644
32	49	0.0048496
32	50	0.0046814
32	51	0.0085276
32	52	0.002181
32	53	0.0024341
32	54	0.0005922
32	55	0.0030676
32	56	0.0046075
32	57	0.0051287
32	58	0.0015864
32	59	0.0014555
32	60	0.0066291
32	61	0.00846
32	62	0
33	34	0.13326
33	35	0.029067
33	36	0.023172
33	37	0.0037716
33	38	0.0049648
33	39	0.0076399
33	40	0.0015532
33	41	0.003063
33	42	0.010127
33	43	0.0092591
33	44	0.014952
33	45	0.0083142
33	46	0.005193
33	47	0.011393
33	48	0.0092099
33	49	0.0039833
33	50	0.0025636
33	51	0.0044239
33	52	0.0033441
33	53	0.0015995
33	54	0.0038913
33	55	0.0026876
33	56	0.0039246
33	57	0.0035742
33	58	0.0017373
33	59	0
33	60	0.0036295
33	61	0.0092618
33	62	0.012394
34	35	0.096667
34	36	0.035569
34	37	0.010793
34	38	0.0072328
34	39	0.00795
34	40	0.0021549
34	41	0.0063746
34	42	0.0091335
34	43	0.0090331
34	44	0.0084281
34	45	0.0086521
34	46	0.010133
34	47	0.013104
34	48	0.013271
34	49	0.0055267
34	50	0.003201
34	51	0.0051148
34	52	0.00099421
34	53	0.0011096
34	54	0.0013498
34	55	0.0055935
34	56	0.0052508
34	57	0.001594
34	58	0.0030133
34	59	0.0024881
34	60	0.012592
34	61	0.0072325
34	62	0.0077437
35	36	0.13431
35	37	0.018214
35	38	0.01177
35	39	0.010733
35	40	0.0050004
35	41	0.0086064
35	42	0.015415
35	43	0.0086391
35	44	0.0098477
35	45	0.0044931
35	46	0.0096905
35	47	0.014745
35	48	0.0087101
35	49	0.0093274
35	50	0.0031511
35	51	0.0064738
35	52	0.0016778
35	53	0.00046812
35	54	0.001139
35	55	0.00413
35	56	0.0059078
35	57	0.0049323
35	58	0.0040686
35	59	0.0034999
35	60	0.0063768
35	61	0.011196
35	62	0.0065395
36	37	0.069441
36	38	0.021979
36	39	0.026237
36	40	0.0062505
36	41	0.013806
36	42	0.022283
36	43	0.01118
36	44	0.012037
36	45	0.010812
36	46	0.013586
36	47	0.0077239
36	48	0.010836
36	49	0.011222
36	50	0.0070147
36	51	0.005143
36	52	0.0069211
36	53	0.0025746
36	54	0.0046983
36	55	0.0059492
36	56	0.007672
36	57	0.0078097
36	58	0.0037297
36	59	0.0077007
36	60	0.0048718
36	61	0.0083999
36	62	0.013993
37	38	0.12873
37	39	0.041356
37	40	0.025085
37	41	0.01765
37	42	0.017244
37	43	0.0098543
37	44	0.0065287
37	45	0.0071212
37	46	0.0072274
37	47	0.008641
37	48	0.0097445
37	49	0.0082604
37	50	0.0070488
37	51	0.0070802
37	52	0.0087583
37	53	0.0087266
37	54	0.005521
37	55	0.01012
37	56	0.011382
37	57	0.0080261
37	58	0.0083451
37	59	0.010444
37	60	0.0095156
37	61	0.0038002
37	62	0.0065132
38	39	0.082537
38	40	0.02606
38	41	0.027458
38	42	0.019091
38	43	0.013171
38	44	0.010313
38	45	0.0026468
38	46	0.010297
38	47	0.003309
38	48	0.00733
38	49	0.008699
38	50	0.012018
38	51	0.0091507
38	52	0.012188
38	53	0.01066
38	54	0.0089448
38	55	0.0083404
38	56	0.0073463
38	57	0.010213
38	58	0.0095871
38	59	0.0082491
38	60	0.010856
38	61	0.0056029
38	62	0.0034296
39	40	0.062994
39	41	0.048538
39	42	0.031528
39	43	0.018426
39	44	0.0096985
39	45	0.011767
39	46	0.0082676
39	47	0.0038191
39	48	0.0075198
39	49	0.011273
39	50	0.013418
39	51	0.0076494
39	52	0.010138
39	53	0.0071654
39	54	0.010094
39	55	0.011409
39	56	0.012297
39	57	0.011562
39	58	0.0073766
39	59	0.011284
39	60	0.013707
39	61	0.011495
39	62	0.0070359
40	41	0.111
40	42	0.0087399
40	43	0.0091565
40	44	0.0031366
40	45	0.00414
40	46	0.0046686
40	47	0.001294
40	48	0.0020383
40	49	0.011936
40	50	0.011058
40	51	0.0088351
40	52	0.016831
40	53	0.023765
40	54	0.020054
40	55	0.013046
40	56	0.0060477
40	57	0.012486
40	58	0.035823
40	59	0.029247
40	60	0.0034832
40	61	0.0025041
40	62	0.0035766
41	42	0.085034
41	43	0.023147
41	44	0.015907
41	45	0.0048989
41	46	0.0055244
41	47	0.0071452
41	48	0.0084415
41	49	0.014123
41	50	0.014393
41	51	0.0071093
41	52	0.010974
41	53	0.012247
41	54	0.012141
41	55	0.015437
41	56	0.010973
41	57	0.020859
41	58	0.019223
41	59	0.017643
41	60	0.010304
41	61	0.0079003
41	62	0
42	43	0.10151
42	44	0.025715
42	45	0.019799
42	46	0.015223
42	47	0.017439
42	48	0.013957
42	49	0.011209
42	50	0.01202
42	51	0.0078366
42	52	0.0067205
42	53	0.0034999
42	54	0.013382
42	55	0.013865
42	56	0.018406
42	57	0.0095796
42	58	0.0054328
42	59	0.0052351
42	60	0.01022
42	61	0.0087047
42	62	0
43	44	0.091172
43	45	0.036513
43	46	0.027141
43	47	0.023145
43	48	0.019939
43	49	0.017081
43	50	0.0086547
43	51	0.011459
43	52	0.0038405
43	53	0.0034287
43	54	0.0046927
43	55	0.011344
43	56	0.010818
43	57	0.0069796
43	58	0.0046568
43	59	0.0051282
43	60	0.012653
43	61	0.012123
43	62	0.0099879
44	45	0.13011
44	46	0.056192
44	47	0.037896
44	48	0.016559
44	49	0.013792
44	50	0.0066555
44	51	0.010635
44	52	0.006202
44	53	0.0032299
44	54	0.0056135
44	55	0.0087236
44	56	0.0097059
44	57	0.0048621
44	58	0.0030081
44	59	0.0034505
44	60	0.007335
44	61	0.014054
44	62	0.0064508
45	46	0.13672
45	47	0.044766
45	48	0.019518
45	49	0.015928
45	50	0.0059215
45	51	0.0087345
45	52	0.0059425
45	53	0.0042632
45	54	0.004034
45	55	0.0035823
45	56	0.0054802
45	57	0.0040839
45	58	0.0020587
45	59	0.0014169
45	60	0.012909
45	61	0.013397
45	62	0.0022074
46	47	0.097899
46	48	0.030673
46	49	0.017962
46	50	0.012482
46	51	0.0070917
46	52	0.0034463
46	53	0.0028845
46	54	0.0076034
46	55	0.0072714
46	56	0.0055619
46	57	0.010132
46	58	0.0026118
46	59	0.0021572
46	60	0.0054591
46	61	0.011507
46	62	0.0044814
47	48	0.095635
47	49	0.021019
47	50	0.008542
47	51	0.011875
47	52	0.0063679
47	53	0.0031091
47	54	0.0054034
47	55	0.0072775
47	56	0.0079412
47	57	0.00468
47	58	0.0038606
47	59	0.0019927
47	60	0.011094
47	61	0.01256
47	62	0.0062081
48	49	0.088874
48	50	0.018165
48	51	0.023221
48	52	0.0061125
48	53	0.0041978
48	54	0.0025535
48	55	0.0066137
48	56	0.015452
48	57	0.0075397
48	58	0.0051311
48	59	0.0015696
48	60	0.013108
48	61	0.010274
48	62	0.0097807
49	50	0.06571
49	51	0.043059
49	52	0.026873
49	53	0.011799
49	54	0.020934
49	55	0.020449
49	56	0.014995
49	57	0.014129
49	58	0.008013
49	59	0.0073538
49	60	0.0089331
49	61	0.0042801
49	62	0.013753
50	51	0.12352
50	52	0.062581
50	53	0.023531
50	54	0.026783
50	55	0.016266
50	56	0.016767
50	57	0.013818
50	58	0.008662
50	59	0.013062
50	60	0.0017248
50	61	0.0066147
50	62	0.0017716
51	52	0.098809
51	53	0.030568
51	54	0.02568
51	55	0.022018
51	56	0.017225
51	57	0.014295
51	58	0.0079094
51	59	0.0038113
51	60	0.019016
51	61	0.0047554
51	62	0.0033962
52	53	0.092669
52	54	0.076169
52	55	0.027642
52	56	0.013021
52	57	0.016265
52	58	0.023831
52	59	0.013758
52	60	0.010446
52	61	0.003851
52	62	0.0016501
53	54	0.10709
53	55	0.026867
53	56	0.017852
53	57	0.017774
53	58	0.031313
53	59	0.040158
53	60	0.008071
53	61	0.0025792
53	62	0.0018421
54	55	0.069006
54	56	0.032327
54	57	0.028984
54	58	0.035485
54	59	0.041667
54	60	0.0098177
54	61	0.0031364
54	62	0.0022397
55	56	0.1167
55	57	0.056244
55	58	0.020004
55	59	0.019351
55	60	0.020342
55	61	0.010831
55	62	0.0069606
56	57	0.10301
56	58	0.024812
56	59	0.0118
56	60	0.036778
56	61	0.0090368
56	62	0.0038718
57	58	0.064099
57	59	0.034502
57	60	0.051529
57	61	0.007405
57	62	0.0070497
58	59	0.15717
58	60	0.030195
58	61	0.0037322
58	62	0.0019985
59	60	0.046912
59	61	0.0051318
59	62	0.0054943
60	61	0.095409
60	62	0.020844
61	62	0.23048
