1	2	6.2127
1	3	3.1796
1	4	1.4607
1	5	0.94387
1	6	0.52486
1	7	1.1858
1	8	0.9705
1	9	0.41514
1	10	0.53606
1	11	0.18269
1	12	0.12595
1	13	0.20739
1	14	0.29346
1	15	0.26178
1	16	0.3371
1	17	0.21589
1	18	0.3039
1	19	0.18505
1	20	0.34414
1	21	0.39262
1	22	0.11051
1	23	0.27412
1	24	0.094347
1	25	0.20987
1	26	0
1	27	0.2292
1	28	0.2218
1	29	0.11882
1	30	0.11852
1	31	0.2139
1	32	0.12404
1	33	0.22121
1	34	0.17677
1	35	0
1	36	0.052293
1	37	0.22025
1	38	0.25634
1	39	0.23681
1	40	0.34058
1	41	0.35754
1	42	0.1434
1	43	0.23194
1	44	0.082782
1	45	0.29987
1	46	0.10787
1	47	0.12758
1	48	0.096872
1	49	0
1	50	0.10161
1	51	0.067133
1	52	0.034117
1	53	0.14714
1	54	0.11805
1	55	0.13408
1	56	0.25472
1	57	0.082136
1	58	0.055527
1	59	0.082609
1	60	0.20577
1	61	0.19017
1	62	0.075003
1	63	0.080834
1	64	0.11909
1	65	0.034978
1	66	0.1004
1	67	0.063364
1	68	0.10191
1	69	0.14135
1	70	0.35486
1	71	0.13071
1	72	0.19288
1	73	0.19754
1	74	0.11353
1	75	0.60432
1	76	0.45023
1	77	0.28457
1	78	0.74896
1	79	1.8609
2	3	8.4055
2	4	1.74
2	5	1.1806
2	6	0.83556
2	7	0.9888
2	8	1.1465
2	9	0.73083
2	10	0.26821
2	11	0.076173
2	12	0
2	13	0.034588
2	14	0.21413
2	15	0.10915
2	16	0.05622
2	17	0.30004
2	18	0.30411
2	19	0.15431
2	20	0.11479
2	21	0.24555
2	22	0
2	23	0.11429
2	24	0.15735
2	25	0.26251
2	26	0.21358
2	27	0.28669
2	28	0.18495
2	29	0.066055
2	30	0.13178
2	31	0.24972
2	32	0.20688
2	33	0.11068
2	34	0.1474
2	35	0.19025
2	36	0.21803
2	37	0.091832
2	38	0.48095
2	39	0.32912
2	40	0.45441
2	41	0.14907
2	42	0.11958
2	43	0.12894
2	44	0.20709
2	45	0.20838
2	46	0.089952
2	47	0
2	48	0
2	49	0
2	50	0.028243
2	51	0
2	52	0.0569
2	53	0.092025
2	54	0.16407
2	55	0.074536
2	56	0.084964
2	57	0
2	58	0.18521
2	59	0
2	60	0.10295
2	61	0.039645
2	62	0.031272
2	63	0
2	64	0.099306
2	65	0.029168
2	66	0
2	67	0
2	68	0.084983
2	69	0.078581
2	70	0.14796
2	71	0.1635
2	72	0.26806
2	73	0.21963
2	74	0.28401
2	75	0.31496
2	76	0.18772
2	77	0.1582
2	78	0.46841
2	79	1.4324
3	4	5.9191
3	5	2.1298
3	6	1.0151
3	7	1.0424
3	8	0.57354
3	9	0.50554
3	10	0.1728
3	11	0.29445
3	12	0.21654
3	13	0.16044
3	14	0.1419
3	15	0.056257
3	16	0.13039
3	17	0.32476
3	18	0.5094
3	19	0.3579
3	20	0.22187
3	21	0.12656
3	22	0
3	23	0.13254
3	24	0.15206
3	25	0.10148
3	26	0.30273
3	27	0.1847
3	28	0.39322
3	29	0.10214
3	30	0.05094
3	31	0.16548
3	32	0.23991
3	33	0.22818
3	34	0.05698
3	35	0
3	36	0.16857
3	37	0.1065
3	38	0.2892
3	39	0.20356
3	40	0.21957
3	41	0.28812
3	42	0.092451
3	43	0
3	44	0.080053
3	45	0.12888
3	46	0.17386
3	47	0.027417
3	48	0.062453
3	49	0.04522
3	50	0.021835
3	51	0.06492
3	52	0.08798
3	53	0.094861
3	54	0.025369
3	55	0.11525
3	56	0.19706
3	57	0
3	58	0.071596
3	59	0.10651
3	60	0.053063
3	61	0.0613
3	62	0.12088
3	63	0.10423
3	64	0.19194
3	65	0.11275
3	66	0.064727
3	67	0
3	68	0.0219
3	69	0.1215
3	70	0.11439
3	71	0.1264
3	72	0.24869
3	73	0.12735
3	74	0.07319
3	75	0.1948
3	76	0.14513
3	77	0.42807
3	78	0
3	79	0.18457
4	5	6.033
4	6	1.5498
4	7	1.0361
4	8	1.0186
4	9	0.4892
4	10	0.56853
4	11	0.30275
4	12	0.13915
4	13	0.24744
4	14	0.17021
4	15	0.086762
4	16	0.22344
4	17	0.2385
4	18	0.20144
4	19	0.12266
4	20	0.18249
4	21	0.065063
4	22	0.43951
4	23	0.31798
4	24	0.18761
4	25	0.10433
4	26	0.084887
4	27	0.26587
4	28	0.073509
4	29	0.10501
4	30	0.15713
4	31	0.25521
4	32	0.082222
4	33	0.14663
4	34	0.23434
4	35	0.40328
4	36	0.17331
4	37	0.29199
4	38	0.21239
4	39	0.36626
4	40	0.1806
4	41	0.23699
4	42	0.14258
4	43	0.30749
4	44	0.16462
4	45	0.066256
4	46	0.071502
4	47	0.056378
4	48	0.042808
4	49	0
4	50	0.067349
4	51	0.02225
4	52	0.045229
4	53	0.048767
4	54	0.10433
4	55	0.059248
4	56	0.16884
4	57	0.081666
4	58	0.036806
4	59	0.13689
4	60	0.081837
4	61	0.094541
4	62	0.14915
4	63	0.080372
4	64	0.039469
4	65	0.04637
4	66	0.022184
4	67	0.084002
4	68	0.022517
4	69	0.093695
4	70	0.039203
4	71	0.17329
4	72	0.34093
4	73	0.21823
4	74	0.1505
4	75	0.3505
4	76	0.14922
4	77	0.31438
4	78	0.12411
4	79	0.28465
5	6	3.8933
5	7	1.3852
5	8	1.351
5	9	0.65199
5	10	0.37886
5	11	0.088035
5	12	0.1079
5	13	0.15989
5	14	0.047137
5	15	0.056065
5	16	0.17326
5	17	0.23118
5	18	0.23431
5	19	0.11889
5	20	0.22111
5	21	0.18919
5	22	0
5	23	0
5	24	0.27278
5	25	0.13484
5	26	0.27427
5	27	0.036814
5	28	0.28501
5	29	0.12723
5	30	0.10153
5	31	0.1924
5	32	0.15939
5	33	0.085274
5	34	0.11357
5	35	0.19544
5	36	0.30238
5	37	0.21226
5	38	0.20587
5	39	0.3043
5	40	0.17506
5	41	0.34457
5	42	0.1382
5	43	0.34772
5	44	0.10637
5	45	0.12844
5	46	0.20792
5	47	0.054647
5	48	0.062239
5	49	0
5	50	0.04352
5	51	0.064698
5	52	0
5	53	0.11817
5	54	0.10113
5	55	0.25843
5	56	0.065463
5	57	0.15832
5	58	0.1427
5	59	0.079613
5	60	0.10576
5	61	0.061091
5	62	0.048189
5	63	0.025968
5	64	0.11477
5	65	0
5	66	0
5	67	0.081422
5	68	0.021826
5	69	0.15136
5	70	0.037999
5	71	0.16796
5	72	0.28915
5	73	0.21153
5	74	0.03647
5	75	0.33974
5	76	0.14463
5	77	0.18283
5	78	0.1203
5	79	0.091969
6	7	5.6124
6	8	1.3239
6	9	0.75508
6	10	0.73126
6	11	0.43613
6	12	0.26727
6	13	0.28291
6	14	0.15012
6	15	0.17855
6	16	0.39853
6	17	0.16361
6	18	0.38693
6	19	0.84143
6	20	0.50075
6	21	0.40169
6	22	0.201
6	23	0.12465
6	24	0.23595
6	25	0.19086
6	26	0.097053
6	27	0.26054
6	28	0.15128
6	29	0.19811
6	30	0.21557
6	31	0.35015
6	32	0.22561
6	33	0.2414
6	34	0.16076
6	35	0.13832
6	36	0.26156
6	37	0.30045
6	38	0.20398
6	39	0.21536
6	40	0.12389
6	41	0.16257
6	42	0.09781
6	43	0.24609
6	44	0.11293
6	45	0.045451
6	46	0.024525
6	47	0.038675
6	48	0.058732
6	49	0.063789
6	50	0.061601
6	51	0.030526
6	52	0.13962
6	53	0.083634
6	54	0.10736
6	55	0.081287
6	56	0.20849
6	57	0.18674
6	58	0.050498
6	59	0.056345
6	60	0.13099
6	61	0.064854
6	62	0.10231
6	63	0.18378
6	64	0.1083
6	65	0.015905
6	66	0.076089
6	67	0.057625
6	68	0.077234
6	69	0.12855
6	70	0.080679
6	71	0.14859
6	72	0.14617
6	73	0.17965
6	74	0.077433
6	75	0.34349
6	76	0.20472
6	77	0.086264
6	78	0.4257
6	79	0.45562
7	8	3.531
7	9	1.2557
7	10	0.55069
7	11	0.42228
7	12	0.19409
7	13	0.38349
7	14	0.16958
7	15	0.15687
7	16	0.24241
7	17	0.29571
7	18	0.65561
7	19	0.1901
7	20	0.31818
7	21	0.15125
7	22	0.4541
7	23	0.176
7	24	0.31499
7	25	0.24254
7	26	0.19734
7	27	0.17659
7	28	0.28481
7	29	0.20344
7	30	0.36527
7	31	0.17579
7	32	0.15928
7	33	0.18179
7	34	0.27239
7	35	0.23437
7	36	0.1343
7	37	0.22626
7	38	0.098748
7	39	0.08109
7	40	0.24491
7	41	0.045911
7	42	0.14732
7	43	0.11914
7	44	0.1063
7	45	0.051342
7	46	0.055407
7	47	0.043687
7	48	0.1161
7	49	0.036028
7	50	0.052189
7	51	0.13793
7	52	0.21029
7	53	0.13226
7	54	0.10106
7	55	0.091823
7	56	0.052335
7	57	0.10547
7	58	0.11408
7	59	0.12729
7	60	0.042277
7	61	0.1221
7	62	0.057787
7	63	0.1038
7	64	0.12234
7	65	0.035932
7	66	0.05157
7	67	0.04882
7	68	0.087243
7	69	0.024201
7	70	0.091135
7	71	0.16785
7	72	0.066047
7	73	0.20293
7	74	0.058313
7	75	0.27161
7	76	0.17344
7	77	0.19489
7	78	0.19235
7	79	0.2941
8	9	4.6572
8	10	0.82631
8	11	0.21121
8	12	0
8	13	0.095904
8	14	0.028273
8	15	0.033627
8	16	0.051962
8	17	0.38825
8	18	0.28107
8	19	0.57048
8	20	0.053048
8	21	0.1513
8	22	0.17035
8	23	0.31691
8	24	0.39993
8	25	0.20219
8	26	0.49351
8	27	0.26497
8	28	0.12821
8	29	0.15263
8	30	0.03045
8	31	0.36269
8	32	0.047802
8	33	0.20459
8	34	0.13624
8	35	0.41029
8	36	0.24182
8	37	0.16975
8	38	0.098782
8	39	0.30419
8	40	0.47249
8	41	0.13778
8	42	0.38684
8	43	0.059588
8	44	0.1276
8	45	0.1926
8	46	0.20785
8	47	0.032777
8	48	0.049775
8	49	0.02703
8	50	0
8	51	0.025871
8	52	0.026295
8	53	0.19846
8	54	0.12131
8	55	0.10334
8	56	0.11779
8	57	0.063305
8	58	0.085593
8	59	0.031834
8	60	0.19031
8	61	0.073284
8	62	0.028903
8	63	0.093451
8	64	0.091785
8	65	0.053917
8	66	0.10318
8	67	0
8	68	0.078546
8	69	0.10894
8	70	0.22792
8	71	0.25186
8	72	0.19821
8	73	0.35525
8	74	0.087499
8	75	0.11644
8	76	0.086751
8	77	0.21932
8	78	0.14431
8	79	0
9	10	3.2283
9	11	0.76293
9	12	0.36911
9	13	0.20056
9	14	0.27413
9	15	0.15343
9	16	0.38527
9	17	0.60104
9	18	0.64123
9	19	0.24403
9	20	0.45384
9	21	0.34518
9	22	0.48578
9	23	0.45187
9	24	0.43546
9	25	0.2537
9	26	0.16888
9	27	0.2015
9	28	0.26812
9	29	0.24374
9	30	0.17367
9	31	0.15044
9	32	0.19084
9	33	0.11669
9	34	0.27196
9	35	0.13372
9	36	0.091948
9	37	0.096818
9	38	0.08451
9	39	0.31229
9	40	0.23954
9	41	0.23575
9	42	0.18911
9	43	0.20391
9	44	0.072778
9	45	0.15379
9	46	0.18967
9	47	0.20563
9	48	0.085166
9	49	0.015417
9	50	0.059552
9	51	0.11804
9	52	0.11998
9	53	0.097021
9	54	0.22487
9	55	0.13752
9	56	0.089577
9	57	0.16247
9	58	0.12204
9	59	0.036313
9	60	0.12663
9	61	0.041797
9	62	0.065939
9	63	0.14213
9	64	0.15705
9	65	0.16913
9	66	0.058845
9	67	0.027854
9	68	0.059731
9	69	0.062135
9	70	0.15599
9	71	0.22983
9	72	0.028262
9	73	0.14472
9	74	0.19962
9	75	0.13282
9	76	0.19791
9	77	0.29188
9	78	0.16461
9	79	0.18877
10	11	4.3399
10	12	1.3512
10	13	1.1442
10	14	0.63715
10	15	0.44578
10	16	1.0332
10	17	0.69849
10	18	0.3105
10	19	0.47266
10	20	0.49226
10	21	0.75215
10	22	0.95974
10	23	0.80521
10	24	0.48197
10	25	0.13402
10	26	0.10904
10	27	0.087814
10	28	0.14163
10	29	0.1821
10	30	0.18164
10	31	0.19669
10	32	0.15842
10	33	0.045202
10	34	0.13545
10	35	0.34965
10	36	0.026714
10	37	0.11252
10	38	0.2619
10	39	0.08065
10	40	0.069595
10	41	0.045662
10	42	0.21977
10	43	0.078993
10	44	0.12687
10	45	0.025532
10	46	0.027553
10	47	0.13035
10	48	0.21445
10	49	0.053749
10	50	0.19032
10	51	0.13718
10	52	0.22658
10	53	0.13154
10	54	0.10051
10	55	0.13699
10	56	0.078076
10	57	0.16784
10	58	0.14183
10	59	0.1055
10	60	0.084094
10	61	0.12144
10	62	0.095789
10	63	0.18583
10	64	0.12167
10	65	0.25016
10	66	0.10258
10	67	0.11329
10	68	0.12148
10	69	0.12035
10	70	0.27192
10	71	0.10016
10	72	0.065688
10	73	0.10091
10	74	0.14499
10	75	0.07718
10	76	0
10	77	0
10	78	0.095652
10	79	0.073126
11	12	4.1848
11	13	1.8234
11	14	1.1336
11	15	1.2534
11	16	0.88035
11	17	0.6891
11	18	0.39683
11	19	0.24163
11	20	0.59917
11	21	0.68357
11	22	1.2987
11	23	0.74571
11	24	0.30799
11	25	0.091347
11	26	0.13006
11	27	0.17458
11	28	0.19308
11	29	0.18963
11	30	0.20635
11	31	0.13034
11	32	0.13498
11	33	0.05777
11	34	0.03847
11	35	0.033101
11	36	0.045522
11	37	0.1438
11	38	0.027893
11	39	0.068716
11	40	0.029648
11	41	0.038905
11	42	0.093627
11	43	0
11	44	0.036032
11	45	0.021753
11	46	0.023476
11	47	0.20361
11	48	0.35137
11	49	0.29004
11	50	0.25061
11	51	0.16071
11	52	0.13365
11	53	0.24017
11	54	0.017128
11	55	0.07781
11	56	0.022174
11	57	0.071501
11	58	0.096675
11	59	0.053934
11	60	0.12539
11	61	0.06208
11	62	0.11426
11	63	0.10555
11	64	0.10367
11	65	0.15225
11	66	0.1748
11	67	0.09653
11	68	0.14786
11	69	0.041016
11	70	0.23168
11	71	0.17068
11	72	0.11194
11	73	0.02866
11	74	0.049414
11	75	0.03288
11	76	0
11	77	0.12386
11	78	0
11	79	0.062305
12	13	3.3357
12	14	1.5558
12	15	1.7981
12	16	0.94412
12	17	0.43189
12	18	0.12159
12	19	0.14808
12	20	0.358
12	21	0.39273
12	22	1.5476
12	23	0.57581
12	24	0.26424
12	25	0.062977
12	26	0.051239
12	27	0.022926
12	28	0.022186
12	29	0.22186
12	30	0.094844
12	31	0.11982
12	32	0.04963
12	33	0.070805
12	34	0
12	35	0.030428
12	36	0.020923
12	37	0.15422
12	38	0.076921
12	39	0.094749
12	40	0
12	41	0
12	42	0
12	43	0.030934
12	44	0.016561
12	45	0.05999
12	46	0.04316
12	47	0.13612
12	48	0.24547
12	49	0.37887
12	50	0.31167
12	51	0.25517
12	52	0.15016
12	53	0.088309
12	54	0.015744
12	55	0.053645
12	56	0.06115
12	57	0.032863
12	58	0.022217
12	59	0.099157
12	60	0.065864
12	61	0.076088
12	62	0.090027
12	63	0.080856
12	64	0.023824
12	65	0.20992
12	66	0.18746
12	67	0.24085
12	68	0.24465
12	69	0.15081
12	70	0.070991
12	71	0.13075
12	72	0.1029
12	73	0.026345
12	74	0.068135
12	75	0.21157
12	76	0
12	77	0
12	78	0
12	79	0.057273
13	14	3.045
13	15	2.2592
13	16	1.4391
13	17	0.42668
13	18	0.26428
13	19	0.21943
13	20	0.40809
13	21	0.50438
13	22	1.5726
13	23	0.62303
13	24	0.26105
13	25	0.12443
13	26	0.067494
13	27	0.045298
13	28	0.10959
13	29	0.21918
13	30	0.1874
13	31	0.10146
13	32	0.073547
13	33	0.06995
13	34	0.034936
13	35	0.060121
13	36	0.041341
13	37	0.26118
13	38	0.025331
13	39	0.031202
13	40	0.080775
13	41	0
13	42	0.056684
13	43	0.03056
13	44	0.032722
13	45	0.019755
13	46	0.085277
13	47	0.18491
13	48	0.26804
13	49	0.29112
13	50	0.20081
13	51	0.14595
13	52	0.17531
13	53	0.1454
13	54	0.031108
13	55	0.088328
13	56	0.080549
13	57	0.0487
13	58	0.087794
13	59	0.065306
13	60	0.081335
13	61	0.16913
13	62	0.11859
13	63	0.063903
13	64	0.070609
13	65	0.11061
13	66	0.0926
13	67	0.22542
13	68	0.18799
13	69	0.093121
13	70	0.14027
13	71	0
13	72	0.12707
13	73	0
13	74	0.067312
13	75	0
13	76	0.088982
13	77	0.037494
13	78	0.074011
13	79	0.056581
14	15	5.5519
14	16	1.6734
14	17	0.55345
14	18	0.25498
14	19	0.32345
14	20	0.40904
14	21	0.44607
14	22	1.1203
14	23	0.62288
14	24	0.23087
14	25	0.073366
14	26	0.11938
14	27	0.040061
14	28	0.038768
14	29	0.12461
14	30	0.15192
14	31	0.14955
14	32	0.10841
14	33	0.030932
14	34	0.092692
14	35	0.10634
14	36	0
14	37	0.076996
14	38	0.044805
14	39	0.082784
14	40	0.023812
14	41	0.031247
14	42	0.050131
14	43	0.027028
14	44	0.043409
14	45	0.017471
14	46	0.075419
14	47	0.10407
14	48	0.23705
14	49	0.40459
14	50	0.43807
14	51	0.16428
14	52	0.16697
14	53	0.090017
14	54	0.055025
14	55	0.031247
14	56	0.053428
14	57	0.14357
14	58	0
14	59	0.15883
14	60	0
14	61	0.0831
14	62	0.065549
14	63	0.14129
14	64	0.12489
14	65	0.14673
14	66	0.10529
14	67	0.19936
14	68	0.14251
14	69	0.082356
14	70	0.082702
14	71	0.022847
14	72	0.022475
14	73	0.046037
14	74	0.019844
14	75	0.026408
14	76	0.11804
14	77	0.03316
14	78	0
14	79	0
15	16	3.3078
15	17	0.62835
15	18	0.30327
15	19	0
15	20	0.28618
15	21	0.53056
15	22	1.2406
15	23	0.71236
15	24	0.098071
15	25	0.10908
15	26	0.088746
15	27	0.11912
15	28	0.046111
15	29	0.11528
15	30	0.098562
15	31	0.053363
15	32	0.077364
15	33	0.055186
15	34	0.036749
15	35	0.031621
15	36	0.021743
15	37	0.091579
15	38	0.026646
15	39	0.13128
15	40	0
15	41	0.037165
15	42	0.029813
15	43	0.09644
15	44	0.03442
15	45	0
15	46	0.044852
15	47	0.12378
15	48	0.21482
15	49	0.46663
15	50	0.40839
15	51	0.16748
15	52	0.2979
15	53	0.091771
15	54	0
15	55	0.037165
15	56	0
15	57	0.068303
15	58	0.13853
15	59	0.08587
15	60	0.051334
15	61	0.11861
15	62	0.031186
15	63	0.03361
15	64	0.074274
15	65	0.11635
15	66	0.16698
15	67	0.17125
15	68	0.098873
15	69	0.097955
15	70	0.19673
15	71	0
15	72	0.026732
15	73	0
15	74	0
15	75	0
15	76	0.0468
15	77	0
15	78	0
15	79	0
16	17	4.2074
16	18	1.0153
16	19	0.47557
16	20	0.79599
16	21	1.0721
16	22	1.7751
16	23	0.61642
16	24	0.48494
16	25	0.10113
16	26	0.16456
16	27	0.036814
16	28	0.28501
16	29	0.27992
16	30	0.22845
16	31	0.082458
16	32	0.039848
16	33	0.28425
16	34	0
16	35	0.097722
16	36	0.13439
16	37	0.21226
16	38	0.082347
16	39	0.050716
16	40	0.043764
16	41	0.17228
16	42	0.1382
16	43	0.099348
16	44	0.10637
16	45	0.064221
16	46	0.034653
16	47	0.21859
16	48	0.16597
16	49	0.15773
16	50	0.23936
16	51	0.32349
16	52	0.1096
16	53	0.11817
16	54	0.075847
16	55	0
16	56	0.098195
16	57	0.13193
16	58	0.071352
16	59	0.079613
16	60	0.052882
16	61	0.12218
16	62	0.16866
16	63	0.12984
16	64	0.076513
16	65	0.13484
16	66	0.12901
16	67	0.14249
16	68	0.13095
16	69	0.12109
16	70	0
16	71	0.16796
16	72	0.12392
16	73	0
16	74	0.072941
16	75	0
16	76	0.072317
16	77	0.12189
16	78	0
16	79	0.18394
17	18	5.3771
17	19	1.7767
17	20	2.7377
17	21	1.077
17	22	0.83366
17	23	0.61097
17	24	0.54997
17	25	0.21589
17	26	0.3513
17	27	0.11789
17	28	0.30421
17	29	0.13581
17	30	0.18966
17	31	0.17603
17	32	0.21267
17	33	0.3034
17	34	0.12123
17	35	0.36508
17	36	0.10759
17	37	0.22657
17	38	0.21974
17	39	0.27067
17	40	0.18686
17	41	0.061299
17	42	0.098345
17	43	0.15906
17	44	0.056771
17	45	0.1371
17	46	0.3329
17	47	0.34998
17	48	0.15501
17	49	0.12026
17	50	0.06968
17	51	0.1151
17	52	0.23397
17	53	0.2775
17	54	0.29685
17	55	0.1839
17	56	0.2795
17	57	0.30981
17	58	0.15232
17	59	0.056652
17	60	0.19756
17	61	0.19562
17	62	0.025718
17	63	0.11087
17	64	0.20418
17	65	0.21589
17	66	0.022951
17	67	0
17	68	0.11648
17	69	0.16156
17	70	0.28392
17	71	0.044821
17	72	0.13227
17	73	0.045157
17	74	0
17	75	0.15542
17	76	0.23157
17	77	0
17	78	0.12841
17	79	0.2945
18	19	7.6101
18	20	1.794
18	21	1.1939
18	22	0.44808
18	23	0.31756
18	24	0.46451
18	25	0.54703
18	26	0.12363
18	27	0.2987
18	28	0.38542
18	29	0.2753
18	30	0.18307
18	31	0.29736
18	32	0.25147
18	33	0.12813
18	34	0.15358
18	35	0.1762
18	36	0.12116
18	37	0.22326
18	38	0.25983
18	39	0.54867
18	40	0.31564
18	41	0.2071
18	42	0.083064
18	43	0.17913
18	44	0.21577
18	45	0.1158
18	46	0.31241
18	47	0.17243
18	48	0.13093
18	49	0.020314
18	50	0.098088
18	51	0.17498
18	52	0.15809
18	53	0.21307
18	54	0.29631
18	55	0.28476
18	56	0.11804
18	57	0.095152
18	58	0.064326
18	59	0.14355
18	60	0.14303
18	61	0.027538
18	62	0.065166
18	63	0.046822
18	64	0.13796
18	65	0.060781
18	66	0.07754
18	67	0.091756
18	68	0.19677
18	69	0.081875
18	70	0.20555
18	71	0.26499
18	72	0.07448
18	73	0.26698
18	74	0.065759
18	75	0.043755
18	76	0.32598
18	77	0
18	78	0
18	79	0.16583
19	20	4.6123
19	21	2.0771
19	22	0.97441
19	23	0.12085
19	24	0.91507
19	25	0.74019
19	26	0.22584
19	27	0.40418
19	28	0.39113
19	29	0.41907
19	30	0.27868
19	31	0.45265
19	32	0.32812
19	33	0.15604
19	34	0.46759
19	35	0.40233
19	36	0.46109
19	37	0.38841
19	38	0.22602
19	39	0.55681
19	40	0.24024
19	41	0.15763
19	42	0.50577
19	43	0.13634
19	44	0.29197
19	45	0.088135
19	46	0.28534
19	47	0.14999
19	48	0
19	49	0
19	50	0.059726
19	51	0.11839
19	52	0.24066
19	53	0.32435
19	54	0.13879
19	55	0.23644
19	56	0.089839
19	57	0.072422
19	58	0
19	59	0.43703
19	60	0.21772
19	61	0.25152
19	62	0.1984
19	63	0.14255
19	64	0
19	65	0.12336
19	66	0
19	67	0
19	68	0
19	69	0.24927
19	70	0.31289
19	71	0.23051
19	72	0.34013
19	73	0.11612
19	74	0.1001
19	75	0.39964
19	76	0.19849
19	77	0.33455
19	78	0
19	79	0
20	21	4.4424
20	22	1.3772
20	23	0.53941
20	24	0.74261
20	25	0.37856
20	26	0.308
20	27	0.18792
20	28	0.32733
20	29	0.25979
20	30	0.3628
20	31	0.30867
20	32	0.24409
20	33	0.23215
20	34	0.057973
20	35	0.19953
20	36	0.1029
20	37	0.2167
20	38	0.16814
20	39	0.10355
20	40	0.13404
20	41	0.23452
20	42	0.32922
20	43	0
20	44	0.1086
20	45	0.22947
20	46	0.070755
20	47	0.27894
20	48	0.12708
20	49	0.092016
20	50	0.17772
20	51	0.11008
20	52	0.15665
20	53	0.3378
20	54	0.25811
20	55	0.11726
20	56	0.13366
20	57	0.080813
20	58	0.10926
20	59	0.054185
20	60	0.16196
20	61	0.093552
20	62	0.19678
20	63	0.21208
20	64	0.15623
20	65	0.13766
20	66	0.17561
20	67	0.020781
20	68	0.13369
20	69	0.06181
20	70	0.23276
20	71	0.085737
20	72	0.12651
20	73	0.04319
20	74	0.037233
20	75	0.049549
20	76	0.22149
20	77	0.12444
20	78	0.24563
20	79	0.18778
21	22	7.4428
21	23	1.218
21	24	0.70602
21	25	0.53986
21	26	0.23958
21	27	0.16079
21	28	0.20747
21	29	0.29639
21	30	0.22173
21	31	0.20008
21	32	0
21	33	0.2483
21	34	0.082675
21	35	0.21341
21	36	0.29349
21	37	0.20602
21	38	0
21	39	0
21	40	0.19115
21	41	0
21	42	0.20121
21	43	0.14464
21	44	0.077434
21	45	0.093499
21	46	0.1009
21	47	0.1989
21	48	0.30205
21	49	0.22964
21	50	0.031681
21	51	0.56517
21	52	0.12765
21	53	0.30968
21	54	0.14723
21	55	0
21	56	0
21	57	0.11525
21	58	0.15582
21	59	0
21	60	0.23097
21	61	0.088942
21	62	0.070158
21	63	0.30245
21	64	0.27849
21	65	0.22903
21	66	0.18783
21	67	0.059271
21	68	0.15888
21	69	0.35259
21	70	0.22129
21	71	0.12227
21	72	0.12028
21	73	0.24637
21	74	0.21239
21	75	0
21	76	0.10529
21	77	0.26619
21	78	0
21	79	0
22	23	2.093
22	24	0.94393
22	25	0.055255
22	26	0.22478
22	27	0.24138
22	28	0.23359
22	29	0.33369
22	30	0.24964
22	31	0.090108
22	32	0.13064
22	33	0
22	34	0.093081
22	35	0
22	36	0.16522
22	37	0.11598
22	38	0.06749
22	39	0.16626
22	40	0.071737
22	41	0.094134
22	42	0.075512
22	43	0.16285
22	44	0.087181
22	45	0
22	46	0.056802
22	47	0.3583
22	48	0.54411
22	49	0.36935
22	50	0.46369
22	51	0.2121
22	52	0.21558
22	53	0.23244
22	54	0.041442
22	55	0.047067
22	56	0.053652
22	57	0
22	58	0.11696
22	59	0.086999
22	60	0.043341
22	61	0.10014
22	62	0.19747
22	63	0.042565
22	64	0.12542
22	65	0.22102
22	66	0.10574
22	67	0.16683
22	68	0.21466
22	69	0.24811
22	70	0.18686
22	71	0
22	72	0
22	73	0.069346
22	74	0.11956
22	75	0
22	76	0
22	77	0
22	78	0
22	79	0.3015
23	24	3.3889
23	25	0.54824
23	26	0.30666
23	27	0.29937
23	28	0.2897
23	29	0.49146
23	30	0.46443
23	31	0.16763
23	32	0.36454
23	33	0.26004
23	34	0.057722
23	35	0.149
23	36	0.034152
23	37	0.10788
23	38	0.16741
23	39	0.15465
23	40	0.044486
23	41	0
23	42	0.32779
23	43	0.15148
23	44	0.10813
23	45	0.065279
23	46	0.1409
23	47	0.30551
23	48	0.12653
23	49	0.34356
23	50	0.26543
23	51	0.21921
23	52	0.31194
23	53	0.24024
23	54	0.077096
23	55	0.11675
23	56	0.066542
23	57	0.10728
23	58	0.21758
23	59	0.16185
23	60	0.13438
23	61	0.1242
23	62	0.14695
23	63	0.13198
23	64	0.11666
23	65	0.1599
23	66	0.13114
23	67	0.16553
23	68	0.26622
23	69	0.40002
23	70	0.23175
23	71	0.17073
23	72	0.041988
23	73	0
23	74	0.074143
23	75	0.098668
23	76	0.073509
23	77	0.1239
23	78	0.12228
23	79	0
24	25	2.3351
24	26	0.61409
24	27	0.74701
24	28	0.64811
24	29	0.60538
24	30	0.33745
24	31	0.44234
24	32	0.22305
24	33	0.25856
24	34	0.31787
24	35	0.27351
24	36	0.25859
24	37	0.34655
24	38	0.23047
24	39	0.2484
24	40	0.21435
24	41	0.2411
24	42	0.1934
24	43	0.20854
24	44	0.16747
24	45	0.13481
24	46	0.26671
24	47	0.30589
24	48	0.1742
24	49	0.11036
24	50	0.091354
24	51	0.28671
24	52	0.29141
24	53	0.18191
24	54	0.21228
24	55	0.12055
24	56	0.11451
24	57	0.1477
24	58	0.12481
24	59	0.22282
24	60	0.18501
24	61	0.17098
24	62	0.18545
24	63	0.14536
24	64	0.18738
24	65	0.11007
24	66	0.075226
24	67	0.014243
24	68	0.091629
24	69	0.12709
24	70	0.23929
24	71	0.17629
24	72	0.20232
24	73	0.088804
24	74	0.076555
24	75	0.13584
24	76	0.0506
24	77	0.17057
24	78	0.25252
24	79	0.1287
25	26	4.6316
25	27	1.5184
25	28	0.74857
25	29	0.35646
25	30	0.27655
25	31	0.44919
25	32	0.43415
25	33	0.44241
25	34	0.30934
25	35	0.38025
25	36	0.41835
25	37	0.35791
25	38	0.48063
25	39	0.63149
25	40	0.44276
25	41	0.26815
25	42	0.28681
25	43	0.23194
25	44	0.12417
25	45	0.27488
25	46	0.35058
25	47	0.21264
25	48	0.080727
25	49	0.070142
25	50	0.033869
25	51	0.033566
25	52	0.017059
25	53	0.14714
25	54	0.2361
25	55	0.22346
25	56	0.20378
25	57	0.082136
25	58	0.11105
25	59	0.10326
25	60	0.20577
25	61	0.071313
25	62	0.075003
25	63	0.060626
25	64	0.11909
25	65	0.052467
25	66	0.016733
25	67	0.015841
25	68	0.016985
25	69	0.070676
25	70	0.14786
25	71	0.2941
25	72	0.4179
25	73	0.23046
25	74	0.22706
25	75	0.15108
25	76	0.11256
25	77	0.332
25	78	0.28086
25	79	0.28629
26	27	3.5431
26	28	1.1504
26	29	0.38669
26	30	0.38573
26	31	0.38287
26	32	0.22708
26	33	0.44994
26	34	0.46742
26	35	0.46406
26	36	0.34037
26	37	0.224
26	38	0.33891
26	39	0.35323
26	40	0.38794
26	41	0.21817
26	42	0.23335
26	43	0.37742
26	44	0.31992
26	45	0.22365
26	46	0.32912
26	47	0.1903
26	48	0.06568
26	49	0.028534
26	50	0.041334
26	51	0.05462
26	52	0.055516
26	53	0.13468
26	54	0.16008
26	55	0.27271
26	56	0.14507
26	57	0.15036
26	58	0.13553
26	59	0.050409
26	60	0.16742
26	61	0.19341
26	62	0.061023
26	63	0.098652
26	64	0.14534
26	65	0.099605
26	66	0.040844
26	67	0.064443
26	68	0.027639
26	69	0.095838
26	70	0.04812
26	71	0.37222
26	72	0.10462
26	73	0.16072
26	74	0.18474
26	75	0.12292
26	76	0.13737
26	77	0.27012
26	78	0.076171
26	79	0.23293
27	28	4.4811
27	29	0.73532
27	30	0.43146
27	31	0.67744
27	32	0.54187
27	33	0.7489
27	34	0.3861
27	35	0.53985
27	36	0.45687
27	37	0.21047
27	38	0.4899
27	39	0.21552
27	40	0.26036
27	41	0.34165
27	42	0.23492
27	43	0.16887
27	44	0.24862
27	45	0.02729
27	46	0.20616
27	47	0.18577
27	48	0.070529
27	49	0.057452
27	50	0
27	51	0.073315
27	52	0.074518
27	53	0.080347
27	54	0.19338
27	55	0.14642
27	56	0.16691
27	57	0.11213
27	58	0.18192
27	59	0.090217
27	60	0.13483
27	61	0.15576
27	62	0.08191
27	63	0.13242
27	64	0.16257
27	65	0.076399
27	66	0.054824
27	67	0
27	68	0.018549
27	69	0.12864
27	70	0.032295
27	71	0.32119
27	72	0.17553
27	73	0.10787
27	74	0.092987
27	75	0.12375
27	76	0.24585
27	77	0.10359
27	78	0
27	79	0.31265
28	29	2.8463
28	30	1.1691
28	31	1.3111
28	32	0.91766
28	33	0.39743
28	34	0.56045
28	35	0.52242
28	36	0.52503
28	37	0.43645
28	38	0.44022
28	39	0.29198
28	40	0.32395
28	41	0.33063
28	42	0.37889
28	43	0.24513
28	44	0.24059
28	45	0.34332
28	46	0.228
28	47	0.22472
28	48	0.085315
28	49	0.037065
28	50	0.017897
28	51	0.1419
28	52	0.036056
28	53	0.2527
28	54	0.20793
28	55	0.047232
28	56	0.10768
28	57	0.17361
28	58	0.058684
28	59	0.087304
28	60	0.17397
28	61	0.10049
28	62	0.099082
28	63	0.085429
28	64	0.094393
28	65	0.1109
28	66	0.088423
28	67	0.033483
28	68	0.053852
28	69	0.14939
28	70	0.093757
28	71	0.24175
28	72	0.16987
28	73	0.13918
28	74	0.029995
28	75	0.11975
28	76	0.23791
28	77	0.30074
28	78	0.19788
28	79	0.07564
29	30	3.8025
29	31	1.4694
29	32	0.88956
29	33	0.66795
29	34	0.3336
29	35	0.40186
29	36	0.19738
29	37	0.51958
29	38	0.21769
29	39	0.26815
29	40	0.17997
29	41	0.37111
29	42	0.2977
29	43	0.26264
29	44	0.093736
29	45	0.18864
29	46	0.18322
29	47	0.20867
29	48	0.19501
29	49	0.1059
29	50	0.14062
29	51	0.088686
29	52	0.20604
29	53	0.20827
29	54	0.19308
29	55	0.13495
29	56	0.076915
29	57	0.17051
29	58	0.14671
29	59	0.17149
29	60	0.15533
29	61	0.1615
29	62	0.099082
29	63	0.091531
29	64	0.11237
29	65	0.092416
29	66	0.088423
29	67	0.083708
29	68	0.051288
29	69	0.14227
29	70	0.24556
29	71	0.074004
29	72	0.048533
29	73	0.099413
29	74	0.1714
29	75	0.085537
29	76	0.16994
29	77	0.071606
29	78	0.070673
29	79	0.16209
30	31	3.5757
30	32	1.3777
30	33	0.58299
30	34	0.59898
30	35	0.28633
30	36	0.27564
30	37	0.62194
30	38	0.24128
30	39	0.26748
30	40	0.3334
30	41	0.26922
30	42	0.21597
30	43	0.20376
30	44	0.077918
30	45	0.24462
30	46	0.12184
30	47	0.1441
30	48	0.19452
30	49	0.17166
30	50	0.11476
30	51	0.13902
30	52	0.15414
30	53	0.15235
30	54	0.10371
30	55	0.10096
30	56	0.21099
30	57	0.1237
30	58	0.22997
30	59	0.18661
30	60	0.030989
30	61	0.1969
30	62	0.16943
30	63	0.19782
30	64	0
30	65	0.10535
30	66	0.1512
30	67	0.083498
30	68	0.11511
30	69	0.19514
30	70	0.26721
30	71	0.098426
30	72	0.096824
30	73	0.19833
30	74	0.12823
30	75	0.17065
30	76	0.25427
30	77	0
30	78	0.070496
30	79	0.16168
31	32	4.2479
31	33	1.0281
31	34	0.86479
31	35	0.37205
31	36	0.19187
31	37	0.42652
31	38	0.31351
31	39	0.28963
31	40	0.44433
31	41	0.36441
31	42	0.26309
31	43	0.3152
31	44	0.18562
31	45	0.12225
31	46	0.21989
31	47	0.1387
31	48	0.10532
31	49	0.07149
31	50	0
31	51	0.13685
31	52	0.13909
31	53	0.17996
31	54	0.096256
31	55	0.14576
31	56	0.10385
31	57	0.10046
31	58	0.11319
31	59	0.15155
31	60	0.21811
31	61	0.11629
31	62	0.091733
31	63	0.18125
31	64	0.14565
31	65	0.02852
31	66	0.06822
31	67	0.064582
31	68	0.055397
31	69	0.076836
31	70	0.1929
31	71	0.15987
31	72	0.13106
31	73	0.13422
31	74	0.11571
31	75	0.061594
31	76	0.13766
31	77	0.11602
31	78	0
31	79	0.11672
32	33	2.7456
32	34	1.6717
32	35	1.0338
32	36	0.30908
32	37	0.42309
32	38	0.53028
32	39	0.32659
32	40	0.44286
32	41	0.21132
32	42	0.46617
32	43	0.18279
32	44	0.29357
32	45	0.20678
32	46	0.28691
32	47	0.30163
32	48	0.057256
32	49	0.062187
32	50	0.040036
32	51	0.059518
32	52	0.060495
32	53	0.17394
32	54	0.16281
32	55	0.29057
32	56	0.18067
32	57	0.14564
32	58	0.1641
32	59	0.12207
32	60	0.29189
32	61	0.0562
32	62	0.13299
32	63	0.095554
32	64	0.21116
32	65	0.14472
32	66	0.019781
32	67	0.074903
32	68	0.14055
32	69	0.13924
32	70	0.13983
32	71	0.19314
32	72	0.114
32	73	0.15567
32	74	0.16775
32	75	0.13394
32	76	0.19958
32	77	0.16819
32	78	0.22134
32	79	0.33842
33	34	6.1113
33	35	1.8597
33	36	0.63938
33	37	0.81253
33	38	0.59441
33	39	0.49921
33	40	0.4595
33	41	0.2638
33	42	0.39299
33	43	0.35856
33	44	0.15706
33	45	0.27393
33	46	0.13644
33	47	0.19723
33	48	0.068071
33	49	0.059146
33	50	0.042838
33	51	0.042456
33	52	0.10069
33	53	0.12407
33	54	0.099543
33	55	0.22611
33	56	0.21479
33	57	0.1212
33	58	0.18729
33	59	0.10449
33	60	0.17351
33	61	0.060133
33	62	0.063244
33	63	0.13632
33	64	0.12552
33	65	0.073736
33	66	0.05644
33	67	0.066788
33	68	0.042967
33	69	0.099326
33	70	0.099742
33	71	0.13777
33	72	0.16264
33	73	0.16657
33	74	0.16753
33	75	0.19109
33	76	0.28473
33	77	0.079985
33	78	0.078943
33	79	0.2414
34	35	3.9714
34	36	1.1011
34	37	0.6493
34	38	0.64772
34	39	0.53189
34	40	0.40161
34	41	0.60229
34	42	0.42275
34	43	0.39072
34	44	0.2789
34	45	0.29467
34	46	0.22714
34	47	0.14328
34	48	0.027198
34	49	0
34	50	0.028527
34	51	0.056545
34	52	0.057472
34	53	0.061968
34	54	0.13258
34	55	0.15057
34	56	0.12873
34	57	0.034591
34	58	0.093539
34	59	0.13916
34	60	0.20798
34	61	0.12013
34	62	0.063173
34	63	0.20426
34	64	0.050153
34	65	0.058923
34	66	0.028189
34	67	0.10674
34	68	0.085838
34	69	0.11906
34	70	0.049815
34	71	0.22019
34	72	0.21661
34	73	0.16638
34	74	0.14343
34	75	0.19088
34	76	0.37922
34	77	0.079896
34	78	0.15771
34	79	0.60284
35	36	4.9647
35	37	1.277
35	38	1.672
35	39	1.3158
35	40	0.83923
35	41	0.58302
35	42	0.51965
35	43	0.33619
35	44	0.44996
35	45	0.21733
35	46	0.39089
35	47	0.18493
35	48	0.023402
35	49	0.025417
35	50	0
35	51	0.07298
35	52	0.049452
35	53	0.10664
35	54	0.22815
35	55	0.16195
35	56	0.18461
35	57	0.11905
35	58	0.24146
35	59	0.059869
35	60	0.26843
35	61	0.034456
35	62	0.13589
35	63	0.029292
35	64	0.21577
35	65	0.12675
35	66	0.024255
35	67	0.022961
35	68	0.02462
35	69	0.034147
35	70	0
35	71	0.1421
35	72	0.41935
35	73	0.19088
35	74	0.16456
35	75	0.054747
35	76	0
35	77	0.41247
35	78	0.2714
35	79	0.51871
36	37	4.6923
36	38	2.0439
36	39	1.2195
36	40	0.57708
36	41	0.53453
36	42	0.35732
36	43	0.50088
36	44	0.26815
36	45	0.24906
36	46	0.18815
36	47	0.19074
36	48	0.14483
36	49	0.052433
36	50	0.016878
36	51	0.13382
36	52	0.034004
36	53	0.054996
36	54	0.1961
36	55	0.20045
36	56	0.17772
36	57	0.10233
36	58	0.13836
36	59	0.18525
36	60	0.20509
36	61	0.18954
36	62	0.074754
36	63	0.10071
36	64	0.11869
36	65	0.087156
36	66	0.016678
36	67	0.015789
36	68	0.016929
36	69	0.1174
36	70	0.11789
36	71	0.26056
36	72	0.25632
36	73	0.2297
36	74	0.19802
36	75	0.11294
36	76	0.22437
36	77	0.28363
36	78	0.18662
36	79	0.071335
37	38	2.8583
37	39	0.9941
37	40	0.53615
37	41	0.28142
37	42	0.11287
37	43	0.4057
37	44	0.28235
37	45	0.23603
37	46	0.31132
37	47	0.20084
37	48	0.13555
37	49	0.036806
37	50	0.15995
37	51	0.1233
37	52	0.16112
37	53	0.15442
37	54	0.14454
37	55	0.11726
37	56	0.13366
37	57	0.2586
37	58	0.087412
37	59	0.17339
37	60	0.10797
37	61	0.14968
37	62	0.15743
37	63	0.12725
37	64	0.15623
37	65	0.091772
37	66	0.10537
37	67	0.066499
37	68	0.089128
37	69	0.049448
37	70	0.15517
37	71	0.034295
37	72	0.033737
37	73	0.13821
37	74	0.089359
37	75	0.15856
37	76	0
37	77	0.14932
37	78	0.29476
37	79	0
38	39	6.5079
38	40	1.456
38	41	1.0917
38	42	0.48167
38	43	0.51938
38	44	0.27805
38	45	0.42731
38	46	0.32939
38	47	0.15583
38	48	0.03944
38	49	0.064254
38	50	0.041367
38	51	0.061498
38	52	0.083342
38	53	0.17972
38	54	0.14419
38	55	0.21835
38	56	0.18667
38	57	0.10032
38	58	0.067822
38	59	0.27747
38	60	0.17593
38	61	0.029034
38	62	0.068707
38	63	0.12341
38	64	0.072728
38	65	0.042723
38	66	0.061315
38	67	0.058045
38	68	0.062238
38	69	0.086324
38	70	0.10836
38	71	0.19957
38	72	0.51043
38	73	0.20106
38	74	0.13866
38	75	0.1384
38	76	0.068739
38	77	0.4055
38	78	0.57174
38	79	0.34967
39	40	4.8166
39	41	1.4793
39	42	0.75512
39	43	0.69791
39	44	0.31136
39	45	0.60153
39	46	0.32458
39	47	0.12796
39	48	0.12145
39	49	0.15829
39	50	0.10191
39	51	0.0505
39	52	0.025665
39	53	0.11069
39	54	0.059202
39	55	0.20172
39	56	0.30658
39	57	0
39	58	0.12531
39	59	0.093213
39	60	0.2167
39	61	0.28611
39	62	0.11284
39	63	0.060807
39	64	0.089584
39	65	0.078936
39	66	0.050351
39	67	0
39	68	0
39	69	0.035444
39	70	0.17796
39	71	0.34415
39	72	0.24182
39	73	0.19813
39	74	0.1281
39	75	0.17048
39	76	0.33868
39	77	0.071355
39	78	0.2817
39	79	0.64608
40	41	7.0207
40	42	1.1171
40	43	1.0038
40	44	0.48363
40	45	0.58397
40	46	0.80526
40	47	0.27606
40	48	0.12577
40	49	0.1366
40	50	0.065956
40	51	0.13074
40	52	0.13288
40	53	0.19103
40	54	0.28098
40	55	0.23209
40	56	0.19842
40	57	0.18661
40	58	0.21627
40	59	0.080437
40	60	0.24043
40	61	0.092584
40	62	0.12172
40	63	0.026236
40	64	0.15461
40	65	0.045411
40	66	0.043449
40	67	0.061698
40	68	0.044103
40	69	0.061171
40	70	0.076784
40	71	0.21212
40	72	0.20867
40	73	0.2992
40	74	0.073695
40	75	0.14711
40	76	0.58452
40	77	0.36945
40	78	0.24309
40	79	0.37168
41	42	4.6418
41	43	1.3171
41	44	1.0225
41	45	0.42572
41	46	0.73508
41	47	0.32602
41	48	0.11002
41	49	0
41	50	0.057699
41	51	0
41	52	0.087184
41	53	0.12534
41	54	0.30167
41	55	0.076138
41	56	0.21698
41	57	0.17491
41	58	0.23649
41	59	0.17592
41	60	0.14022
41	61	0.16199
41	62	0.031944
41	63	0.10328
41	64	0.10144
41	65	0
41	66	0.11403
41	67	0.053974
41	68	0
41	69	0.08027
41	70	0.25189
41	71	0.3897
41	72	0.21906
41	73	0.39262
41	74	0.19341
41	75	0.064346
41	76	0.19175
41	77	0.2424
41	78	0.47848
41	79	0.36579
42	43	3.5924
42	44	1.1879
42	45	0.8196
42	46	0.8845
42	47	0.58118
42	48	0.044129
42	49	0.11982
42	50	0.09257
42	51	0.091744
42	52	0.16319
42	53	0.20109
42	54	0.24199
42	55	0.30538
42	56	0.27849
42	57	0.11225
42	58	0.15177
42	59	0.14112
42	60	0.11248
42	61	0.25989
42	62	0.17937
42	63	0.1657
42	64	0.16275
42	65	0.071702
42	66	0.068604
42	67	0.064946
42	68	0.023212
42	69	0.16098
42	70	0.16165
42	71	0.31261
42	72	0.17572
42	73	0.17997
42	74	0.27151
42	75	0.20647
42	76	0.15382
42	77	0.45371
42	78	0.25588
42	79	0.39124
43	44	3.7511
43	45	1.4729
43	46	1.073
43	47	0.50134
43	48	0.19033
43	49	0.1292
43	50	0.074862
43	51	0.14839
43	52	0.050274
43	53	0.24393
43	54	0.28993
43	55	0.26343
43	56	0.22521
43	57	0.21181
43	58	0.081824
43	59	0.060865
43	60	0.24257
43	61	0.14011
43	62	0.11052
43	63	0.14889
43	64	0.043872
43	65	0.10309
43	66	0.14795
43	67	0.046686
43	68	0.12515
43	69	0.13886
43	70	0.087152
43	71	0.33708
43	72	0.23685
43	73	0.24257
43	74	0.25094
43	75	0.22263
43	76	0.082931
43	77	0.27956
43	78	0.13796
43	79	0.21093
44	45	5.2241
44	46	1.8509
44	47	0.58711
44	48	0.076422
44	49	0.083002
44	50	0.080156
44	51	0.052961
44	52	0.14803
44	53	0.08706
44	54	0.2173
44	55	0.17629
44	56	0.20095
44	57	0.19439
44	58	0.21903
44	59	0.13034
44	60	0.11363
44	61	0.18753
44	62	0.044377
44	63	0.17537
44	64	0.16441
44	65	0.027594
44	66	0.066005
44	67	0.012497
44	68	0.080397
44	69	0.03717
44	70	0.20996
44	71	0.18046
44	72	0.30432
44	73	0.25973
44	74	0.13434
44	75	0.17878
44	76	0.17759
44	77	0.26191
44	78	0.14771
44	79	0.28231
45	46	4.5468
45	47	0.81019
45	48	0.13841
45	49	0.083519
45	50	0.064524
45	51	0.14388
45	52	0.14624
45	53	0.22776
45	54	0.29987
45	55	0.40443
45	56	0.24264
45	57	0.17604
45	58	0.10579
45	59	0.15738
45	60	0.29401
45	61	0.20379
45	62	0.089306
45	63	0.17325
45	64	0.19852
45	65	0.13327
45	66	0.14346
45	67	0.060358
45	68	0.064718
45	69	0.20197
45	70	0.16901
45	71	0.31128
45	72	0.36745
45	73	0.12544
45	74	0.10814
45	75	0.17989
45	76	0.32165
45	77	0.31625
45	78	0.44589
45	79	0.40906
46	47	2.4044
46	48	0.28215
46	49	0.18026
46	50	0.13927
46	51	0.2933
46	52	0.2455
46	53	0.39706
46	54	0.42474
46	55	0.34457
46	56	0.62845
46	57	0.16887
46	58	0.17124
46	59	0.25476
46	60	0.27499
46	61	0.19549
46	62	0.23131
46	63	0.24929
46	64	0.21424
46	65	0.12585
46	66	0.086009
46	67	0.016284
46	68	0.087303
46	69	0.29061
46	70	0.21279
46	71	0.53748
46	72	0.29741
46	73	0.20307
46	74	0.058352
46	75	0.31062
46	76	0.23141
46	77	0.14627
46	78	0.19248
46	79	0.44145
47	48	1.505
47	49	0.49747
47	50	0.45296
47	51	0.97946
47	52	0.84343
47	53	0.87959
47	54	0.59006
47	55	0.27169
47	56	0.26841
47	57	0.2663
47	58	0.090015
47	59	0.43523
47	60	0.28354
47	61	0.15414
47	62	0.24317
47	63	0.42588
47	64	0.33784
47	65	0.21264
47	66	0.29839
47	67	0.20544
47	68	0.20651
47	69	0.30553
47	70	0.26366
47	71	0.31784
47	72	0.10422
47	73	0.24017
47	74	0.04601
47	75	0.24492
47	76	0.045617
47	77	0.11533
47	78	0.15177
47	79	0.34807
48	49	3.0758
48	50	2.2512
48	51	1.5804
48	52	0.93438
48	53	0.47543
48	54	0.23007
48	55	0.17879
48	56	0.17245
48	57	0.15165
48	58	0.20504
48	59	0.2415
48	60	0.075984
48	61	0.24871
48	62	0.27696
48	63	0.24875
48	64	0.20156
48	65	0.29062
48	66	0.42224
48	67	0.36073
48	68	0.35542
48	69	0.27548
48	70	0.2184
48	71	0.14078
48	72	0.079137
48	73	0
48	74	0.052403
48	75	0.046491
48	76	0.069273
48	77	0
48	78	0.057618
48	79	0.044049
49	50	4.1882
49	51	1.5369
49	52	0.8666
49	53	0.27048
49	54	0.10521
49	55	0.16431
49	56	0.034054
49	57	0.24707
49	58	0.24126
49	59	0.16566
49	60	0.068772
49	61	0.1589
49	62	0.36348
49	63	0.18912
49	64	0.099505
49	65	0.29226
49	66	0.39149
49	67	0.34943
49	68	0.28384
49	69	0.15748
49	70	0.1779
49	71	0.043687
49	72	0
49	73	0.022007
49	74	0.075887
49	75	0.075742
49	76	0.037619
49	77	0.031703
49	78	0.06258
49	79	0.047842
50	51	2.1126
50	52	1.1232
50	53	0.29682
50	54	0.088905
50	55	0.057699
50	56	0.065772
50	57	0.21208
50	58	0.17922
50	59	0.31995
50	60	0.066414
50	61	0.18414
50	62	0.39943
50	63	0.13045
50	64	0.2114
50	65	0.25966
50	66	0.47528
50	67	0.42948
50	68	0.40568
50	69	0.25853
50	70	0.19089
50	71	0.084377
50	72	0
50	73	0.063758
50	74	0
50	75	0.024381
50	76	0.072658
50	77	0.12246
50	78	0.060434
50	79	0.1386
51	52	2.4883
51	53	0.76485
51	54	0.35245
51	55	0.30022
51	56	0.13037
51	57	0.38097
51	58	0.24867
51	59	0.29067
51	60	0.15797
51	61	0.3954
51	62	0.25192
51	63	0.33614
51	64	0.22857
51	65	0.22378
51	66	0.37469
51	67	0.30404
51	68	0.40206
51	69	0.36172
51	70	0.17027
51	71	0.083624
51	72	0.10283
51	73	0.063189
51	74	0.036315
51	75	0.12082
51	76	0.14402
51	77	0.12137
51	78	0.059895
51	79	0.091578
52	53	1.8299
52	54	0.58852
52	55	0.47951
52	56	0.23189
52	57	0.42728
52	58	0.36107
52	59	0.47002
52	60	0.1338
52	61	0.23186
52	62	0.28043
52	63	0.14455
52	64	0.32911
52	65	0.40941
52	66	0.30467
52	67	0.23692
52	68	0.36448
52	69	0.27574
52	70	0.55765
52	71	0.12749
52	72	0.10452
52	73	0.10704
52	74	0.036911
52	75	0.1228
52	76	0.073191
52	77	0.12336
52	78	0
52	79	0.04654
53	54	3.6418
53	55	1.0654
53	56	0.69651
53	57	0.48949
53	58	0.54504
53	59	0.49231
53	60	0.41838
53	61	0.34999
53	62	0.38125
53	63	0.35421
53	64	0.37573
53	65	0.26976
53	66	0.22291
53	67	0.23324
53	68	0.21436
53	69	0.39641
53	70	0.26953
53	71	0.32076
53	72	0.18031
53	73	0.18466
53	74	0.21889
53	75	0.079444
53	76	0.039458
53	77	0.16626
53	78	0
53	79	0
54	55	3.9385
54	56	0.95521
54	57	0.67763
54	58	0.60386
54	59	0.34076
54	60	0.44755
54	61	0.30308
54	62	0.16876
54	63	0.3486
54	64	0.42425
54	65	0.20987
54	66	0.1255
54	67	0.095046
54	68	0.15287
54	69	0.21203
54	70	0.24397
54	71	0.34312
54	72	0.2411
54	73	0.19754
54	74	0.21286
54	75	0.14164
54	76	0.25325
54	77	0.32014
54	78	0.070215
54	79	0.10736
55	56	3.8405
55	57	0.87456
55	58	0.78043
55	59	0.61571
55	60	0.56088
55	61	0.38472
55	62	0.19166
55	63	0.18935
55	64	0.45648
55	65	0.13408
55	66	0.057015
55	67	0.094455
55	68	0.11575
55	69	0.22074
55	70	0.12595
55	71	0.3897
55	72	0.19168
55	73	0.2524
55	74	0.19341
55	75	0.19304
55	76	0.047939
55	77	0.2828
55	78	0.15949
55	79	0.060966
56	57	2.6518
56	58	1.6175
56	59	0.50132
56	60	0.83916
56	61	0.41547
56	62	0.32772
56	63	0.29433
56	64	0.37581
56	65	0.23774
56	66	0.08124
56	67	0.046144
56	68	0.18142
56	69	0.22875
56	70	0.40199
56	71	0.57114
56	72	0.24971
56	73	0.35165
56	74	0.16535
56	75	0.1467
56	76	0.054646
56	77	0.23026
56	78	0.18181
56	79	0.069495
57	58	4.5854
57	59	1.6489
57	60	0.85364
57	61	0.40935
57	62	0.44031
57	63	0.37963
57	64	0.27965
57	65	0.2601
57	66	0.28816
57	67	0.19839
57	68	0.29249
57	69	0.20284
57	70	0.30091
57	71	0.23021
57	72	0.12581
57	73	0.15462
57	74	0.17773
57	75	0.11826
57	76	0.26431
57	77	0.1485
57	78	0.073281
57	79	0.11204
58	59	2.9725
58	60	1.1324
58	61	0.52831
58	62	0.41673
58	63	0.57745
58	64	0.28358
58	65	0.35167
58	66	0.21251
58	67	0.21795
58	68	0.12583
58	69	0.32412
58	70	0.34426
58	71	0.27667
58	72	0.13608
58	73	0.13937
58	74	0.15019
58	75	0.039973
58	76	0.059561
58	77	0.25097
58	78	0.29724
58	79	0.15149
59	60	2.7214
59	61	0.9544
59	62	0.9152
59	63	0.62045
59	64	0.37501
59	65	0.48188
59	66	0.28981
59	67	0.28683
59	68	0.2808
59	69	0.18546
59	70	0.25608
59	71	0.2058
59	72	0.10123
59	73	0.10367
59	74	0.20109
59	75	0.11894
59	76	0.08861
59	77	0.37338
59	78	0.29481
59	79	0.056345
60	61	3.0206
60	62	0.67655
60	63	0.60234
60	64	0.72393
60	65	0.20577
60	66	0.1575
60	67	0.1491
60	68	0.18652
60	69	0.27718
60	70	0.25515
60	71	0.28195
60	72	0.20172
60	73	0.18077
60	74	0.22262
60	75	0.1185
60	76	0.35315
60	77	0.48362
60	78	0.14687
60	79	0.22456
61	62	3.9079
61	63	1.6664
61	64	0.99817
61	65	0.53881
61	66	0.43972
61	67	0.22967
61	68	0.23086
61	69	0.29886
61	70	0.58951
61	71	0.23689
61	72	0.26216
61	73	0.14916
61	74	0.20574
61	75	0.20535
61	76	0.20398
61	77	0.17191
61	78	0.33933
61	79	0
62	63	3.5966
62	64	0.9576
62	65	0.68752
62	66	0.82527
62	67	0.4529
62	68	0.42491
62	69	0.40413
62	70	0.59182
62	71	0.21021
62	72	0.06893
62	73	0.14119
62	74	0.142
62	75	0.08099
62	76	0.24135
62	77	0.2373
62	78	0.066916
62	79	0.40925
63	64	3.6695
63	65	0.72751
63	66	0.41249
63	67	0.26846
63	68	0.35328
63	69	0.48999
63	70	0.97954
63	71	0.45311
63	72	0.07429
63	73	0.076085
63	74	0.17491
63	75	0.17457
63	76	0.086707
63	77	0.14614
63	78	0.14424
63	79	0.27567
64	65	2.9375
64	66	0.77862
64	67	0.39551
64	68	0.50119
64	69	0.64167
64	70	0.57053
64	71	0.55629
64	72	0.40131
64	73	0.14946
64	74	0.19326
64	75	0.17146
64	76	0.19161
64	77	0.2153
64	78	0.10625
64	79	0.081226
65	66	2.7777
65	67	1.0772
65	68	1.0984
65	69	0.97375
65	70	0.57172
65	71	0.32678
65	72	0.021431
65	73	0.15364
65	74	0.075685
65	75	0.1259
65	76	0.037519
65	77	0.18971
65	78	0.18724
65	79	0
66	67	3.092
66	68	1.5385
66	69	0.85655
66	70	0.54702
66	71	0.27097
66	72	0.061515
66	73	0.126
66	74	0.14483
66	75	0.072277
66	76	0.10769
66	77	0.030253
66	78	0
66	79	0.18261
67	68	4.1539
67	69	1.6217
67	70	0.82141
67	71	0.15786
67	72	0.077646
67	73	0.079522
67	74	0.11997
67	75	0.11404
67	76	0.13594
67	77	0.085918
67	78	0
67	79	0.086437
68	69	3.1574
68	70	1.2062
68	71	0.31737
68	72	0.06244
68	73	0.21316
68	74	0.091881
68	75	0.097819
68	76	0.10932
68	77	0.092124
68	78	0.060616
68	79	0.18536
69	70	3.1071
69	71	0.82168
69	72	0.17321
69	73	0.29566
69	74	0.2039
69	75	0.30527
69	76	0.15162
69	77	0.17037
69	78	0.084074
69	79	0.38564
70	71	3.4994
70	72	0.47108
70	73	0.44535
70	74	0.41591
70	75	0.68122
70	76	0.50752
70	77	0.42771
70	78	0.10553
70	79	0.24204
71	72	5.0454
71	73	1.1483
71	74	1.096
71	75	0.56458
71	76	0.49073
71	77	0.64987
71	78	0.69971
71	79	0.35662
72	73	5.2043
72	74	1.565
72	75	1.0645
72	76	0.48274
72	77	0.6393
72	78	1.1472
72	79	0.70162
73	74	6.269
73	75	2.8915
73	76	2.9664
73	77	1.3095
73	78	1.5274
73	79	0.71858
74	75	7.6415
74	76	2.8617
74	77	1.5394
74	78	1.1142
74	79	0.4646
75	76	4.4566
75	77	1.9803
75	78	1.7523
75	79	1.1335
76	77	10.887
76	78	3.0126
76	79	1.0748
77	78	8.4629
77	79	1.8115
78	79	18.135
