1	2	5.2568
1	3	2.691
1	4	2.4525
1	5	4.4134
1	6	0.28161
1	7	1.0104
1	8	0.24904
1	9	0.23773
1	10	0.43474
1	11	0.70455
1	12	0.21385
1	13	0.86786
1	14	0.51461
1	15	1.0704
1	16	0.17284
1	17	1.3989
1	18	0.38442
1	19	0
1	20	0.54835
1	21	0.12606
1	22	0.25696
1	23	0.28347
1	24	0.13683
1	25	0.155
1	26	0.13316
1	27	0.093826
1	28	0
1	29	0.33715
1	30	0.10246
1	31	0
1	32	0
1	33	0.6198
1	34	0
1	35	0.69444
1	36	0.10003
1	37	0
1	38	0.20634
1	39	0.25195
1	40	0.16241
1	41	0.20078
1	42	0
1	43	0.22661
1	44	0
1	45	0.66734
1	46	0
1	47	0
1	48	0.77811
1	49	0.79082
1	50	0.30368
1	51	0.21456
1	52	0.13839
1	53	0.84239
1	54	0
1	55	0.74092
1	56	0.47751
1	57	0.20057
2	3	12.319
2	4	2.3727
2	5	1.868
2	6	0.85139
2	7	0.45822
2	8	1.3552
2	9	0.43123
2	10	0.26287
2	11	1.278
2	12	0.51722
2	13	0.13119
2	14	0.31116
2	15	0.12945
2	16	0.52253
2	17	0.28195
2	18	0.69733
2	19	0.60543
2	20	0.11052
2	21	0.076221
2	22	0.15537
2	23	0.085699
2	24	0
2	25	0
2	26	0
2	27	0
2	28	0.076569
2	29	0
2	30	0
2	31	0
2	32	0
2	33	0.074953
2	34	0.30039
2	35	0.083979
2	36	0.060481
2	37	0.36879
2	38	0.74857
2	39	0
2	40	0.78559
2	41	0.3642
2	42	0.16641
2	43	0.20553
2	44	0.81638
2	45	0
2	46	0.99141
2	47	0.46736
2	48	0.47049
2	49	0.31878
2	50	0.091811
2	51	0
2	52	0.083679
2	53	0
2	54	0.14717
2	55	0.14933
2	56	0.072182
2	57	0
3	4	10.628
3	5	1.5027
3	6	1.569
3	7	0.86007
3	8	0.69374
3	9	0.073583
3	10	0.22427
3	11	0.54518
3	12	0.26477
3	13	0.40294
3	14	0.23893
3	15	0.1988
3	16	0.32098
3	17	0.28867
3	18	0.71393
3	19	0.15496
3	20	0
3	21	0.078035
3	22	0
3	23	0
3	24	0
3	25	0
3	26	0.041217
3	27	0
3	28	0
3	29	0.069571
3	30	0
3	31	0
3	32	0
3	33	0.076737
3	34	0.10251
3	35	0.042989
3	36	0.061921
3	37	0.062928
3	38	0.25546
3	39	0.15597
3	40	0.15081
3	41	0.37287
3	42	0.17037
3	43	0.070141
3	44	0.52239
3	45	0.20656
3	46	0.42292
3	47	0.23924
3	48	0.48169
3	49	0.081592
3	50	0.046999
3	51	0.033206
3	52	0.042836
3	53	0.065185
3	54	0.22602
3	55	0.038222
3	56	0.0739
3	57	0.12416
4	5	6.6235
4	6	1.6683
4	7	1.1972
4	8	0.59012
4	9	0.37555
4	10	0.22893
4	11	1.2521
4	12	0.33783
4	13	0.34275
4	14	0.20324
4	15	0.25365
4	16	0.47782
4	17	0.27624
4	18	0.15182
4	19	0.79089
4	20	0.14438
4	21	0.14935
4	22	0.050742
4	23	0.055976
4	24	0
4	25	0
4	26	0
4	27	0.07411
4	28	0.050012
4	29	0
4	30	0
4	31	0
4	32	0
4	33	0.048956
4	34	0.2616
4	35	0.16456
4	36	0.11851
4	37	0.24088
4	38	0.08149
4	39	0.19901
4	40	0.12828
4	41	0.31718
4	42	0
4	43	0.089496
4	44	0.39993
4	45	0.26356
4	46	0.10793
4	47	0.20351
4	48	0.30731
4	49	0.20821
4	50	0.059968
4	51	0
4	52	0.16397
4	53	0.16635
4	54	0.096129
4	55	0.048769
4	56	0
4	57	0.31685
5	6	8.2059
5	7	1.4362
5	8	0.97345
5	9	1.0137
5	10	0.51496
5	11	1.0014
5	12	0.22798
5	13	0.4626
5	14	0.64004
5	15	0.45646
5	16	0.36851
5	17	0.41426
5	18	0.68303
5	19	0.53372
5	20	0.12991
5	21	0.044795
5	22	0.045656
5	23	0
5	24	0.097245
5	25	0.05508
5	26	0.047319
5	27	0.033341
5	28	0
5	29	0.039936
5	30	0.036409
5	31	0.03989
5	32	0
5	33	0.04405
5	34	0.17654
5	35	0.19742
5	36	0.10663
5	37	0.36123
5	38	0.21997
5	39	0.44766
5	40	0.23085
5	41	0.21404
5	42	0
5	43	0.12079
5	44	0.23989
5	45	0.23714
5	46	0.19422
5	47	0.18311
5	48	0.092168
5	49	0.65571
5	50	0.16187
5	51	0.038123
5	52	0.098357
5	53	0.14967
5	54	0.17299
5	55	0.043881
5	56	0
5	57	0.071273
6	7	5.155
6	8	2.2022
6	9	0.59294
6	10	0.55859
6	11	0.79876
6	12	0.29094
6	13	0.39356
6	14	0.4084
6	15	0.53398
6	16	0.70542
6	17	0.1586
6	18	0.43583
6	19	0.22704
6	20	0.08289
6	21	0.028583
6	22	0
6	23	0.19282
6	24	0.06205
6	25	0.10544
6	26	0.090581
6	27	0.042549
6	28	0
6	29	0.076447
6	30	0.069696
6	31	0.050906
6	32	0.049251
6	33	0.028107
6	34	0.15019
6	35	0
6	36	0.090721
6	37	0.092197
6	38	0.28071
6	39	0.28564
6	40	0.36825
6	41	0.22763
6	42	0.062403
6	43	0.12846
6	44	0.15307
6	45	0.35307
6	46	0.30981
6	47	0.17526
6	48	0.17643
6	49	0.23908
6	50	0.13772
6	51	0.097302
6	52	0.06276
6	53	0
6	54	0.16557
6	55	0.083999
6	56	0.10827
6	57	0.13643
7	8	5.5717
7	9	1.1604
7	10	0.35369
7	11	1.0031
7	12	0.34796
7	13	0.57367
7	14	0.471
7	15	0.26126
7	16	0.24607
7	17	0.28453
7	18	0.70369
7	19	0.40731
7	20	0.22306
7	21	0.10256
7	22	0.13066
7	23	0.057654
7	24	0.11132
7	25	0.031525
7	26	0
7	27	0.019083
7	28	0.077268
7	29	0
7	30	0.062517
7	31	0
7	32	0.044178
7	33	0.10085
7	34	0.033681
7	35	0.14124
7	36	0.040688
7	37	0.1654
7	38	0.16787
7	39	0.25622
7	40	0.099095
7	41	0.12251
7	42	0.11195
7	43	0.023045
7	44	0.068653
7	45	0.18097
7	46	0.2779
7	47	0.10481
7	48	0.15826
7	49	0.26807
7	50	0.030883
7	51	0.04364
7	52	0.056295
7	53	0.085667
7	54	0.14852
7	55	0
7	56	0.04856
7	57	0.20397
8	9	3.5751
8	10	0.66832
8	11	0.9889
8	12	0.47168
8	13	0.34804
8	14	0.46434
8	15	0.30049
8	16	0.20794
8	17	0.374
8	18	0.4625
8	19	0.70271
8	20	0.18325
8	21	0.15166
8	22	0.12881
8	23	0.085259
8	24	0.10974
8	25	0.03108
8	26	0
8	27	0
8	28	0
8	29	0
8	30	0.020544
8	31	0.022508
8	32	0.17421
8	33	0.19885
8	34	0.19923
8	35	0.055698
8	36	0.040113
8	37	0
8	38	0.24824
8	39	0.10104
8	40	0.19539
8	41	0.080517
8	42	0.055184
8	43	0.20447
8	44	0.33841
8	45	0.13381
8	46	0.27397
8	47	0.36163
8	48	0.31205
8	49	0.052857
8	50	0.21312
8	51	0.086046
8	52	0.055499
8	53	0.12668
8	54	0.24403
8	55	0.14856
8	56	0.071811
8	57	0.12065
9	10	3.8556
9	11	1.0114
9	12	0.53214
9	13	0.4153
9	14	0.39401
9	15	0.32783
9	16	0.43008
9	17	0.22314
9	18	0.22075
9	19	0.38332
9	20	0.38485
9	21	0.24129
9	22	0.36889
9	23	0.29842
9	24	0.20952
9	25	0.23735
9	26	0.25489
9	27	0.19755
9	28	0.19391
9	29	0.15058
9	30	0.17651
9	31	0.19338
9	32	0.20788
9	33	0.16609
9	34	0.31697
9	35	0.13292
9	36	0.17231
9	37	0.11674
9	38	0.07899
9	39	0.14468
9	40	0.12434
9	41	0.23059
9	42	0.15804
9	43	0.41207
9	44	0.19383
9	45	0.042579
9	46	0.20923
9	47	0.098633
9	48	0.19859
9	49	0.40366
9	50	0.14532
9	51	0.22588
9	52	0.18543
9	53	0.28218
9	54	0.18636
9	55	0.18909
9	56	0.20565
9	57	0.15356
10	11	2.014
10	12	0.72361
10	13	0.58225
10	14	0.42031
10	15	0.37469
10	16	0.22183
10	17	0.24484
10	18	0.22427
10	19	0.11683
10	20	0.46919
10	21	0.45596
10	22	0.37478
10	23	0.36382
10	24	0.41509
10	25	0.19894
10	26	0.17091
10	27	0.18611
10	28	0.22163
10	29	0.17047
10	30	0.21519
10	31	0.14407
10	32	0.22809
10	33	0.20249
10	34	0.13525
10	35	0.25929
10	36	0.29177
10	37	0.094886
10	38	0.04815
10	39	0.17638
10	40	0.037899
10	41	0.14056
10	42	0.25689
10	43	0.27762
10	44	0.15754
10	45	0.10382
10	46	0.06377
10	47	0.2405
10	48	0.090789
10	49	0.24606
10	50	0.24803
10	51	0.31294
10	52	0.3391
10	53	0.22115
10	54	0.3124
10	55	0.33139
10	56	0.195
10	57	0.21062
11	12	2.3049
11	13	0.86155
11	14	0.65683
11	15	0.30362
11	16	0.53925
11	17	0.39678
11	18	0.76326
11	19	0.56801
11	20	0.20738
11	21	0.14302
11	22	0.18221
11	23	0.080402
11	24	0.077619
11	25	0
11	26	0
11	27	0.053225
11	28	0.035918
11	29	0.1275
11	30	0
11	31	0.095518
11	32	0.24643
11	33	0.14064
11	34	0.51667
11	35	0.39394
11	36	0.14185
11	37	0.28832
11	38	0.2341
11	39	0.21439
11	40	0.092128
11	41	0.056948
11	42	0.15612
11	43	0.19282
11	44	0.19148
11	45	0.063094
11	46	0.07751
11	47	0.36539
11	48	0.51497
11	49	0.44861
11	50	0.1292
11	51	0.15214
11	52	0.039253
11	53	0
11	54	0.34519
11	55	0.07005
11	56	0.06772
11	57	0.512
12	13	8.032
12	14	0.70886
12	15	0.25804
12	16	0.38688
12	17	0.36131
12	18	0.66192
12	19	1.1207
12	20	0.28325
12	21	0.26046
12	22	0.13274
12	23	0.048809
12	24	0.07068
12	25	0.13344
12	26	0.022928
12	27	0.048466
12	28	0.021805
12	29	0.019351
12	30	0.052926
12	31	0.077314
12	32	0
12	33	0.14941
12	34	0.057027
12	35	0.1674
12	36	0.13778
12	37	0.21004
12	38	0.28423
12	39	0.30368
12	40	0.16778
12	41	0.13828
12	42	0.14216
12	43	0.23411
12	44	0.11624
12	45	0.19151
12	46	0.18821
12	47	0.17745
12	48	0.2233
12	49	0.27233
12	50	0.15687
12	51	0.14778
12	52	0.047658
12	53	0.036262
12	54	0.083821
12	55	0
12	56	0.16444
12	57	0.13814
13	14	1.5283
13	15	0.71059
13	16	0.54348
13	17	0.52949
13	18	0.80587
13	19	0.78713
13	20	0.47896
13	21	0.22021
13	22	0.17956
13	23	0.19808
13	24	0.095612
13	25	0
13	26	0.046525
13	27	0.016391
13	28	0.044244
13	29	0.07853
13	30	0.053696
13	31	0
13	32	0.18972
13	33	0.021655
13	34	0.2025
13	35	0.29115
13	36	0.15726
13	37	0.035516
13	38	0.28836
13	39	0.088028
13	40	0.056742
13	41	0.10522
13	42	0.14423
13	43	0.079173
13	44	0.11793
13	45	0.15544
13	46	0.095477
13	47	0.090018
13	48	0.13593
13	49	0.32235
13	50	0.053051
13	51	0.14993
13	52	0.072528
13	53	0.11037
13	54	0.25513
13	55	0.086288
13	56	0.083417
13	57	0.14015
14	15	3.9474
14	16	2.041
14	17	1.3042
14	18	0.79642
14	19	0.41488
14	20	0.34081
14	21	0.18281
14	22	0.15971
14	23	0.11745
14	24	0.11339
14	25	0.19267
14	26	0.027587
14	27	0.058314
14	28	0.13117
14	29	0.11641
14	30	0.06368
14	31	0.13953
14	32	0.315
14	33	0.15409
14	34	0.20584
14	35	0.14387
14	36	0.041445
14	37	0.12636
14	38	0.29923
14	39	0.26098
14	40	0.26917
14	41	0.16638
14	42	0.11403
14	43	0.25821
14	44	0.13986
14	45	0.092169
14	46	0.22646
14	47	0.10675
14	48	0.053734
14	49	0.54611
14	50	0.12583
14	51	0.066677
14	52	0.086013
14	53	0
14	54	0.15128
14	55	0.10233
14	56	0.074195
14	57	0.12466
15	16	4.5881
15	17	2.532
15	18	1.9217
15	19	0.4315
15	20	0.28357
15	21	0.13038
15	22	0.11074
15	23	0.073294
15	24	0.11793
15	25	0.18703
15	26	0.022954
15	27	0
15	28	0.043657
15	29	0.077489
15	30	0.088307
15	31	0.13545
15	32	0.11232
15	33	0.25641
15	34	0.17127
15	35	0.071823
15	36	0.051726
15	37	0.07009
15	38	0.14227
15	39	0.21715
15	40	0.22396
15	41	0.17305
15	42	0.09488
15	43	0.097654
15	44	0.23274
15	45	0.23007
15	46	0.14132
15	47	0.31088
15	48	0.35767
15	49	0.2272
15	50	0.1047
15	51	0.036985
15	52	0.095422
15	53	0.036302
15	54	0.12587
15	55	0.021286
15	56	0.041156
15	57	0.034573
16	17	4.4451
16	18	1.5514
16	19	0.83605
16	20	0.35611
16	21	0.070169
16	22	0.16092
16	23	0.078895
16	24	0.20945
16	25	0
16	26	0.018531
16	27	0.052228
16	28	0.12336
16	29	0.046919
16	30	0.028517
16	31	0.031243
16	32	0.21159
16	33	0.069002
16	34	0.23045
16	35	0.057984
16	36	0.083518
16	37	0.084877
16	38	0.17228
16	39	0.24543
16	40	0.27121
16	41	0.25146
16	42	0.1532
16	43	0.11037
16	44	0.18789
16	45	0.24765
16	46	0.19014
16	47	0.10756
16	48	0.10828
16	49	0.14673
16	50	0.25357
16	51	0.014929
16	52	0.038518
16	53	0.20515
16	54	0.067745
16	55	0.034369
16	56	0.066451
16	57	0.083735
17	18	5.5568
17	19	1.4098
17	20	0.41176
17	21	0
17	22	0.19295
17	23	0.10643
17	24	0.077059
17	25	0
17	26	0.024998
17	27	0.035227
17	28	0.047545
17	29	0.042195
17	30	0.019234
17	31	0.063219
17	32	0.040776
17	33	0.23271
17	34	0.093261
17	35	0.026073
17	36	0.11266
17	37	0.19083
17	38	0.19367
17	39	0.37838
17	40	0.21341
17	41	0.075382
17	42	0.15499
17	43	0.19143
17	44	0.44356
17	45	0.041759
17	46	0.3078
17	47	0.096734
17	48	0.38952
17	49	0.14846
17	50	0.057009
17	51	0.080558
17	52	0.1299
17	53	0.079069
17	54	0.13708
17	55	0
17	56	0.044821
17	57	0
18	19	4.8038
18	20	0.45261
18	21	0.35116
18	22	0.23861
18	23	0.08774
18	24	0.084704
18	25	0.095952
18	26	0
18	27	0.029041
18	28	0.039196
18	29	0
18	30	0.031714
18	31	0
18	32	0.13446
18	33	0.19184
18	34	0.25628
18	35	0.12897
18	36	0.1548
18	37	0.31464
18	38	0.31933
18	39	0.077985
18	40	0.10054
18	41	0.12429
18	42	0.17037
18	43	0.03507
18	44	0.41791
18	45	0.48197
18	46	0.33834
18	47	0.31899
18	48	0.16056
18	49	0.16318
18	50	0.141
18	51	0.13282
18	52	0.12851
18	53	0.19556
18	54	0.30136
18	55	0.038222
18	56	0.11085
18	57	0
19	20	2.3578
19	21	0.40651
19	22	0.41433
19	23	0.057133
19	24	0.16547
19	25	0.12496
19	26	0.053678
19	27	0.11346
19	28	0.051046
19	29	0.045302
19	30	0
19	31	0.090499
19	32	0.17511
19	33	0.24984
19	34	0.33376
19	35	0.27993
19	36	0.2016
19	37	0.57367
19	38	0.3327
19	39	0.10156
19	40	0.3928
19	41	0.40467
19	42	0
19	43	0
19	44	0.27213
19	45	0.17934
19	46	0.22031
19	47	0.62314
19	48	0.10455
19	49	0.10626
19	50	0.12242
19	51	0.25947
19	52	0
19	53	0.25468
19	54	0.098117
19	55	0.099555
19	56	0.24061
19	57	0.40425
20	21	3.0425
20	22	1.5694
20	23	0.8135
20	24	0.80548
20	25	0.31936
20	26	0.11758
20	27	0.22093
20	28	0.13046
20	29	0.21501
20	30	0.18095
20	31	0.24781
20	32	0.15983
20	33	0.21892
20	34	0.34119
20	35	0.26572
20	36	0.19137
20	37	0.1496
20	38	0.15183
20	39	0.1854
20	40	0.047802
20	41	0.059097
20	42	0.16201
20	43	0.2001
20	44	0.34773
20	45	0.13095
20	46	0.040217
20	47	0.11375
20	48	0.15269
20	49	0.11638
20	50	0.06704
20	51	0.26841
20	52	0.081469
20	53	0.15497
20	54	0.25075
20	55	0.18173
20	56	0.19326
20	57	0.3247
21	22	2.9732
21	23	1.5968
21	24	1.1943
21	25	0.59781
21	26	0.21625
21	27	0.28569
21	28	0.17994
21	29	0.28516
21	30	0.28078
21	31	0.14811
21	32	0.19841
21	33	0.15098
21	34	0.20169
21	35	0.21145
21	36	0.2132
21	37	0.082539
21	38	0.08377
21	39	0.10229
21	40	0.032967
21	41	0.040756
21	42	0.11173
21	43	0.207
21	44	0.034259
21	45	0.09031
21	46	0.027736
21	47	0.0523
21	48	0
21	49	0
21	50	0.20035
21	51	0.25044
21	52	0.16856
21	53	0.021375
21	54	0.14823
21	55	0.27574
21	56	0.16963
21	57	0.20357
22	23	2.1847
22	24	1.4296
22	25	0.83379
22	26	0.31683
22	27	0.34942
22	28	0.2751
22	29	0.22089
22	30	0.19079
22	31	0.1858
22	32	0.13482
22	33	0.16671
22	34	0.23983
22	35	0.22989
22	36	0.22764
22	37	0.21032
22	38	0.064035
22	39	0.052128
22	40	0.016801
22	41	0.12462
22	42	0.056941
22	43	0.10549
22	44	0.034918
22	45	0.069035
22	46	0.056539
22	47	0.053306
22	48	0.053663
22	49	0.054539
22	50	0.094247
22	51	0.16647
22	52	0.22906
22	53	0.1525
22	54	0.2518
22	55	0.30659
22	56	0.28404
22	57	0.22823
23	24	2.4203
23	25	1.3443
23	26	0.31912
23	27	0.48183
23	28	0.34683
23	29	0.4104
23	30	0.4677
23	31	0.30745
23	32	0.1983
23	33	0.084877
23	34	0.018898
23	35	0.2536
23	36	0.25113
23	37	0.16241
23	38	0
23	39	0.057504
23	40	0.037067
23	41	0.045825
23	42	0.062814
23	43	0.14223
23	44	0.03852
23	45	0.025385
23	46	0
23	47	0
23	48	0
23	49	0.030082
23	50	0.1213
23	51	0.12243
23	52	0.28428
23	53	0.24033
23	54	0.13888
23	55	0.39458
23	56	0.21797
23	57	0.25178
24	25	2.3053
24	26	0.33742
24	27	0.34111
24	28	0.43249
24	29	0.26001
24	30	0.40636
24	31	0.30917
24	32	0.26323
24	33	0.13657
24	34	0.27366
24	35	0.19892
24	36	0.27549
24	37	0.11199
24	38	0.090928
24	39	0.083272
24	40	0.035784
24	41	0.15484
24	42	0.18192
24	43	0.13731
24	44	0.074374
24	45	0
24	46	0.060213
24	47	0.05677
24	48	0.05715
24	49	0.029041
24	50	0.083642
24	51	0.18911
24	52	0.19821
24	53	0.16241
24	54	0.24134
24	55	0.32651
24	56	0.17097
24	57	0.26516
25	26	0.49856
25	27	0.33957
25	28	0.25286
25	29	0.22441
25	30	0.25574
25	31	0.18212
25	32	0.10843
25	33	0.10829
25	34	0.14467
25	35	0.104
25	36	0.087383
25	37	0.10149
25	38	0.051502
25	39	0.09433
25	40	0.081073
25	41	0.10023
25	42	0
25	43	0.12726
25	44	0
25	45	0
25	46	0
25	47	0
25	48	0
25	49	0
25	50	0.075799
25	51	0.16066
25	52	0.15544
25	53	0.1577
25	54	0.060754
25	55	0.24658
25	56	0.22348
25	57	0.075093
26	27	2.1427
26	28	1.222
26	29	0.67477
26	30	0.65912
26	31	0.49345
26	32	0.27946
26	33	0.2791
26	34	0.17755
26	35	0.17869
26	36	0.18232
26	37	0.10899
26	38	0.044245
26	39	0.027013
26	40	0.017413
26	41	0.12916
26	42	0.088522
26	43	0.10933
26	44	0.10857
26	45	0.0477
26	46	0.029299
26	47	0.055248
26	48	0
26	49	0.14131
26	50	0.09768
26	51	0.12653
26	52	0.13354
26	53	0.067739
26	54	0.15658
26	55	0.35747
26	56	0.29438
26	57	0.086017
27	28	2.1907
27	29	0.89145
27	30	0.99075
27	31	0.80562
27	32	0.41022
27	33	0.38395
27	34	0.16263
27	35	0.14689
27	36	0.18135
27	37	0.23038
27	38	0.062351
27	39	0.038067
27	40	0.12269
27	41	0.060671
27	42	0.16633
27	43	0.18831
27	44	0.102
27	45	0.050414
27	46	0.082577
27	47	0.038928
27	48	0.019594
27	49	0.039828
27	50	0.12618
27	51	0.15399
27	52	0.21955
27	53	0.1591
27	54	0.18388
27	55	0.36382
27	56	0.33368
27	57	0.19698
28	29	1.9022
28	30	1.2223
28	31	0.97287
28	32	0.53152
28	33	0.40445
28	34	0.18573
28	35	0.21242
28	36	0.34676
28	37	0.12438
28	38	0.084153
28	39	0.10276
28	40	0.099354
28	41	0.061414
28	42	0.25255
28	43	0.18484
28	44	0.13766
28	45	0.022681
28	46	0.083589
28	47	0.10508
28	48	0
28	49	0.10751
28	50	0.077409
28	51	0.19689
28	52	0.29632
28	53	0.27915
28	54	0.17372
28	55	0.35254
28	56	0.18258
28	57	0.14315
29	30	1.7244
29	31	1.5439
29	32	0.6486
29	33	0.70666
29	34	0.3896
29	35	0.26392
29	36	0.24438
29	37	0.20236
29	38	0.056012
29	39	0.045597
29	40	0.10287
29	41	0.19985
29	42	0.22413
29	43	0.17429
29	44	0.061087
29	45	0.10064
29	46	0.024728
29	47	0.11657
29	48	0.070409
29	49	0.071559
29	50	0.23358
29	51	0.1262
29	52	0.15027
29	53	0.24773
29	54	0.2643
29	55	0.24583
29	56	0.24845
29	57	0.23594
30	31	2.2688
30	32	0.663
30	33	0.47041
30	34	0.25956
30	35	0.22916
30	36	0.2558
30	37	0.10063
30	38	0.034044
30	39	0.062355
30	40	0.080387
30	41	0.09938
30	42	0.18163
30	43	0.18694
30	44	0.027846
30	45	0.11011
30	46	0.045088
30	47	0.063764
30	48	0
30	49	0.065239
30	50	0.10021
30	51	0.19471
30	52	0.15984
30	53	0.17373
30	54	0.2008
30	55	0.43805
30	56	0.2462
30	57	0.16546
31	32	1.865
31	33	0.81788
31	34	0.23947
31	35	0.23851
31	36	0.37066
31	37	0.18375
31	38	0.093246
31	39	0.13663
31	40	0.088072
31	41	0.34479
31	42	0.27362
31	43	0.2253
31	44	0.12203
31	45	0.020105
31	46	0.024699
31	47	0.06986
31	48	0.046885
31	49	0.1906
31	50	0.13724
31	51	0.24241
31	52	0.25017
31	53	0.17131
31	54	0.21999
31	55	0.27902
31	56	0.25895
31	57	0.10877
32	33	3.2302
32	34	0.63714
32	35	0.17003
32	36	0.29739
32	37	0.32
32	38	0.18043
32	39	0.17625
32	40	0.25563
32	41	0.28091
32	42	0.24066
32	43	0.17834
32	44	0.59032
32	45	0.19452
32	46	0.19117
32	47	0.13518
32	48	0.18144
32	49	0.092203
32	50	0.239
32	51	0.093811
32	52	0.12102
32	53	0.33148
32	54	0.12771
32	55	0.17277
32	56	0.14614
32	57	0.14031
33	34	1.9834
33	35	0.42973
33	36	0.40932
33	37	0.4667
33	38	0.22653
33	39	0.20117
33	40	0.19451
33	41	0.52102
33	42	0.27468
33	43	0.24879
33	44	0.13476
33	45	0.17761
33	46	0.1091
33	47	0.12858
33	48	0.15532
33	49	0.21048
33	50	0.3031
33	51	0.22486
33	52	0.20719
33	53	0.33631
33	54	0.31582
33	55	0.18487
33	56	0.21447
33	57	0.14013
34	35	1.5926
34	36	0.74686
34	37	0.84033
34	38	0.44018
34	39	0.40312
34	40	0.2382
34	41	0.32124
34	42	0.14678
34	43	0.36257
34	44	0.45006
34	45	0.29659
34	46	0.29149
34	47	0.27482
34	48	0.2075
34	49	0.21088
34	50	0.34417
34	51	0.20026
34	52	0.23988
34	53	0.2808
34	54	0.4219
34	55	0.14818
34	56	0.27059
34	57	0.40114
35	36	3.2327
35	37	1.3186
35	38	0.48456
35	39	0.42263
35	40	0.19978
35	41	0.17962
35	42	0.46165
35	43	0.48148
35	44	0.22648
35	45	0.14925
35	46	0.21392
35	47	0.086436
35	48	0.17403
35	49	0.11791
35	50	0.18678
35	51	0.37191
35	52	0.27857
35	53	0.44746
35	54	0.24497
35	55	0.23476
35	56	0.41384
35	57	0.31401
36	37	1.8175
36	38	0.44868
36	39	0.44641
36	40	0.15696
36	41	0.19404
36	42	0.35464
36	43	0.41976
36	44	0.16311
36	45	0.12541
36	46	0.044017
36	47	0.083
36	48	0.083556
36	49	0.12738
36	50	0.41578
36	51	0.39744
36	52	0.47927
36	53	0.25441
36	54	0.31365
36	55	0.24863
36	56	0.37496
36	57	0.41998
37	38	2.871
37	39	0.98982
37	40	0.71779
37	41	0.52586
37	42	0.81091
37	43	0.48223
37	44	0.60779
37	45	0.10924
37	46	0.2684
37	47	0.3374
37	48	0.25474
37	49	0.38835
37	50	0.49711
37	51	0.21074
37	52	0.20389
37	53	0.34474
37	54	0.43828
37	55	0.12128
37	56	0.15633
37	57	0.13133
38	39	5.1903
38	40	1.1872
38	41	0.86725
38	42	0.54867
38	43	0.22588
38	44	0.61685
38	45	0.48043
38	46	0.3178
38	47	0.25682
38	48	0.34472
38	49	0.39414
38	50	0.20181
38	51	0.16041
38	52	0.22992
38	53	0.10496
38	54	0.24263
38	55	0.20515
38	56	0.059498
38	57	0.066643
39	40	3.1628
39	41	0.97752
39	42	0.50247
39	43	0.43671
39	44	0.34237
39	45	0.22563
39	46	0.49893
39	47	0.20907
39	48	0.10523
39	49	0.16043
39	50	0.24642
39	51	0.021763
39	52	0.084223
39	53	0.085444
39	54	0.19751
39	55	0.075152
39	56	0.072651
39	57	0.20344
40	41	3.5443
40	42	0.8637
40	43	0.59264
40	44	0.61793
40	45	0.72719
40	46	0.57174
40	47	0.43798
40	48	0.23741
40	49	0.58599
40	50	0.45667
40	51	0.12626
40	52	0.18097
40	53	0.13769
40	54	0.35011
40	55	0.14533
40	56	0.01561
40	57	0.052454
41	42	1.8241
41	43	0.62276
41	44	0.8185
41	45	0.86304
41	46	0.35341
41	47	0.41651
41	48	0.41929
41	49	0.34091
41	50	0.24546
41	51	0.20811
41	52	0.067117
41	53	0.27236
41	54	0.27544
41	55	0.07985
41	56	0.13509
41	57	0.12969
42	43	3.4648
42	44	0.97236
42	45	0.73938
42	46	0.30277
42	47	0.11418
42	48	0.40232
42	49	0.58413
42	50	0.60564
42	51	0.28527
42	52	0.15333
42	53	0.56
42	54	0.53936
42	55	0.32836
42	56	0.23808
42	57	0.31111
43	44	2.094
43	45	0.64938
43	46	0.37395
43	47	0.23505
43	48	0.28394
43	49	0.26453
43	50	0.37401
43	51	0.37191
43	52	0.36613
43	53	0.32661
43	54	0.3997
43	55	0.40555
43	56	0.42473
43	57	0.32936
44	45	2.5996
44	46	1.7825
44	47	1.5405
44	48	0.7754
44	49	1.0746
44	50	0.70154
44	51	0.11663
44	52	0.075224
44	53	0.40065
44	54	0.066152
44	55	0.1678
44	56	0.16222
44	57	0.21804
45	46	4.4539
45	47	1.9843
45	48	0.97554
45	49	0.80262
45	50	0.5983
45	51	0.15372
45	52	0.07436
45	53	0.1886
45	54	0.13078
45	55	0.17694
45	56	0.042762
45	57	0.21554
46	47	3.7982
46	48	1.2555
46	49	0.69601
46	50	0.43432
46	51	0.09442
46	52	0.15225
46	53	0.3707
46	54	0.32134
46	55	0.081511
46	56	0.052533
46	57	0.13239
47	48	4.5735
47	49	1.3124
47	50	0.50399
47	51	0.11128
47	52	0.086127
47	53	0.26213
47	54	0.20197
47	55	0.076851
47	56	0.14859
47	57	0.12482
48	49	3.7985
48	50	0.66591
48	51	0.40327
48	52	0.26011
48	53	0.087961
48	54	0.30499
48	55	0.12894
48	56	0.22437
48	57	0.12566
49	50	2.9005
49	51	0.4554
49	52	0.3231
49	53	0.31289
49	54	0.61994
49	55	0.13105
49	56	0.4054
49	57	0.46827
50	51	1.6788
50	52	0.89673
50	53	0.92689
50	54	0.62492
50	55	0.43782
50	56	0.32108
50	57	0.5885
51	52	3.1081
51	53	1.3825
51	54	0.71485
51	55	0.61866
51	56	0.56714
51	57	0.57172
52	53	2.0651
52	54	0.92216
52	55	0.67424
52	56	0.6119
52	57	0.49168
53	54	3.178
53	55	1.1726
53	56	0.60727
53	57	0.51014
54	55	2.0087
54	56	0.91243
54	57	0.66823
55	56	2.4688
55	57	1.7748
56	57	3.8557
