1	2	0.075264
1	3	0.070699
1	4	0.020848
1	5	0.015802
1	6	0.020755
1	7	0.023643
1	8	0.013747
1	9	0.01887
1	10	0.021098
1	11	0.014523
1	12	0.013091
1	13	0.0082892
1	14	0.013741
1	15	0.010235
1	16	0
1	17	0.009907
1	18	0.008716
1	19	0.0093622
1	20	0.0083391
1	21	0.0053764
1	22	0.0021049
1	23	0.0056066
1	24	0.0056544
1	25	0.0040254
1	26	0.0026215
1	27	0.0066192
1	28	0.0081361
1	29	0.0076321
1	30	0.0055536
1	31	0.0060997
1	32	0.0069139
1	33	0.0072259
1	34	0.0039458
1	35	0.0025281
1	36	0.002495
1	37	0.0047235
1	38	0.0033197
1	39	0.0050645
1	40	0.0039149
1	41	0.0019857
1	42	0.0051801
1	43	0.0074614
1	44	0.0051513
1	45	0.0051156
1	46	0.0050673
1	47	0.0044613
1	48	0.0032945
1	49	0.0025285
1	50	0.0047033
1	51	0.0050161
1	52	0.0025681
1	53	0.0036848
1	54	0.0045373
1	55	0.0042054
1	56	0.0036317
1	57	0.0050694
1	58	0.0023033
1	59	0.0034808
1	60	0.0031248
1	61	0.0039973
1	62	0.0031368
1	63	0.0013306
1	64	0.0046991
1	65	0.0013318
1	66	0.0035323
1	67	0.0031563
1	68	0.00090311
1	69	0.0026514
1	70	0.0042374
1	71	0.0028636
1	72	0.0037737
1	73	0.0051359
1	74	0.0056275
1	75	0.0057298
1	76	0.0088982
1	77	0.0065583
2	3	0.074981
2	4	0.02275
2	5	0.01388
2	6	0.027071
2	7	0.030132
2	8	0.024183
2	9	0.024827
2	10	0.0079114
2	11	0.0076644
2	12	0.010909
2	13	0.005313
2	14	0.0083669
2	15	0.021924
2	16	0.010793
2	17	0.009434
2	18	0.007263
2	19	0.0062413
2	20	0.0024526
2	21	0.0048877
2	22	0.0042098
2	23	0.0064692
2	24	0.0057217
2	25	0.0073799
2	26	0.010559
2	27	0.013303
2	28	0.0052735
2	29	0.0071086
2	30	0.0081884
2	31	0.0057611
2	32	0.003073
2	33	0.0045163
2	34	0.0057546
2	35	0.0073739
2	36	0.0072772
2	37	0.0078728
2	38	0.0064552
2	39	0.0071424
2	40	0.0058726
2	41	0.0039715
2	42	0.003532
2	43	0.0033163
2	44	0.003005
2	45	0.0029842
2	46	0.0015356
2	47	0.0037179
2	48	0.005491
2	49	0.0056189
2	50	0.0035633
2	51	0.0027869
2	52	0.0049938
2	53	0.0034119
2	54	0.003025
2	55	0.00077882
2	56	0.0018916
2	57	0.0045769
2	58	0.0026873
2	59	0.0025382
2	60	0.0026042
2	61	0.0059223
2	62	0.0074691
2	63	0.0033267
2	64	0.0015664
2	65	0.0044397
2	66	0.0029437
2	67	0.0056366
2	68	0.0041395
2	69	0.0055241
2	70	0.0038845
2	71	0.0023864
2	72	0.0051104
2	73	0.0027235
2	74	0.0046894
2	75	0.0099832
2	76	0.0042368
2	77	0.010927
3	4	0.09581
3	5	0.030955
3	6	0.034124
3	7	0.027758
3	8	0.016447
3	9	0.014867
3	10	0.015376
3	11	0.010298
3	12	0.011139
3	13	0.014569
3	14	0.014157
3	15	0.009217
3	16	0
3	17	0.0078055
3	18	0.012446
3	19	0.0077446
3	20	0.007729
3	21	0.0026954
3	22	0.0049747
3	23	0.0078146
3	24	0.0066819
3	25	0.0044398
3	26	0.0030978
3	27	0.007055
3	28	0.0067657
3	29	0.0045978
3	30	0.0043751
3	31	0.006407
3	32	0.0072622
3	33	0.0053367
3	34	0.0031085
3	35	0.004647
3	36	0.0016379
3	37	0.0024808
3	38	0.003487
3	39	0.0042967
3	40	0.0058598
3	41	0.0062573
3	42	0.0025969
3	43	0.0035268
3	44	0.0036523
3	45	0.002015
3	46	0.0043549
3	47	0.0054671
3	48	0.0029198
3	49	0.0049798
3	50	0.0026947
3	51	0.0059275
3	52	0.0043834
3	53	0.0035479
3	54	0.0028596
3	55	0.0055216
3	56	0.0039339
3	57	0.0029952
3	58	0.0032661
3	59	0.0068554
3	60	0.002154
3	61	0.0017494
3	62	0.0017651
3	63	0.0034941
3	64	0.0018509
3	65	0.0013989
3	66	0.002087
3	67	0.0021313
3	68	0.0028458
3	69	0.0024369
3	70	0.0026706
3	71	0.003384
3	72	0.0018581
3	73	0.0036783
3	74	0.0030693
3	75	0.0045142
3	76	0.0065098
3	77	0
4	5	0.11278
4	6	0.058035
4	7	0.028828
4	8	0.013879
4	9	0.021151
4	10	0.021567
4	11	0.010309
4	12	0.018289
4	13	0.010321
4	14	0.012156
4	15	0.0062296
4	16	0
4	17	0.0084399
4	18	0.0074246
4	19	0.0075762
4	20	0.0091924
4	21	0.0087429
4	22	0.0053787
4	23	0.0069797
4	24	0.0037843
4	25	0.0034288
4	26	0.0033494
4	27	0.0026532
4	28	0.005005
4	29	0.0045887
4	30	0.0061858
4	31	0.0045026
4	32	0.0070666
4	33	0.004616
4	34	0.0025206
4	35	0.0032299
4	36	0.0042502
4	37	0.0023469
4	38	0.0031417
4	39	0.0026546
4	40	0.0033345
4	41	0.0040592
4	42	0.0028078
4	43	0.0050843
4	44	0.0048264
4	45	0.0052287
4	46	0.0047085
4	47	0.0021111
4	48	0.00456
4	49	0.0025126
4	50	0.0021851
4	51	0.0032043
4	52	0.0025519
4	53	0.0041847
4	54	0.0042512
4	55	0.0043779
4	56	0.0034799
4	57	0.0035982
4	58	0.0031388
4	59	0.0029648
4	60	0.0029943
4	61	0.0015132
4	62	0.0019084
4	63	0.00075555
4	64	0.0024014
4	65	0.0018906
4	66	0.0026325
4	67	0.0034564
4	68	0.0023076
4	69	0.0030111
4	70	0.0028874
4	71	0.0024391
4	72	0.002009
4	73	0.0039771
4	74	0.0025811
4	75	0.00088744
4	76	0.0027073
4	77	0
5	6	0.078371
5	7	0.037715
5	8	0.019032
5	9	0.016742
5	10	0.015077
5	11	0.012418
5	12	0.012282
5	13	0.015423
5	14	0.013945
5	15	0.0053597
5	16	0
5	17	0.0062242
5	18	0.006388
5	19	0.0068616
5	20	0.0068306
5	21	0.0078805
5	22	0.00833
5	23	0.0041089
5	24	0.00444
5	25	0.0038352
5	26	0.0035222
5	27	0.0034242
5	28	0.0066251
5	29	0.0062511
5	30	0.0065745
5	31	0.0050661
5	32	0.0033778
5	33	0.0049645
5	34	0.0028917
5	35	0.0037053
5	36	0.0030474
5	37	0.0034616
5	38	0.004325
5	39	0.003997
5	40	0.0022952
5	41	0.0055298
5	42	0.0062121
5	43	0.0069263
5	44	0.0041526
5	45	0.0044987
5	46	0.0050639
5	47	0.0061756
5	48	0.0039234
5	49	0.0040148
5	50	0.0031334
5	51	0.003676
5	52	0.0031367
5	53	0.0033005
5	54	0.0029927
5	55	0.0030819
5	56	0.0033268
5	57	0.0030959
5	58	0.0027006
5	59	0.0054206
5	60	0.0025762
5	61	0.0016274
5	62	0.0026272
5	63	0.0019502
5	64	0.0017218
5	65	0.0016267
5	66	0.0038829
5	67	0.00066087
5	68	0.0016546
5	69	0.0019431
5	70	0.0034159
5	71	0.0013991
5	72	0.0013828
5	73	0.0020531
5	74	0.0019035
5	75	0.0034359
5	76	0.0023293
5	77	0.007212
6	7	0.10482
6	8	0.040607
6	9	0.036144
6	10	0.024096
6	11	0.014244
6	12	0.017841
6	13	0.007406
6	14	0.011459
6	15	0.010191
6	16	0
6	17	0.0032878
6	18	0.0084359
6	19	0.0061616
6	20	0.0034182
6	21	0.0079471
6	22	0.0052151
6	23	0.004341
6	24	0.0050034
6	25	0.0068568
6	26	0.0050742
6	27	0.0051249
6	28	0.0069992
6	29	0.0038235
6	30	0.0066151
6	31	0.0050374
6	32	0.0035686
6	33	0.0027973
6	34	0.0057281
6	35	0.0032622
6	36	0.0035414
6	37	0.0045714
6	38	0.0039981
6	39	0.0039211
6	40	0.005759
6	41	0.0049197
6	42	0.0021877
6	43	0.0038513
6	44	0.0079767
6	45	0.0027725
6	46	0.0024966
6	47	0.0042217
6	48	0.0025507
6	49	0.0052204
6	50	0.0039725
6	51	0.0038836
6	52	0.0026511
6	53	0.0053888
6	54	0.003513
6	55	0.0010853
6	56	0.0035147
6	57	0.004252
6	58	0.0039231
6	59	0.0016844
6	60	0.0030242
6	61	0.0034387
6	62	0.0020817
6	63	0.0051509
6	64	0.0018191
6	65	0.0034371
6	66	0.0030766
6	67	0.0038401
6	68	0.0038457
6	69	0.0037635
6	70	0.0019685
6	71	0.0025867
6	72	0.0021914
6	73	0.0025305
6	74	0.0053627
6	75	0.0020166
6	76	0.0044294
6	77	0
7	8	0.075343
7	9	0.047409
7	10	0.02266
7	11	0.01425
7	12	0.017081
7	13	0.011668
7	14	0.017239
7	15	0.0093063
7	16	0
7	17	0.0067559
7	18	0.0073676
7	19	0.0074483
7	20	0.0054635
7	21	0.0042773
7	22	0.0070331
7	23	0.0065191
7	24	0.007069
7	25	0.0060847
7	26	0.0048663
7	27	0.0055757
7	28	0.0068324
7	29	0.0060718
7	30	0.0061176
7	31	0.0035586
7	32	0.0044003
7	33	0.0075451
7	34	0.0070631
7	35	0.0040225
7	36	0.005293
7	37	0.0046973
7	38	0.0038148
7	39	0.0058887
7	40	0.0043603
7	41	0.0047392
7	42	0.0033718
7	43	0.0039573
7	44	0.0040982
7	45	0.0036628
7	46	0.0065968
7	47	0.0031549
7	48	0.0029486
7	49	0.0026821
7	50	0.0047622
7	51	0.0036581
7	52	0.0023836
7	53	0.00228
7	54	0.0025268
7	55	0.001487
7	56	0.0021669
7	57	0.0023526
7	58	0.0043977
7	59	0.0031154
7	60	0.0040398
7	61	0.00106
7	62	0.0039216
7	63	0.00247
7	64	0.0044861
7	65	0.0017659
7	66	0.0021076
7	67	0.0032285
7	68	0.0039516
7	69	0.0031641
7	70	0.0013485
7	71	0.003797
7	72	0.0018764
7	73	0.0022287
7	74	0.0027551
7	75	0.0053873
7	76	0.003034
7	77	0.0052179
8	9	0.095886
8	10	0.020738
8	11	0.018188
8	12	0.017844
8	13	0.01337
8	14	0.015236
8	15	0.019151
8	16	0.022623
8	17	0.0049457
8	18	0.0071397
8	19	0.0057263
8	20	0.0030005
8	21	0.0042711
8	22	0.0058859
8	23	0.0052761
8	24	0.010588
8	25	0.0084421
8	26	0.007254
8	27	0.0057843
8	28	0.00395
8	29	0.0086314
8	30	0.0048534
8	31	0.0067522
8	32	0.0028197
8	33	0.0051307
8	34	0.0081898
8	35	0.0081009
8	36	0.0072677
8	37	0.0055038
8	38	0.0064469
8	39	0.0071494
8	40	0.0037634
8	41	0.0034705
8	42	0.0032923
8	43	0.0043469
8	44	0.0049519
8	45	0.0035765
8	46	0.0036232
8	47	0.0021659
8	48	0.005758
8	49	0.0040508
8	50	0.0041102
8	51	0.0029225
8	52	0.0026184
8	53	0.0042934
8	54	0.0031721
8	55	0.0020418
8	56	0.0015869
8	57	0.0007384
8	58	0.0024155
8	59	0.0011407
8	60	0.0013655
8	61	0.0042697
8	62	0.0062661
8	63	0.0038762
8	64	0.0032853
8	65	0.0031038
8	66	0.0046304
8	67	0.0047287
8	68	0.0027624
8	69	0.0030895
8	70	0.0029625
8	71	0.0054221
8	72	0.0045344
8	73	0.0024479
8	74	0.0037825
8	75	0.0045512
8	76	0.0072186
8	77	0.0028637
9	10	0.094391
9	11	0.031765
9	12	0.020973
9	13	0.01467
9	14	0.023417
9	15	0.0062272
9	16	0.011035
9	17	0.01206
9	18	0.011142
9	19	0.0083774
9	20	0.0071068
9	21	0.0099973
9	22	0.006458
9	23	0.0044107
9	24	0.0058516
9	25	0.005489
9	26	0.0055853
9	27	0.0046458
9	28	0.0034671
9	29	0.0049743
9	30	0.0043693
9	31	0.0024261
9	32	0.0058928
9	33	0.0050038
9	34	0.0037834
9	35	0.0039503
9	36	0.0031896
9	37	0.0033548
9	38	0.0037725
9	39	0.0019922
9	40	0.0013347
9	41	0.0020308
9	42	0.004415
9	43	0.0029676
9	44	0.0026343
9	45	0.001744
9	46	0.0015705
9	47	0.0033798
9	48	0.0031588
9	49	0.0032324
9	50	0.0021865
9	51	0.0024939
9	52	0.0025536
9	53	0.0038383
9	54	0.0023203
9	55	0.0011948
9	56	0.0011608
9	57	0.0025205
9	58	0.003141
9	59	0.0033376
9	60	0.0023304
9	61	0.0022713
9	62	0.0038194
9	63	0.0034023
9	64	0.0036046
9	65	0.0026487
9	66	0.0033869
9	67	0.0038431
9	68	0.002694
9	69	0.0033897
9	70	0.0014446
9	71	0.0016271
9	72	0.0024122
9	73	0.0059685
9	74	0.0044269
9	75	0.0026633
9	76	0.0043327
9	77	0
10	11	0.098592
10	12	0.057353
10	13	0.034051
10	14	0.026309
10	15	0.011907
10	16	0
10	17	0.0076858
10	18	0.0098619
10	19	0.0063559
10	20	0.015541
10	21	0.0070791
10	22	0.0057161
10	23	0.005856
10	24	0.0025592
10	25	0.0021863
10	26	0.003164
10	27	0.0028197
10	28	0.0053193
10	29	0.0056898
10	30	0.0030939
10	31	0.0025769
10	32	0.0054244
10	33	0.0073589
10	34	0.0013395
10	35	0.0019071
10	36	0.0022586
10	37	0.001069
10	38	0.0030052
10	39	0.003174
10	40	0.0014176
10	41	0.0039546
10	42	0.0068208
10	43	0.0040526
10	44	0.0055959
10	45	0.0023155
10	46	0.0041702
10	47	0.0053848
10	48	0.0022368
10	49	0.0030518
10	50	0.0027095
10	51	0.0037842
10	52	0.0015499
10	53	0.0037063
10	54	0.0036967
10	55	0.006345
10	56	0.0045206
10	57	0.0022946
10	58	0.0029191
10	59	0.0043327
10	60	0.0035361
10	61	0.0024124
10	62	0.0016227
10	63	0.0020076
10	64	0.0012762
10	65	0.00080378
10	66	0.0023982
10	67	0.0032655
10	68	0.0020439
10	69	0.0016002
10	70	0.0023016
10	71	0.0043205
10	72	0.001281
10	73	0.0029585
10	74	0.0023511
10	75	0.0014145
10	76	0.0057528
10	77	0.0029674
11	12	0.13312
11	13	0.036549
11	14	0.025025
11	15	0.0085005
11	16	0
11	17	0.0047027
11	18	0.014029
11	19	0.010111
11	20	0.0073355
11	21	0.0093395
11	22	0.0076943
11	23	0.0057328
11	24	0.0053687
11	25	0.0036787
11	26	0.0050817
11	27	0.0051758
11	28	0.0030042
11	29	0.0070869
11	30	0.0031944
11	31	0.0040542
11	32	0.0057442
11	33	0.0056282
11	34	0.0069664
11	35	0.0031506
11	36	0.0024183
11	37	0.0039244
11	38	0.0036774
11	39	0.0025893
11	40	0.0022768
11	41	0.0056091
11	42	0.0023475
11	43	0.006199
11	44	0.0042798
11	45	0.0042502
11	46	0.0053582
11	47	0.0041183
11	48	0.0051321
11	49	0.0017505
11	50	0.0017762
11	51	0.0027784
11	52	0.0039117
11	53	0.0047621
11	54	0.0033927
11	55	0.0050468
11	56	0.0026402
11	57	0.0049139
11	58	0.0034445
11	59	0.003615
11	60	0.0029208
11	61	0.0025831
11	62	0.0029785
11	63	0.0025795
11	64	0.0027329
11	65	0.0029507
11	66	0.0025679
11	67	0.0014985
11	68	0.0037516
11	69	0.0018357
11	70	0.0017603
11	71	0.0027757
11	72	0.0035271
11	73	0.0011637
11	74	0.0032366
11	75	0.00476
11	76	0.0079199
11	77	0.0054472
12	13	0.068756
12	14	0.031818
12	15	0.011822
12	16	0
12	17	0.0063587
12	18	0.0073431
12	19	0.015144
12	20	0.010139
12	21	0.012299
12	22	0.0064316
12	23	0.0096896
12	24	0.0039927
12	25	0.0050646
12	26	0.0047118
12	27	0.0041991
12	28	0.0028436
12	29	0.0032279
12	30	0.0046073
12	31	0.0047511
12	32	0.0062138
12	33	0.0085235
12	34	0.0048761
12	35	0.0037868
12	36	0.0044845
12	37	0.0045989
12	38	0.0009945
12	39	0.0031511
12	40	0.0021111
12	41	0.0021415
12	42	0.0033858
12	43	0.0040234
12	44	0.0064815
12	45	0.0050573
12	46	0.0070382
12	47	0.0044549
12	48	0.003701
12	49	0.0026511
12	50	0.0023056
12	51	0.0018784
12	52	0.0030774
12	53	0.0036795
12	54	0.0057089
12	55	0.0041995
12	56	0.004896
12	57	0.0022781
12	58	0.0045541
12	59	0.0035194
12	60	0.0035105
12	61	0.002395
12	62	0.0036247
12	63	0.0015945
12	64	0.001267
12	65	0.0023939
12	66	0.0031746
12	67	0.0020262
12	68	0.0012175
12	69	0.0023829
12	70	0.0015233
12	71	0.0025736
12	72	0.0012718
12	73	0.0020979
12	74	0.0050572
12	75	0.0037447
12	76	0.0051402
12	77	0.002946
13	14	0.1058
13	15	0.019178
13	16	0.014155
13	17	0.010838
13	18	0.011922
13	19	0.0092205
13	20	0.013421
13	21	0.007489
13	22	0.0050681
13	23	0.0089681
13	24	0.0022101
13	25	0.0035244
13	26	0.0033472
13	27	0.0025569
13	28	0.0084104
13	29	0.0058969
13	30	0.003741
13	31	0.0031159
13	32	0.006559
13	33	0.0074149
13	34	0.0021596
13	35	0.0013836
13	36	0.00091028
13	37	0.0017234
13	38	0.001615
13	39	0.0042641
13	40	0.0025711
13	41	0.0052161
13	42	0.0036081
13	43	0.0070778
13	44	0.0050746
13	45	0.011199
13	46	0.0075636
13	47	0.0059682
13	48	0.0049582
13	49	0.0023062
13	50	0.0060842
13	51	0.0027454
13	52	0.0037482
13	53	0.0031369
13	54	0.0059596
13	55	0.0051148
13	56	0.0034785
13	57	0.0018498
13	58	0.0030255
13	59	0.0038102
13	60	0.002993
13	61	0.0024309
13	62	0.0014716
13	63	0.0014565
13	64	0.00051438
13	65	0.0014579
13	66	0.0048331
13	67	0.003455
13	68	0.00098856
13	69	0.00096741
13	70	0.0013914
13	71	0.0031344
13	72	0.0005163
13	73	0.0045986
13	74	0.00094743
13	75	0.00056996
13	76	0.004172
13	77	0
14	15	0.068864
14	16	0.011728
14	17	0.016681
14	18	0.020257
14	19	0.015285
14	20	0.011569
14	21	0.010641
14	22	0.011075
14	23	0.0078247
14	24	0.0080604
14	25	0.0065729
14	26	0.0039634
14	27	0.0042388
14	28	0.0082015
14	29	0.003666
14	30	0.0042637
14	31	0.0047966
14	32	0.0066915
14	33	0.0045072
14	34	0.0040276
14	35	0.0057345
14	36	0.0037727
14	37	0.0039284
14	38	0.0066932
14	39	0.0053018
14	40	0.0046176
14	41	0.0054045
14	42	0.0085449
14	43	0.0076719
14	44	0.0093475
14	45	0.0041773
14	46	0.0041796
14	47	0.0058465
14	48	0.0052307
14	49	0.0034408
14	50	0.0027156
14	51	0.0041721
14	52	0.0031069
14	53	0.0037145
14	54	0.0065865
14	55	0.0046637
14	56	0.00082381
14	57	0.0026833
14	58	0.0041798
14	59	0.0035531
14	60	0.0028354
14	61	0.0040301
14	62	0.0024397
14	63	0.0048294
14	64	0.0021319
14	65	0.0036253
14	66	0.0040062
14	67	0.0020456
14	68	0.0012291
14	69	0.0024057
14	70	0.0034601
14	71	0.0056291
14	72	0.0029957
14	73	0.0029646
14	74	0.0027485
14	75	0.0051964
14	76	0.010373
14	77	0.0029707
15	16	0.16105
15	17	0.02482
15	18	0.0068344
15	19	0.0046995
15	20	0.0036951
15	21	0.0036826
15	22	0.0063442
15	23	0.0032495
15	24	0.013186
15	25	0.0040437
15	26	0.0065837
15	27	0.012717
15	28	0.0045428
15	29	0.0045134
15	30	0.0085904
15	31	0.0010222
15	32	0.0023173
15	33	0.0068098
15	34	0.0037192
15	35	0.0052956
15	36	0.010449
15	37	0.0059353
15	38	0.003708
15	39	0.00979
15	40	0.0068879
15	41	0.0019958
15	42	0.0047332
15	43	0.0012498
15	44	0.0012946
15	45	0
15	46	0.0034734
15	47	0.0024913
15	48	0.0020696
15	49	0.0042349
15	50	0.0010746
15	51	0.0031526
15	52	0.003228
15	53	0.0020575
15	54	0.0011402
15	55	0.0011746
15	56	0.0034237
15	57	0.0021243
15	58	0.0011582
15	59	0.0010937
15	60	0.00098197
15	61	0.0044667
15	62	0.0011266
15	63	0.0044604
15	64	0.0059066
15	65	0.0044642
15	66	0.0044395
15	67	0.0011335
15	68	0.0011351
15	69	0.0044427
15	70	0.0053244
15	71	0.0011993
15	72	0
15	73	0.0035165
15	74	0.0043465
15	75	0.0091472
15	76	0
15	77	0
16	17	0.031396
16	18	0
16	19	0.010415
16	20	0
16	21	0
16	22	0
16	23	0.0096064
16	24	0.0089951
16	25	0.01793
16	26	0.019463
16	27	0
16	28	0
16	29	0
16	30	0
16	31	0
16	32	0
16	33	0
16	34	0
16	35	0
16	36	0.0092703
16	37	0.0087765
16	38	0.0082249
16	39	0.0086857
16	40	0
16	41	0.0088526
16	42	0
16	43	0
16	44	0
16	45	0
16	46	0
16	47	0
16	48	0.00918
16	49	0.018783
16	50	0.0095346
16	51	0
16	52	0
16	53	0.018253
16	54	0.010116
16	55	0
16	56	0
16	57	0
16	58	0
16	59	0
16	60	0
16	61	0
16	62	0
16	63	0
16	64	0
16	65	0
16	66	0
16	67	0
16	68	0
16	69	0
16	70	0
16	71	0
16	72	0
16	73	0.010393
16	74	0.0096335
16	75	0.023161
16	76	0
16	77	0
17	18	0.10982
17	19	0.03411
17	20	0.014299
17	21	0.016624
17	22	0.020455
17	23	0.013621
17	24	0.010793
17	25	0.0078233
17	26	0.0053071
17	27	0.0094599
17	28	0.0098839
17	29	0.0065453
17	30	0.0020761
17	31	0.0059288
17	32	0.0033601
17	33	0.0076814
17	34	0.004794
17	35	0.0040954
17	36	0.0070725
17	37	0.0019129
17	38	0.0044813
17	39	0.0018932
17	40	0.0019025
17	41	0.0038597
17	42	0.0068652
17	43	0.0060429
17	44	0.0025034
17	45	0.003729
17	46	0.0033581
17	47	0.0024089
17	48	0.0050029
17	49	0.0020477
17	50	0.0051947
17	51	0.0040631
17	52	0.0010401
17	53	0.00099476
17	54	0.0033074
17	55	0.0045418
17	56	0.014341
17	57	0.0030798
17	58	0.0067165
17	59	0.0021146
17	60	0.0056951
17	61	0
17	62	0.001089
17	63	0.0021556
17	64	0.0011419
17	65	0.0010788
17	66	0.0021458
17	67	0.0032871
17	68	0.004389
17	69	0.0021475
17	70	0.0030888
17	71	0.0057982
17	72	0.0045843
17	73	0.0034025
17	74	0.002103
17	75	0.0063253
17	76	0.0077161
17	77	0
18	19	0.089272
18	20	0.03531
18	21	0.024674
18	22	0.022432
18	23	0.013305
18	24	0.012837
18	25	0.0097841
18	26	0.0081688
18	27	0.0076438
18	28	0.010564
18	29	0.0079742
18	30	0.010783
18	31	0.0098838
18	32	0.0081869
18	33	0.0075994
18	34	0.0092218
18	35	0.003545
18	36	0.0054422
18	37	0.0066236
18	38	0.0055171
18	39	0.0072838
18	40	0.0051237
18	41	0.0074252
18	42	0.0070438
18	43	0.0060452
18	44	0.0086682
18	45	0.0038258
18	46	0.0060291
18	47	0.0069509
18	48	0.0053897
18	49	0.0039395
18	50	0.0063954
18	51	0.003517
18	52	0.0048015
18	53	0.0038274
18	54	0.0038175
18	55	0.0030577
18	56	0.0042438
18	57	0.0063188
18	58	0.0081821
18	59	0.0073215
18	60	0.0065728
18	61	0.0024912
18	62	0.0029324
18	63	0.0041463
18	64	0.00615
18	65	0.0041502
18	66	0.0020638
18	67	0.0021076
18	68	0.0037992
18	69	0.003718
18	70	0.0051497
18	71	0.0062465
18	72	0.0048508
18	73	0.0056742
18	74	0.0048561
18	75	0.0063304
18	76	0.010101
18	77	0.0061311
19	20	0.096147
19	21	0.036514
19	22	0.022995
19	23	0.017322
19	24	0.0094087
19	25	0.0097007
19	26	0.011231
19	27	0.0056298
19	28	0.0094401
19	29	0.0097368
19	30	0.0075494
19	31	0.0075127
19	32	0.0062941
19	33	0.0090692
19	34	0.010301
19	35	0.0064305
19	36	0.0040082
19	37	0.005059
19	38	0.0053332
19	39	0.0034422
19	40	0.0053459
19	41	0.0082942
19	42	0.0045393
19	43	0.0087905
19	44	0.0070343
19	45	0.0028764
19	46	0.0066606
19	47	0.0071672
19	48	0.0046311
19	49	0.0037236
19	50	0.0051518
19	51	0.0053723
19	52	0.0061885
19	53	0.0062486
19	54	0.0058315
19	55	0.004504
19	56	0.0032818
19	57	0.006108
19	58	0.0074004
19	59	0.004194
19	60	0.0072164
19	61	0.0035676
19	62	0.0028796
19	63	0.0032064
19	64	0.0030196
19	65	0.0039226
19	66	0.003192
19	67	0.0032597
19	68	0.0054407
19	69	0.0035496
19	70	0.0030634
19	71	0.0046005
19	72	0.0041681
19	73	0.0037506
19	74	0.0041728
19	75	0.0046029
19	76	0.0086804
19	77	0.0026348
20	21	0.061299
20	22	0.03437
20	23	0.016698
20	24	0.013598
20	25	0.0067765
20	26	0.0022065
20	27	0.004588
20	28	0.012935
20	29	0.0079348
20	30	0.0043145
20	31	0.0068447
20	32	0.010086
20	33	0.015204
20	34	0.0033209
20	35	0.0031915
20	36	0.0027998
20	37	0.0013252
20	38	0.0037253
20	39	0.005574
20	40	0.0059308
20	41	0.005348
20	42	0.0075307
20	43	0.0079546
20	44	0.0056362
20	45	0.0073193
20	46	0.0085296
20	47	0.0087612
20	48	0.0062389
20	49	0.0049656
20	50	0.0035986
20	51	0.0038698
20	52	0.003242
20	53	0.0041351
20	54	0.0091651
20	55	0.0090449
20	56	0.0087874
20	57	0.005333
20	58	0.0054276
20	59	0.0073238
20	60	0.0055885
20	61	0.0029903
20	62	0.0015086
20	63	0.0018664
20	64	0.0027683
20	65	0.0011209
20	66	0.0044592
20	67	0.0034153
20	68	0.0022802
20	69	0.0022315
20	70	0.0024965
20	71	0.0044187
20	72	0.0027792
20	73	0.0055021
20	74	0.004737
20	75	0.002631
20	76	0.0048161
20	77	0.0027621
21	22	0.092144
21	23	0.035807
21	24	0.019646
21	25	0.013841
21	26	0.012824
21	27	0.013387
21	28	0.008718
21	29	0.01167
21	30	0.0050151
21	31	0.0092065
21	32	0.0088894
21	33	0.0087103
21	34	0.0062039
21	35	0.0081261
21	36	0.0062766
21	37	0.0033008
21	38	0.0074233
21	39	0.0065337
21	40	0.005909
21	41	0.0069936
21	42	0.0055287
21	43	0.010011
21	44	0.0077753
21	45	0.0042897
21	46	0.0038629
21	47	0.0029097
21	48	0.004144
21	49	0.0031806
21	50	0.0053781
21	51	0.0084122
21	52	0.0068191
21	53	0.00515
21	54	0.0041853
21	55	0.0039181
21	56	0.0083744
21	57	0.0067303
21	58	0.0057939
21	59	0.0040133
21	60	0.0049129
21	61	0.0067034
21	62	0.0041333
21	63	0.0040909
21	64	0.0055163
21	65	0.0037225
21	66	0.0051833
21	67	0.0037809
21	68	0.0045437
21	69	0.00667
21	70	0.0028427
21	71	0.0044025
21	72	0.0043514
21	73	0.0050906
21	74	0.0036307
21	75	0.0034954
21	76	0.0042657
21	77	0.0055054
22	23	0.09065
22	24	0.026256
22	25	0.020353
22	26	0.014201
22	27	0.014061
22	28	0.014038
22	29	0.010051
22	30	0.010181
22	31	0.011747
22	32	0.0066575
22	33	0.013373
22	34	0.0085491
22	35	0.0066944
22	36	0.0048052
22	37	0.0042643
22	38	0.0050615
22	39	0.0050645
22	40	0.0081993
22	41	0.0088917
22	42	0.0074826
22	43	0.0075446
22	44	0.0066966
22	45	0.0055419
22	46	0.0059886
22	47	0.0071601
22	48	0.0044614
22	49	0.0048699
22	50	0.0055584
22	51	0.0036226
22	52	0.0052548
22	53	0.0073925
22	54	0.0049155
22	55	0.0057367
22	56	0.0032785
22	57	0.0021356
22	58	0.0069861
22	59	0.006913
22	60	0.0062059
22	61	0.0038489
22	62	0.0032362
22	63	0.0044843
22	64	0.0033936
22	65	0.0028855
22	66	0.0079718
22	67	0.002605
22	68	0.0052177
22	69	0.0028723
22	70	0.0039785
22	71	0.00586
22	72	0.0027256
22	73	0.0077571
22	74	0.0040651
22	75	0.0045158
22	76	0.0032149
22	77	0
23	24	0.069937
23	25	0.036937
23	26	0.022955
23	27	0.020456
23	28	0.019398
23	29	0.014284
23	30	0.0079021
23	31	0.011433
23	32	0.0068206
23	33	0.0073515
23	34	0.0072988
23	35	0.0068584
23	36	0.0073843
23	37	0.0061163
23	38	0.0054584
23	39	0.0066298
23	40	0.0069519
23	41	0.0094033
23	42	0.0055752
23	43	0.0062571
23	44	0.0060984
23	45	0.0060561
23	46	0.0078395
23	47	0.0044013
23	48	0.0076178
23	49	0.0043655
23	50	0.0044291
23	51	0.0049484
23	52	0.0053835
23	53	0.0060589
23	54	0.0050359
23	55	0.0034572
23	56	0.0040305
23	57	0.0053135
23	58	0.003749
23	59	0.0035412
23	60	0.005202
23	61	0.0052577
23	62	0.0059679
23	63	0.0039379
23	64	0.0055627
23	65	0.0052554
23	66	0.0071871
23	67	0.0066722
23	68	0.003341
23	69	0.0055584
23	70	0.0047031
23	71	0.0060035
23	72	0.0045376
23	73	0.0058739
23	74	0.0051257
23	75	0.0050119
23	76	0.0042345
23	77	0
24	25	0.090106
24	26	0.044509
24	27	0.035886
24	28	0.026311
24	29	0.015554
24	30	0.010657
24	31	0.011271
24	32	0.0076651
24	33	0.0087624
24	34	0.0071772
24	35	0.0061311
24	36	0.010085
24	37	0.0060007
24	38	0.0092013
24	39	0.0075587
24	40	0.0092233
24	41	0.0074303
24	42	0.0042423
24	43	0.0062045
24	44	0.0042834
24	45	0.0021269
24	46	0.0031921
24	47	0.0065263
24	48	0.0039951
24	49	0.0058405
24	50	0.0038516
24	51	0.0060825
24	52	0.0068212
24	53	0.0051068
24	54	0.0034585
24	55	0.0032377
24	56	0.0047183
24	57	0.0049762
24	58	0.0047878
24	59	0.0033164
24	60	0.0067663
24	61	0.0046162
24	62	0.0071415
24	63	0.0058391
24	64	0.0061864
24	65	0.0079979
24	66	0.0067308
24	67	0.0034367
24	68	0.0037546
24	69	0.0027559
24	70	0.0067535
24	71	0.0049609
24	72	0.0075184
24	73	0.0029122
24	74	0.0054003
24	75	0.0068598
24	76	0.0057279
24	77	0.0022745
25	26	0.099284
25	27	0.047599
25	28	0.01717
25	29	0.017363
25	30	0.011801
25	31	0.014322
25	32	0.0095495
25	33	0.0053023
25	34	0.006472
25	35	0.0093115
25	36	0.010052
25	37	0.01033
25	38	0.011209
25	39	0.0061883
25	40	0.0064889
25	41	0.0041142
25	42	0.0029272
25	43	0.0041226
25	44	0.0035576
25	45	0.0024731
25	46	0.0041359
25	47	0.0030811
25	48	0.0045507
25	49	0.0078585
25	50	0.0076776
25	51	0.0049075
25	52	0.0044338
25	53	0.004807
25	54	0.0012535
25	55	0.0038724
25	56	0.0018811
25	57	0.0049596
25	58	0.0066806
25	59	0.0030049
25	60	0.0037765
25	61	0.0061344
25	62	0.0071178
25	63	0.011333
25	64	0.0051923
25	65	0.0039857
25	66	0.0048789
25	67	0.0046709
25	68	0.0053014
25	69	0.0076297
25	70	0.0046825
25	71	0.0052741
25	72	0.0035838
25	73	0.00096752
25	74	0.0056813
25	75	0.006837
25	76	0.0048306
25	77	0.002267
26	27	0.087563
26	28	0.029139
26	29	0.015816
26	30	0.013449
26	31	0.013411
26	32	0.0048368
26	33	0.0067705
26	34	0.011461
26	35	0.01358
26	36	0.013715
26	37	0.019769
26	38	0.0080181
26	39	0.011389
26	40	0.0090969
26	41	0.0074424
26	42	0.0045891
26	43	0.0026101
26	44	0.0027029
26	45	0.0034511
26	46	0.0024171
26	47	0.002601
26	48	0.0061739
26	49	0.0072657
26	50	0.007051
26	51	0.0046998
26	52	0.0038498
26	53	0.0055243
26	54	0.0023808
26	55	0.00070048
26	56	0.0020416
26	57	0.0037997
26	58	0.0044886
26	59	0.0029352
26	60	0.0049772
26	61	0.0093212
26	62	0.008733
26	63	0.0096409
26	64	0.010214
26	65	0.0049914
26	66	0.0029786
26	67	0.0084493
26	68	0.0081232
26	69	0.0049686
26	70	0.006988
26	71	0.0035777
26	72	0.0045969
26	73	0.0028003
26	74	0.0055172
26	75	0.0058585
26	76	0.0033365
26	77	0.0024606
27	28	0.076389
27	29	0.040782
27	30	0.026537
27	31	0.01358
27	32	0.0067729
27	33	0.0069381
27	34	0.013837
27	35	0.010413
27	36	0.011944
27	37	0.013146
27	38	0.0088695
27	39	0.01171
27	40	0.010983
27	41	0.0055708
27	42	0.0053476
27	43	0.003655
27	44	0.0048171
27	45	0.0027336
27	46	0.0040001
27	47	0.0033111
27	48	0.0052265
27	49	0.006193
27	50	0.0065687
27	51	0.0036295
27	52	0.0054316
27	53	0.0043757
27	54	0.0036369
27	55	0.0028088
27	56	0.0033353
27	57	0.0042323
27	58	0.001846
27	59	0.0034874
27	60	0.0041742
27	61	0.0074159
27	62	0.0056867
27	63	0.0079983
27	64	0.01224
27	65	0.0062268
27	66	0.0058982
27	67	0.0081313
27	68	0.00754
27	69	0.0059033
27	70	0.0056609
27	71	0.0060573
27	72	0.0053568
27	73	0.0037432
27	74	0.0063628
27	75	0.0076575
27	76	0.004248
27	77	0.0043869
28	29	0.059526
28	30	0.020537
28	31	0.020809
28	32	0.018226
28	33	0.011556
28	34	0.0065013
28	35	0.0071872
28	36	0.0061263
28	37	0.00702
28	38	0.010296
28	39	0.0054374
28	40	0.0078922
28	41	0.0070828
28	42	0.0047471
28	43	0.0054001
28	44	0.0071896
28	45	0.0067431
28	46	0.007501
28	47	0.008456
28	48	0.0070252
28	49	0.0058821
28	50	0.0023207
28	51	0.0035651
28	52	0.0059734
28	53	0.005397
28	54	0.0063328
28	55	0.0072458
28	56	0.0059836
28	57	0.0062231
28	58	0.0067859
28	59	0.0040483
28	60	0.0084798
28	61	0.0024104
28	62	0.0020846
28	63	0.0055021
28	64	0.0029147
28	65	0.0051631
28	66	0.0089009
28	67	0.0041952
28	68	0.003151
28	69	0.0061675
28	70	0.0046
28	71	0.0077718
28	72	0.0040237
28	73	0.0065181
28	74	0.0023502
28	75	0.0032325
28	76	0.0054247
28	77	0.0076397
29	30	0.067109
29	31	0.031626
29	32	0.015262
29	33	0.014259
29	34	0.016332
29	35	0.012329
29	36	0.010247
29	37	0.010306
29	38	0.010794
29	39	0.0084002
29	40	0.010551
29	41	0.007646
29	42	0.01088
29	43	0.0053631
29	44	0.0071404
29	45	0.0066969
29	46	0.0056759
29	47	0.0022904
29	48	0.0047571
29	49	0.0061664
29	50	0.0079022
29	51	0.0067593
29	52	0.0069211
29	53	0.0069366
29	54	0.0020965
29	55	0.0032383
29	56	0.0048938
29	57	0.0087827
29	58	0.0092221
29	59	0.0080411
29	60	0.0075193
29	61	0.0095755
29	62	0.006901
29	63	0.0075134
29	64	0.0057893
29	65	0.0047858
29	66	0.0054399
29	67	0.0048608
29	68	0.0041725
29	69	0.0054447
29	70	0.0048948
29	71	0.0062484
29	72	0.0069026
29	73	0.0064738
29	74	0.0046685
29	75	0.003612
29	76	0.0024492
29	77	0
30	31	0.095046
30	32	0.025667
30	33	0.022172
30	34	0.013372
30	35	0.011423
30	36	0.015845
30	37	0.010672
30	38	0.010811
30	39	0.012846
30	40	0.006024
30	41	0.010768
30	42	0.0086273
30	43	0.0032807
30	44	0.0064169
30	45	0.0041233
30	46	0.0037131
30	47	0.0054485
30	48	0.0054319
30	49	0.0046324
30	50	0.0084592
30	51	0.003369
30	52	0.0062721
30	53	0.0063005
30	54	0.0026599
30	55	0.0034237
30	56	0.0049893
30	57	0.0068094
30	58	0.0057376
30	59	0.0047821
30	60	0.007441
30	61	0.0065082
30	62	0.0065666
30	63	0.0058494
30	64	0.0065416
30	65	0.0068308
30	66	0.0097056
30	67	0.0029733
30	68	0.0052937
30	69	0.003238
30	70	0.0034156
30	71	0.0062954
30	72	0.0065681
30	73	0.005818
30	74	0.0063463
30	75	0.0045828
30	76	0.0032629
30	77	0
31	32	0.075222
31	33	0.024255
31	34	0.01892
31	35	0.013224
31	36	0.0095713
31	37	0.010982
31	38	0.01132
31	39	0.013043
31	40	0.012833
31	41	0.0096954
31	42	0.010511
31	43	0.0058985
31	44	0.0057486
31	45	0.003568
31	46	0.0061047
31	47	0.0055319
31	48	0.0051704
31	49	0.0055852
31	50	0.0053679
31	51	0.0067051
31	52	0.0062686
31	53	0.0048548
31	54	0.0056966
31	55	0.0039106
31	56	0.0072818
31	57	0.0088384
31	58	0.0061038
31	59	0.0039449
31	60	0.0054483
31	61	0.008363
31	62	0.0062504
31	63	0.0064957
31	64	0.0075375
31	65	0.0092884
31	66	0.0070826
31	67	0.0072327
31	68	0.0047239
31	69	0.0049314
31	70	0.0059112
31	71	0.0079897
31	72	0.0049357
31	73	0.0052122
31	74	0.0039265
31	75	0.0054528
31	76	0.0057682
31	77	0
32	33	0.11318
32	34	0.019496
32	35	0.016987
32	36	0.0095339
32	37	0.0084024
32	38	0.013414
32	39	0.0076999
32	40	0.0074279
32	41	0.01099
32	42	0.011542
32	43	0.010225
32	44	0.010996
32	45	0.0080885
32	46	0.0065554
32	47	0.0074461
32	48	0.0065118
32	49	0.0063307
32	50	0.0040563
32	51	0.0069392
32	52	0.0064286
32	53	0.0061503
32	54	0.0089681
32	55	0.0066489
32	56	0.0068184
32	57	0.011354
32	58	0.0083752
32	59	0.0065353
32	60	0.0080282
32	61	0.004213
32	62	0.0031881
32	63	0.0052591
32	64	0.0040861
32	65	0.0049132
32	66	0.0038395
32	67	0.0060595
32	68	0.0028557
32	69	0.0066377
32	70	0.0033501
32	71	0.0045281
32	72	0.0029838
32	73	0.0055387
32	74	0.004793
32	75	0.00041205
32	76	0.0025147
32	77	0
33	34	0.0405
33	35	0.020562
33	36	0.015463
33	37	0.014942
33	38	0.020002
33	39	0.011468
33	40	0.0094013
33	41	0.011999
33	42	0.014958
33	43	0.013488
33	44	0.010775
33	45	0.0099072
33	46	0.0089215
33	47	0.0084483
33	48	0.0057426
33	49	0.0052238
33	50	0.007287
33	51	0.003238
33	52	0.0086202
33	53	0.0098327
33	54	0.0116
33	55	0.0076011
33	56	0.0080879
33	57	0.0055629
33	58	0.0071363
33	59	0.010111
33	60	0.0081693
33	61	0.0034403
33	62	0.0055538
33	63	0.0048098
33	64	0.002548
33	65	0.0027511
33	66	0.0058145
33	67	0.0034927
33	68	0.0017489
33	69	0.0047925
33	70	0.004924
33	71	0.0062857
33	72	0.0058474
33	73	0.0047034
33	74	0.0050318
33	75	0.0040372
33	76	0.0088695
33	77	0.0025449
34	35	0.086259
34	36	0.066492
34	37	0.043959
34	38	0.039319
34	39	0.021424
34	40	0.016891
34	41	0.01008
34	42	0.0095623
34	43	0.0084172
34	44	0.0078445
34	45	0.0034623
34	46	0.0058459
34	47	0.003355
34	48	0.0069684
34	49	0.01141
34	50	0.0072346
34	51	0.0056578
34	52	0.0065174
34	53	0.0058887
34	54	0.0057581
34	55	0.0023717
34	56	0.0042243
34	57	0.0057178
34	58	0.0062348
34	59	0.0022085
34	60	0.0052869
34	61	0.0075141
34	62	0.0087188
34	63	0.0097551
34	64	0.0067577
34	65	0.0052577
34	66	0.0029882
34	67	0.0076287
34	68	0.006494
34	69	0.0071032
34	70	0.005019
34	71	0.0068646
34	72	0.0087807
34	73	0.0035562
34	74	0.0054954
34	75	0.0088185
34	76	0.0069962
34	77	0.0027797
35	36	0.10128
35	37	0.047792
35	38	0.043185
35	39	0.020553
35	40	0.013863
35	41	0.0088979
35	42	0.0085089
35	43	0.0075498
35	44	0.0055843
35	45	0.0029576
35	46	0.0049938
35	47	0.0068067
35	48	0.0065479
35	49	0.010051
35	50	0.0071071
35	51	0.004531
35	52	0.0058767
35	53	0.0071017
35	54	0.0039351
35	55	0.0047274
35	56	0.0042647
35	57	0.003358
35	58	0.0046602
35	59	0.0050309
35	60	0.005363
35	61	0.0070607
35	62	0.009067
35	63	0.0099357
35	64	0.0084892
35	65	0.005133
35	66	0.0057434
35	67	0.0048875
35	68	0.0088105
35	69	0.0051097
35	70	0.0091874
35	71	0.0048292
35	72	0.0071599
35	73	0.0027003
35	74	0.007824
35	75	0.0079099
35	76	0.0045974
35	77	0
36	37	0.08676
36	38	0.048674
36	39	0.025566
36	40	0.015079
36	41	0.010765
36	42	0.0077262
36	43	0.0046128
36	44	0.005879
36	45	0.0036489
36	46	0.0059146
36	47	0.0010608
36	48	0.0082252
36	49	0.0072148
36	50	0.0073196
36	51	0.0080499
36	52	0.0048845
36	53	0.0037967
36	54	0.0012946
36	55	0.0019997
36	56	0.0064758
36	57	0.003013
36	58	0.0068995
36	59	0.0043448
36	60	0.002786
36	61	0.010454
36	62	0.014063
36	63	0.010756
36	64	0.0070383
36	65	0.0037997
36	66	0.004409
36	67	0.0077184
36	68	0.008696
36	69	0.010087
36	70	0.0075565
36	71	0.0030641
36	72	0.0037015
36	73	0.0043307
36	74	0.0067951
36	75	0.012639
36	76	0.0072591
36	77	0.002343
37	38	0.075712
37	39	0.040772
37	40	0.019825
37	41	0.010458
37	42	0.0085856
37	43	0.0053742
37	44	0.0097389
37	45	0.0027632
37	46	0.0021773
37	47	0.0043512
37	48	0.0069518
37	49	0.010529
37	50	0.0063513
37	51	0.0084666
37	52	0.0057795
37	53	0.0052527
37	54	0.002451
37	55	0.0047322
37	56	0.0039844
37	57	0.0045634
37	58	0.004665
37	59	0.0020564
37	60	0.0047469
37	61	0.0086958
37	62	0.0096814
37	63	0.0077856
37	64	0.0095177
37	65	0.0038965
37	66	0.0041735
37	67	0.0088283
37	68	0.0097559
37	69	0.0068625
37	70	0.0068669
37	71	0.0067677
37	72	0.010193
37	73	0.0037841
37	74	0.010818
37	75	0.013371
37	76	0.0068717
37	77	0
38	39	0.062115
38	40	0.036658
38	41	0.015328
38	42	0.01609
38	43	0.0094423
38	44	0.0068444
38	45	0.0064733
38	46	0.0046634
38	47	0.0059591
38	48	0.0093804
38	49	0.0071996
38	50	0.0091978
38	51	0.0044957
38	52	0.0089359
38	53	0.0051811
38	54	0.0077513
38	55	0.0038431
38	56	0.0063184
38	57	0.0058797
38	58	0.0072856
38	59	0.0052302
38	60	0.0074135
38	61	0.010396
38	62	0.010489
38	63	0.0078567
38	64	0.0077294
38	65	0.006179
38	66	0.0047489
38	67	0.0037084
38	68	0.0094275
38	69	0.0058714
38	70	0.0080433
38	71	0.0069457
38	72	0.0080591
38	73	0.0065009
38	74	0.0063015
38	75	0.007584
38	76	0.0060368
38	77	0
39	40	0.093394
39	41	0.028663
39	42	0.017939
39	43	0.009308
39	44	0.015147
39	45	0.0041022
39	46	0.0055411
39	47	0.0056314
39	48	0.0088067
39	49	0.011547
39	50	0.009429
39	51	0.0078209
39	52	0.0068641
39	53	0.0057459
39	54	0.0054579
39	55	0.0031224
39	56	0.0045501
39	57	0.0067747
39	58	0.0080029
39	59	0.0049427
39	60	0.0054811
39	61	0.0086063
39	62	0.0065875
39	63	0.0094837
39	64	0.0091058
39	65	0.0080095
39	66	0.0085563
39	67	0.0069298
39	68	0.0099573
39	69	0.0094496
39	70	0.0087784
39	71	0.0041464
39	72	0.0075662
39	73	0.0043694
39	74	0.0057874
39	75	0.0069652
39	76	0.0046756
39	77	0
40	41	0.071208
40	42	0.042693
40	43	0.014364
40	44	0.0086478
40	45	0.0068703
40	46	0.0046401
40	47	0.0099862
40	48	0.0099558
40	49	0.015283
40	50	0.014356
40	51	0.0067362
40	52	0.0094839
40	53	0.0032993
40	54	0.003961
40	55	0.0028238
40	56	0.0070108
40	57	0.0070912
40	58	0.0098975
40	59	0.0037981
40	60	0.0081305
40	61	0.010139
40	62	0.013239
40	63	0.0059561
40	64	0.0069414
40	65	0.0077503
40	66	0.0065225
40	67	0.0066607
40	68	0.0063673
40	69	0.0089021
40	70	0.0059756
40	71	0.0051282
40	72	0.0095038
40	73	0.0040771
40	74	0.0072697
40	75	0.0066495
40	76	0.0034173
40	77	0.0044126
41	42	0.088549
41	43	0.0244
41	44	0.015441
41	45	0.009061
41	46	0.010984
41	47	0.0094556
41	48	0.0089779
41	49	0.012633
41	50	0.013108
41	51	0.01082
41	52	0.0075807
41	53	0.008089
41	54	0.0068005
41	55	0.0079577
41	56	0.0052571
41	57	0.0071942
41	58	0.0069034
41	59	0.0085956
41	60	0.0090468
41	61	0.0060509
41	62	0.0073261
41	63	0.0057405
41	64	0.0054417
41	65	0.0084676
41	66	0.009625
41	67	0.0043002
41	68	0.0079977
41	69	0.0036125
41	70	0.0060623
41	71	0.0068283
41	72	0.004178
41	73	0.0082721
41	74	0.0056048
41	75	0.0014201
41	76	0.0034663
41	77	0.0089502
42	43	0.061082
42	44	0.029545
42	45	0.018183
42	46	0.011536
42	47	0.014416
42	48	0.0099806
42	49	0.011235
42	50	0.010707
42	51	0.011818
42	52	0.0082977
42	53	0.010253
42	54	0.008797
42	55	0.0083038
42	56	0.0069672
42	57	0.0081896
42	58	0.0066976
42	59	0.010896
42	60	0.0059948
42	61	0.00574
42	62	0.0076014
42	63	0.0035826
42	64	0.0083506
42	65	0.0096823
42	66	0.0085599
42	67	0.0061918
42	68	0.0040123
42	69	0.0028558
42	70	0.0030808
42	71	0.0065547
42	72	0.0053353
42	73	0.009809
42	74	0.0062963
42	75	0.0054727
42	76	0.0061656
42	77	0.013267
43	44	0.098022
43	45	0.042778
43	46	0.029481
43	47	0.019034
43	48	0.010191
43	49	0.0061135
43	50	0.0083914
43	51	0.0082033
43	52	0.0076692
43	53	0.0080356
43	54	0.010067
43	55	0.01236
43	56	0.0069721
43	57	0.0061276
43	58	0.0066816
43	59	0.014108
43	60	0.0076654
43	61	0.0056842
43	62	0.0042058
43	63	0.0041628
43	64	0.0044104
43	65	0.0068182
43	66	0.0030139
43	67	0.0038473
43	68	0.0046235
43	69	0.0011312
43	70	0.0065086
43	71	0.0069236
43	72	0.0036229
43	73	0.0051806
43	74	0.0051728
43	75	0.004002
43	76	0.0070552
43	77	0.014013
44	45	0.085431
44	46	0.037448
44	47	0.024091
44	48	0.012736
44	49	0.0070756
44	50	0.0075561
44	51	0.0081252
44	52	0.0079415
44	53	0.010854
44	54	0.0092214
44	55	0.0070185
44	56	0.0096263
44	57	0.0074648
44	58	0.011396
44	59	0.0088421
44	60	0.010008
44	61	0.003924
44	62	0.0027715
44	63	0.0039187
44	64	0.004567
44	65	0.0050991
44	66	0.0039012
44	67	0.0043823
44	68	0.0043887
44	69	0.0023428
44	70	0.0044932
44	71	0.0037957
44	72	0.0037517
44	73	0.0049521
44	74	0.0045915
44	75	0.002763
44	76	0.0067447
44	77	0
45	46	0.13622
45	47	0.039583
45	48	0.014094
45	49	0.0073963
45	50	0.0097548
45	51	0.0066018
45	52	0.008262
45	53	0.0086227
45	54	0.010352
45	55	0.0090198
45	56	0.0083646
45	57	0.010008
45	58	0.0072751
45	59	0.010308
45	60	0.0095962
45	61	0.0031175
45	62	0.0027522
45	63	0.0054481
45	64	0.0024738
45	65	0.0038952
45	66	0.004649
45	67	0.0027694
45	68	0.0035659
45	69	0.0023265
45	70	0.0029747
45	71	0.0037694
45	72	0.0037257
45	73	0.0032786
45	74	0.0034198
45	75	0.0032012
45	76	0.0044653
45	77	0.0057657
46	47	0.087349
46	48	0.0192
46	49	0.0086586
46	50	0.0081085
46	51	0.01255
46	52	0.0081163
46	53	0.01003
46	54	0.015776
46	55	0.018091
46	56	0.012554
46	57	0.0046728
46	58	0.008735
46	59	0.013408
46	60	0.0061724
46	61	0.0049128
46	62	0.0042487
46	63	0.0017522
46	64	0.0051979
46	65	0.0070153
46	66	0.0034887
46	67	0.0039189
46	68	0.0035679
46	69	0.0020951
46	70	0.0030136
46	71	0.0086744
46	72	0.0029822
46	73	0.0066428
46	74	0.002053
46	75	0.0016472
46	76	0.0050263
46	77	0
47	48	0.072837
47	49	0.042644
47	50	0.023995
47	51	0.019192
47	52	0.0080061
47	53	0.011489
47	54	0.013118
47	55	0.011919
47	56	0.0073335
47	57	0.0075426
47	58	0.0062664
47	59	0.011098
47	60	0.0092989
47	61	0.006797
47	62	0.004191
47	63	0.0060336
47	64	0.0051939
47	65	0.0060393
47	66	0.0052558
47	67	0.0038337
47	68	0.0026875
47	69	0.0052604
47	70	0.0028825
47	71	0.012581
47	72	0.0056159
47	73	0.0095307
47	74	0.0047865
47	75	0.0066469
47	76	0.0064901
47	77	0.0083794
48	49	0.11611
48	50	0.043192
48	51	0.023917
48	52	0.016931
48	53	0.014751
48	54	0.0086544
48	55	0.011222
48	56	0.011544
48	57	0.010444
48	58	0.00846
48	59	0.0092206
48	60	0.0074497
48	61	0.0072156
48	62	0.0094961
48	63	0.0056393
48	64	0.0056428
48	65	0.0059582
48	66	0.009045
48	67	0.0079626
48	68	0.0057415
48	69	0.0078042
48	70	0.0062863
48	71	0.0070806
48	72	0.0046656
48	73	0.0056086
48	74	0.005506
48	75	0.0051539
48	76	0.0071889
48	77	0.0023203
49	50	0.073875
49	51	0.029008
49	52	0.021039
49	53	0.011544
49	54	0.0082005
49	55	0.0057422
49	56	0.0075477
49	57	0.0082451
49	58	0.0089907
49	59	0.0040889
49	60	0.0084708
49	61	0.0093105
49	62	0.011014
49	63	0.009939
49	64	0.0078127
49	65	0.0086647
49	66	0.010214
49	67	0.005867
49	68	0.0065284
49	69	0.0079864
49	70	0.0058204
49	71	0.0069009
49	72	0.0071618
49	73	0.007765
49	74	0.0071995
49	75	0.0048973
49	76	0.0055172
49	77	0.0047481
50	51	0.090432
50	52	0.030761
50	53	0.02102
50	54	0.012979
50	55	0.0071962
50	56	0.0099875
50	57	0.01611
50	58	0.010134
50	59	0.0060628
50	60	0.0071613
50	61	0.0114
50	62	0.010845
50	63	0.0094325
50	64	0.012061
50	65	0.0097671
50	66	0.010038
50	67	0.0076054
50	68	0.0079477
50	69	0.0081023
50	70	0.0046618
50	71	0.0052508
50	72	0.006574
50	73	0.005138
50	74	0.0063518
50	75	0.0068801
50	76	0.0041987
50	77	0
51	52	0.081313
51	53	0.03875
51	54	0.019194
51	55	0.015074
51	56	0.013994
51	57	0.013628
51	58	0.0142
51	59	0.016844
51	60	0.010641
51	61	0.011144
51	62	0.010601
51	63	0.0066771
51	64	0.0074112
51	65	0.006047
51	66	0.010129
51	67	0.0074347
51	68	0.0071219
51	69	0.0069701
51	70	0.0057725
51	71	0.0065019
51	72	0.0060883
51	73	0.0063625
51	74	0.0046573
51	75	0.0041105
51	76	0.0050173
51	77	0
52	53	0.092279
52	54	0.032644
52	55	0.016807
52	56	0.014662
52	57	0.017365
52	58	0.018259
52	59	0.0092626
52	60	0.014336
52	61	0.01141
52	62	0.011842
52	63	0.0094415
52	64	0.0072436
52	65	0.01108
52	66	0.0084271
52	67	0.0056267
52	68	0.0049721
52	69	0.0068125
52	70	0.0040441
52	71	0.0063071
52	72	0.0069267
52	73	0.0072005
52	74	0.003815
52	75	0.0053568
52	76	0.0028022
52	77	0.0024126
53	54	0.099426
53	55	0.028877
53	56	0.019447
53	57	0.02136
53	58	0.015204
53	59	0.014056
53	60	0.0082294
53	61	0.0074856
53	62	0.0072381
53	63	0.0093443
53	64	0.00825
53	65	0.0059236
53	66	0.007442
53	67	0.0079164
53	68	0.0038054
53	69	0.0037243
53	70	0.0056546
53	71	0.0067043
53	72	0.0043072
53	73	0.006888
53	74	0.0036494
53	75	0.002928
53	76	0.0044669
53	77	0.0046135
54	55	0.1171
54	56	0.03109
54	57	0.017096
54	58	0.01434
54	59	0.013545
54	60	0.011856
54	61	0.0041477
54	62	0.0052312
54	63	0.0051776
54	64	0.0043885
54	65	0.0065645
54	66	0.00756
54	67	0.004211
54	68	0.0038657
54	69	0.0030954
54	70	0.0026385
54	71	0.0070582
54	72	0.0025702
54	73	0.0061794
54	74	0.0026962
54	75	0.0020281
54	76	0.0049505
54	77	0.0051133
55	56	0.072033
55	57	0.024375
55	58	0.016612
55	59	0.021619
55	60	0.01346
55	61	0.0046269
55	62	0.0050275
55	63	0.0035543
55	64	0.0022594
55	65	0.0042692
55	66	0.0095539
55	67	0.0068655
55	68	0.0050663
55	69	0.002125
55	70	0.0044151
55	71	0.0095634
55	72	0.0034029
55	73	0.0063635
55	74	0.0027766
55	75	0.00083543
55	76	0.0030591
55	77	0.0052673
56	57	0.10788
56	58	0.03156
56	59	0.028456
56	60	0.023416
56	61	0.0086444
56	62	0.0076754
56	63	0.0093233
56	64	0.0076828
56	65	0.0089865
56	66	0.008938
56	67	0.0063189
56	68	0.0056251
56	69	0.0037848
56	70	0.0039594
56	71	0.0074328
56	72	0.0047753
56	73	0.0083644
56	74	0.0043835
56	75	0.0044641
56	76	0.0059442
56	77	0.0025588
57	58	0.084433
57	59	0.027426
57	60	0.022922
57	61	0.017053
57	62	0.010389
57	63	0.013496
57	64	0.012937
57	65	0.009649
57	66	0.0086372
57	67	0.0075134
57	68	0.0058888
57	69	0.0067237
57	70	0.0042985
57	71	0.0058792
57	72	0.0058111
57	73	0.0067684
57	74	0.0053343
57	75	0.0045319
57	76	0.0050707
57	77	0.0023814
58	59	0.074249
58	60	0.033018
58	61	0.021402
58	62	0.014868
58	63	0.015066
58	64	0.011879
58	65	0.011924
58	66	0.0062788
58	67	0.0089053
58	68	0.0064213
58	69	0.0045387
58	70	0.0056916
58	71	0.0056566
58	72	0.0055911
58	73	0.0073805
58	74	0.0085539
58	75	0.0049417
58	76	0.0060318
58	77	0
59	60	0.10027
59	61	0.01624
59	62	0.0073567
59	63	0.011253
59	64	0.010169
59	65	0.009276
59	66	0.01285
59	67	0.007066
59	68	0.0040437
59	69	0.0042872
59	70	0.0053762
59	71	0.010686
59	72	0.0035208
59	73	0.0059256
59	74	0.003555
59	75	0.0035007
59	76	0.0061718
59	77	0.014714
60	61	0.060396
60	62	0.033621
60	63	0.023175
60	64	0.018258
60	65	0.019628
60	66	0.014494
60	67	0.010572
60	68	0.006655
60	69	0.0071052
60	70	0.0039746
60	71	0.011512
60	72	0.0088498
60	73	0.0084486
60	74	0.0060927
60	75	0.0059362
60	76	0.0072456
60	77	0.0066051
61	62	0.094886
61	63	0.061484
61	64	0.030065
61	65	0.027052
61	66	0.011435
61	67	0.015798
61	68	0.012382
61	69	0.017841
61	70	0.01388
61	71	0.0072718
61	72	0.014734
61	73	0.0067601
61	74	0.0089071
61	75	0.0075439
61	76	0.0077542
61	77	0.0025037
62	63	0.088281
62	64	0.041891
62	65	0.025588
62	66	0.012216
62	67	0.014901
62	68	0.017352
62	69	0.016982
62	70	0.013679
62	71	0.0077038
62	72	0.010515
62	73	0.0082567
62	74	0.014312
62	75	0.015623
62	76	0.0063567
62	77	0.005052
63	64	0.055044
63	65	0.034782
63	66	0.012427
63	67	0.022979
63	68	0.020952
63	69	0.017144
63	70	0.018374
63	71	0.011256
63	72	0.010049
63	73	0.010304
63	74	0.012189
63	75	0.013878
63	76	0.0096794
63	77	0
64	65	0.10626
64	66	0.028111
64	67	0.030524
64	68	0.02693
64	69	0.016383
64	70	0.02459
64	71	0.0069244
64	72	0.010266
64	73	0.0097874
64	74	0.0090748
64	75	0.010082
64	76	0.0076911
64	77	0.0052974
65	66	0.099846
65	67	0.043943
65	68	0.02166
65	69	0.016487
65	70	0.014843
65	71	0.011267
65	72	0.017602
65	73	0.0092467
65	74	0.011211
65	75	0.011112
65	76	0.0058129
65	77	0.007507
66	67	0.070339
66	68	0.025988
66	69	0.024096
66	70	0.013479
66	71	0.013013
66	72	0.0075029
66	73	0.012026
66	74	0.0098387
66	75	0.005526
66	76	0.011081
66	77	0.0074656
67	68	0.094283
67	69	0.049554
67	70	0.0331
67	71	0.024732
67	72	0.015324
67	73	0.013004
67	74	0.014066
67	75	0.014914
67	76	0.013284
67	77	0
68	69	0.095488
68	70	0.047589
68	71	0.015526
68	72	0.028866
68	73	0.012299
68	74	0.024484
68	75	0.018569
68	76	0.012318
68	77	0.0025451
69	70	0.10985
69	71	0.028219
69	72	0.027535
69	73	0.019471
69	74	0.02232
69	75	0.022122
69	76	0.011572
69	77	0.0049808
70	71	0.051346
70	72	0.048007
70	73	0.026139
70	74	0.03116
70	75	0.023486
70	76	0.018031
70	77	0.0047755
71	72	0.094241
71	73	0.063854
71	74	0.023398
71	75	0.018346
71	76	0.019267
71	77	0
72	73	0.081629
72	74	0.033287
72	75	0.033313
72	76	0.020071
72	77	0.01063
73	74	0.075609
73	75	0.036311
73	76	0.044311
73	77	0.021029
74	75	0.10138
74	76	0.049109
74	77	0.014621
75	76	0.081243
75	77	0.020515
76	77	0.13935
