1	2	0.055916
1	3	0.033868
1	4	0.012387
1	5	0.038914
1	6	0.016676
1	7	0.038088
1	8	0.021622
1	9	0
1	10	0.014703
1	11	0
1	12	0
1	13	0
1	14	0.0072098
1	15	0.004615
1	16	0.0038157
1	17	0.006838
1	18	0.01073
1	19	0.003418
1	20	0
1	21	0
1	22	0
1	23	0
1	24	0
1	25	0
1	26	0
1	27	0.021648
1	28	0.0072604
1	29	0.0032848
1	30	0.0075034
1	31	0.0040698
1	32	0
1	33	0.0036137
1	34	0.0070337
1	35	0
1	36	0.0043795
1	37	0
1	38	0
1	39	0.0037732
1	40	0.0038325
1	41	0.0034885
1	42	0
1	43	0.0078181
1	44	0
1	45	0
1	46	0.0079611
1	47	0
1	48	0
1	49	0.0083313
1	50	0
1	51	0
1	52	0
1	53	0
1	54	0.0040669
1	55	0
1	56	0
1	57	0.0087898
1	58	0
1	59	0
1	60	0
1	61	0
1	62	0.0041022
1	63	0.009005
1	64	0.0042398
1	65	0.0054951
1	66	0
1	67	0.0035177
1	68	0
1	69	0.0085303
1	70	0.0046064
1	71	0
1	72	0.0040052
1	73	0
1	74	0.0041649
1	75	0.0035302
1	76	0
1	77	0
1	78	0.0038818
1	79	0
1	80	0.0037436
1	81	0
1	82	0
1	83	0
2	3	0.056535
2	4	0.060203
2	5	0.040124
2	6	0.038061
2	7	0.036155
2	8	0.034387
2	9	0.013285
2	10	0.014419
2	11	0.0035112
2	12	0.007405
2	13	0.0091951
2	14	0.0074134
2	15	0.0054215
2	16	0.0078442
2	17	0.012051
2	18	0.011556
2	19	0.0040142
2	20	0.0093565
2	21	0.0013891
2	22	0.001605
2	23	0
2	24	0.0014672
2	25	0.0027825
2	26	0.004662
2	27	0.016961
2	28	0.020259
2	29	0.0038563
2	30	0.0044035
2	31	0.0035818
2	32	0.0031245
2	33	0.00424
2	34	0.0030957
2	35	0.0021955
2	36	0.0064241
2	37	0.0044238
2	38	0.0043082
2	39	0
2	40	0.0022476
2	41	0.002046
2	42	0.0021736
2	43	0.004586
2	44	0.0010401
2	45	0
2	46	0
2	47	0
2	48	0.0011662
2	49	0.0024439
2	50	0.0022017
2	51	0
2	52	0.0023828
2	53	0.0025351
2	54	0.0023866
2	55	0
2	56	0
2	57	0.0012901
2	58	0
2	59	0.0016284
2	60	0.0011575
2	61	0
2	62	0.0012041
2	63	0
2	64	0.0012444
2	65	0
2	66	0.0013392
2	67	0.0041293
2	68	0.0048244
2	69	0.0062585
2	70	0.0027033
2	71	0.0027803
2	72	0.0011751
2	73	0.0035371
2	74	0.0024439
2	75	0.0041428
2	76	0.0071822
2	77	0.001116
2	78	0.0056936
2	79	0.0023158
2	80	0.006591
2	81	0.0037313
2	82	0.0036423
2	83	0
3	4	0.042336
3	5	0.03663
3	6	0.039639
3	7	0.020127
3	8	0.016705
3	9	0.02681
3	10	0.014546
3	11	0.010626
3	12	0.010456
3	13	0.0092738
3	14	0.012817
3	15	0.0095683
3	16	0.0056506
3	17	0.0081022
3	18	0.0052975
3	19	0.013156
3	20	0.008387
3	21	0.011206
3	22	0
3	23	0.0037992
3	24	0.0029589
3	25	0.0070147
3	26	0.011753
3	27	0.0053457
3	28	0.011829
3	29	0.0077772
3	30	0.0022202
3	31	0.0024078
3	32	0.0063009
3	33	0.0074817
3	34	0.0052026
3	35	0.0033207
3	36	0.002591
3	37	0.0055755
3	38	0.0010859
3	39	0.0022311
3	40	0.0011331
3	41	0.0020629
3	42	0
3	43	0
3	44	0.0031462
3	45	0.0031237
3	46	0.0011772
3	47	0.0027596
3	48	0
3	49	0.0012321
3	50	0.0022199
3	51	0.0024104
3	52	0.0024027
3	53	0
3	54	0.0024065
3	55	0.0016833
3	56	0.0050535
3	57	0.003903
3	58	0.001441
3	59	0
3	60	0.0011672
3	61	0.0011939
3	62	0.0012143
3	63	0.0053331
3	64	0.0025097
3	65	0.0048791
3	66	0.0027009
3	67	0.0041639
3	68	0.006081
3	69	0.0050487
3	70	0.0040888
3	71	0.0014018
3	72	0.0011848
3	73	0.0059444
3	74	0.0024643
3	75	0.006266
3	76	0.0020691
3	77	0.0022504
3	78	0.0011482
3	79	0.0023351
3	80	0.0044307
3	81	0.0025084
3	82	0.0048977
3	83	0
4	5	0.10153
4	6	0.067953
4	7	0.073838
4	8	0.054983
4	9	0.01103
4	10	0.021544
4	11	0.011658
4	12	0.0024582
4	13	0.0091568
4	14	0.0070309
4	15	0.003749
4	16	0.0055793
4	17	0.0061111
4	18	0.0087177
4	19	0.0044411
4	20	0.0034505
4	21	0.00076839
4	22	0
4	23	0.0013893
4	24	0.00081153
4	25	0.0030783
4	26	0.0096709
4	27	0.019354
4	28	0.014157
4	29	0.0042661
4	30	0.0060892
4	31	0.0026415
4	32	0.0017281
4	33	0.0023451
4	34	0.0051368
4	35	0.007286
4	36	0.005685
4	37	0.00367
4	38	0.001787
4	39	0.0018357
4	40	0.0018646
4	41	0.0016974
4	42	0.0018032
4	43	0.0019023
4	44	0
4	45	0
4	46	0
4	47	0.00075685
4	48	0.00129
4	49	0.00067585
4	50	0.0012177
4	51	0.0019833
4	52	0.0019769
4	53	0.00070108
4	54	0.0013201
4	55	0.0018467
4	56	0
4	57	0.0042819
4	58	0.0023713
4	59	0.0009007
4	60	0.0025609
4	61	0.00065488
4	62	0.0019982
4	63	0.0014627
4	64	0.0034417
4	65	0.0026764
4	66	0.00074077
4	67	0.0028551
4	68	0.005337
4	69	0.0048465
4	70	0.00074763
4	71	0
4	72	0.0025997
4	73	0.0039128
4	74	0.0013518
4	75	0.0040099
4	76	0.0039724
4	77	0.0043205
4	78	0.0044087
4	79	0.0076853
4	80	0.0024304
4	81	0.001376
4	82	0.0053732
4	83	0
5	6	0.10961
5	7	0.070107
5	8	0.036916
5	9	0.023105
5	10	0.019223
5	11	0.0061054
5	12	0.0103
5	13	0.0042631
5	14	0.0067512
5	15	0.0054981
5	16	0.0045457
5	17	0.016877
5	18	0.0097408
5	19	0.0052338
5	20	0.004217
5	21	0.00080494
5	22	0.0027901
5	23	0.0021831
5	24	0
5	25	0.0016123
5	26	0.010131
5	27	0.012901
5	28	0.01174
5	29	0.0055863
5	30	0.0025516
5	31	0.0020754
5	32	0.0024139
5	33	0.00061418
5	34	0.0047833
5	35	0.0063606
5	36	0.0052112
5	37	0.0025632
5	38	0.0012481
5	39	0.0012821
5	40	0.00065112
5	41	0.0011855
5	42	0.0025187
5	43	0.0013286
5	44	0
5	45	0.00089751
5	46	0.0013529
5	47	0.00079289
5	48	0
5	49	0.00070801
5	50	0.0012757
5	51	0.0041553
5	52	0.0027613
5	53	0.00073445
5	54	0.0020743
5	55	0
5	56	0
5	57	0.0022427
5	58	0
5	59	0.00094355
5	60	0.0013414
5	61	0.0013721
5	62	0.0013955
5	63	0.0030645
5	64	0.0014422
5	65	0.0018691
5	66	0.002328
5	67	0.0023927
5	68	0.0097841
5	69	0.005077
5	70	0.0031328
5	71	0.0024165
5	72	0.0040852
5	73	0.0027327
5	74	0.0021241
5	75	0.0036007
5	76	0.005945
5	77	0.0058194
5	78	0.003299
5	79	0.0053674
5	80	0.0025461
5	81	0.0021621
5	82	0.0035179
5	83	0.0026583
6	7	0.096596
6	8	0.065464
6	9	0.022269
6	10	0.021477
6	11	0.013074
6	12	0.0077184
6	13	0.0047918
6	14	0.011038
6	15	0.0090803
6	16	0.0095927
6	17	0.0074754
6	18	0.010948
6	19	0.0056022
6	20	0.0054165
6	21	0.0031016
6	22	0.0029864
6	23	0.001402
6	24	0.0027298
6	25	0.0036241
6	26	0.0082414
6	27	0.016573
6	28	0.013097
6	29	0.0071751
6	30	0.0049157
6	31	0.0039982
6	32	0.0027126
6	33	0.0031552
6	34	0.0057595
6	35	0.00531
6	36	0.0043025
6	37	0.0028804
6	38	0.0024042
6	39	0.0037047
6	40	0.0033448
6	41	0.0049479
6	42	0.0040433
6	43	0.002986
6	44	0.0019349
6	45	0.00057632
6	46	0.0017376
6	47	0.00050914
6	48	0.0017356
6	49	0.00045465
6	50	0.0036863
6	51	0.00044472
6	52	0.0022166
6	53	0.0014149
6	54	0.0013321
6	55	0
6	56	0.00062163
6	57	0.0014403
6	58	0.002127
6	59	0.00060594
6	60	0.0012921
6	61	0.0026434
6	62	0.0017924
6	63	0.00098409
6	64	0.0023154
6	65	0.0012004
6	66	0.0024917
6	67	0.0053781
6	68	0.0058344
6	69	0.004192
6	70	0.0045266
6	71	0.0015518
6	72	0.00087445
6	73	0.0035097
6	74	0.0045469
6	75	0.0046244
6	76	0.0026723
6	77	0.0024913
6	78	0.0038132
6	79	0.0043084
6	80	0.0028613
6	81	0.0046285
6	82	0.0027113
6	83	0.0034152
7	8	0.11032
7	9	0.040203
7	10	0.027813
7	11	0.010623
7	12	0.0056004
7	13	0.003477
7	14	0.0076088
7	15	0.0051249
7	16	0.0084743
7	17	0.009493
7	18	0.01152
7	19	0.0064505
7	20	0.00511
7	21	0.0021008
7	22	0.0018205
7	23	0.0014245
7	24	0.0027735
7	25	0.0021041
7	26	0.0044068
7	27	0.019642
7	28	0.013708
7	29	0.004374
7	30	0.0024973
7	31	0.0018055
7	32	0.0023625
7	33	0.0020037
7	34	0.0039013
7	35	0.0078854
7	36	0.0014572
7	37	0.0037629
7	38	0.0016287
7	39	0.0029279
7	40	0.0012745
7	41	0.0027072
7	42	0.0012325
7	43	0.00086687
7	44	0.0011797
7	45	0
7	46	0.0017655
7	47	0
7	48	0.00044089
7	49	0.0018479
7	50	0.0012485
7	51	0.00045188
7	52	0.0013513
7	53	0.0023961
7	54	0.0013534
7	55	0.00063113
7	56	0
7	57	0.00048779
7	58	0.0010805
7	59	0
7	60	0.0021881
7	61	0.0031334
7	62	0.0027317
7	63	0.0019996
7	64	0.001882
7	65	0.0024391
7	66	0.0010127
7	67	0.003903
7	68	0.007296
7	69	0.0037859
7	70	0.0010221
7	71	0.0015767
7	72	0.0008885
7	73	0.0035661
7	74	0.0046199
7	75	0.0050903
7	76	0.003879
7	77	0.0021095
7	78	0.002583
7	79	0.0070042
7	80	0.0041532
7	81	0.003762
7	82	0.0022954
7	83	0.003469
8	9	0.053903
8	10	0.044004
8	11	0.017631
8	12	0.0097232
8	13	0.0063916
8	14	0.0077704
8	15	0.0078504
8	16	0.0077886
8	17	0.010082
8	18	0.0215
8	19	0.0069746
8	20	0.0060209
8	21	0.0010726
8	22	0
8	23	0.0024243
8	24	0.00056643
8	25	0.0016114
8	26	0.0063001
8	27	0.015556
8	28	0.0094698
8	29	0.0040942
8	30	0.0055251
8	31	0.0023045
8	32	0.0020103
8	33	0.0028644
8	34	0.0067722
8	35	0.007628
8	36	0.0069438
8	37	0.0012807
8	38	0.0029102
8	39	0.0017083
8	40	0.0013014
8	41	0.0015795
8	42	0.003356
8	43	0.0017703
8	44	0
8	45	0.00059794
8	46	0.00045069
8	47	0.0010565
8	48	0.00090036
8	49	0.0023585
8	50	0.00042495
8	51	0.00092281
8	52	0.0036795
8	53	0.00097865
8	54	0.00092134
8	55	0.00064446
8	56	0.0012899
8	57	0.00099621
8	58	0.0011034
8	59	0.00062866
8	60	0.00089371
8	61	0.0027425
8	62	0.0013947
8	63	0.0020419
8	64	0.0014413
8	65	0.0024907
8	66	0.0015511
8	67	0.0067754
8	68	0.0060532
8	69	0.0048324
8	70	0.0020873
8	71	0.0010733
8	72	0.00090725
8	73	0.0045517
8	74	0.0037739
8	75	0.0031986
8	76	0.0031686
8	77	0.0043079
8	78	0.0043958
8	79	0.008046
8	80	0.0025445
8	81	0.0009604
8	82	0.0023441
8	83	0
9	10	0.034869
9	11	0.042452
9	12	0.020888
9	13	0.0074106
9	14	0.014936
9	15	0.010923
9	16	0.013546
9	17	0.0060698
9	18	0.0042332
9	19	0.0040436
9	20	0.012567
9	21	0
9	22	0.0064669
9	23	0.00253
9	24	0
9	25	0.0056056
9	26	0.018785
9	27	0.0085433
9	28	0.0042965
9	29	0.0019422
9	30	0.0022178
9	31	0.0024052
9	32	0.0083922
9	33	0
9	34	0.0041575
9	35	0.0066341
9	36	0.0025882
9	37	0.0044557
9	38	0.0021696
9	39	0
9	40	0.0022638
9	41	0
9	42	0
9	43	0
9	44	0.0020952
9	45	0
9	46	0
9	47	0
9	48	0
9	49	0.0024615
9	50	0.0022176
9	51	0.0024078
9	52	0.0048002
9	53	0.0051069
9	54	0
9	55	0
9	56	0.0033653
9	57	0.0051982
9	58	0
9	59	0.0032804
9	60	0.0046635
9	61	0
9	62	0
9	63	0
9	64	0.002507
9	65	0
9	66	0.0053959
9	67	0.0083187
9	68	0
9	69	0.0025216
9	70	0
9	71	0.005601
9	72	0
9	73	0
9	74	0.0024617
9	75	0
9	76	0.0020669
9	77	0
9	78	0.0045878
9	79	0.0023326
9	80	0
9	81	0.0050114
9	82	0.0024461
9	83	0
10	11	0.10894
10	12	0.027816
10	13	0.011244
10	14	0.016649
10	15	0.014794
10	16	0.013699
10	17	0.014908
10	18	0.022477
10	19	0.010952
10	20	0.011799
10	21	0.002425
10	22	0.001401
10	23	0.0016442
10	24	0.0025612
10	25	0.0054647
10	26	0.0081405
10	27	0.012963
10	28	0.013967
10	29	0.0058904
10	30	0.0057648
10	31	0.0062513
10	32	0.004544
10	33	0.0064745
10	34	0.0085553
10	35	0.010059
10	36	0.0028029
10	37	0.0028949
10	38	0.0028188
10	39	0.0024131
10	40	0.00098039
10	41	0.0026775
10	42	0.0037924
10	43	0.0035011
10	44	0.0013612
10	45	0.0027029
10	46	0.00050934
10	47	0.00059698
10	48	0.0015263
10	49	0.0021325
10	50	0.0033619
10	51	0
10	52	0.0031191
10	53	0.0022122
10	54	0.0036449
10	55	0.001457
10	56	0
10	57	0.00056311
10	58	0.0012473
10	59	0.0007106
10	60	0.0010102
10	61	0.0010334
10	62	0.0057813
10	63	0.003463
10	64	0.0016293
10	65	0.0056312
10	66	0.0035066
10	67	0.0067578
10	68	0.0052633
10	69	0.0032775
10	70	0.0041288
10	71	0
10	72	0.0020508
10	73	0.0020579
10	74	0.0047988
10	75	0.0031633
10	76	0.0044765
10	77	0.0024343
10	78	0.0049682
10	79	0.0060627
10	80	0.0023968
10	81	0.00054287
10	82	0.0053011
10	83	0.004008
11	12	0.081885
11	13	0.033235
11	14	0.016887
11	15	0.011524
11	16	0.016673
11	17	0.013875
11	18	0.0044663
11	19	0.0074641
11	20	0.0044181
11	21	0.0014756
11	22	0
11	23	0.004002
11	24	0.0046753
11	25	0.0073893
11	26	0.0099072
11	27	0.012396
11	28	0.010199
11	29	0.0092167
11	30	0.0070154
11	31	0.0063394
11	32	0.0011059
11	33	0.0011256
11	34	0.0054796
11	35	0.005829
11	36	0.0095507
11	37	0.0070454
11	38	0.0022867
11	39	0.0023491
11	40	0.003579
11	41	0.0043442
11	42	0.0034612
11	43	0.0012173
11	44	0.0022084
11	45	0.0016445
11	46	0.0024793
11	47	0.0014529
11	48	0.0037146
11	49	0.0038926
11	50	0.0023377
11	51	0.0012691
11	52	0.0075914
11	53	0
11	54	0.003802
11	55	0.0017731
11	56	0.0017746
11	57	0.0013706
11	58	0.0045536
11	59	0.0034591
11	60	0.0024588
11	61	0
11	62	0.0063962
11	63	0
11	64	0.0026438
11	65	0
11	66	0.0042674
11	67	0.0021931
11	68	0.001281
11	69	0.0013295
11	70	0
11	71	0.0029527
11	72	0.0037436
11	73	0.0050085
11	74	0.0025955
11	75	0.0010999
11	76	0.004358
11	77	0
11	78	0
11	79	0.0024593
11	80	0.0035002
11	81	0.0026427
11	82	0.0051615
11	83	0
12	13	0.07744
12	14	0.026091
12	15	0.024885
12	16	0.012545
12	17	0.013042
12	18	0.0094098
12	19	0.0098836
12	20	0.0088414
12	21	0.010567
12	22	0.0050276
12	23	0.0061816
12	24	0.0085345
12	25	0.0074709
12	26	0.0062611
12	27	0.0061736
12	28	0.0076403
12	29	0.0064711
12	30	0.0068954
12	31	0.010681
12	32	0.0093161
12	33	0.0071112
12	34	0.0078479
12	35	0.0049107
12	36	0.0091951
12	37	0.0049457
12	38	0.0024077
12	39	0.0064306
12	40	0.003517
12	41	0.0064036
12	42	0.0043731
12	43	0.0046142
12	44	0.0032554
12	45	0.0055409
12	46	0.0041769
12	47	0.0030596
12	48	0.004172
12	49	0.0027326
12	50	0.0049232
12	51	0.0026727
12	52	0.0058624
12	53	0.0022679
12	54	0.0016015
12	55	0.00074689
12	56	0.00074759
12	57	0.0051969
12	58	0.0025576
12	59	0.0050999
12	60	0.0036251
12	61	0.002119
12	62	0.0037725
12	63	0.0023676
12	64	0.0027844
12	65	0.0050522
12	66	0.0053928
12	67	0.0041573
12	68	0.0021585
12	69	0.0016802
12	70	0.0024189
12	71	0.0062187
12	72	0.004205
12	73	0.0047468
12	74	0.0016399
12	75	0.0018531
12	76	0.0009178
12	77	0.0014972
12	78	0.0020372
12	79	0.0015538
12	80	0.0054062
12	81	0.0022266
12	82	0.0054372
12	83	0
13	14	0.098342
13	15	0.034656
13	16	0.018686
13	17	0.016189
13	18	0.014017
13	19	0.016171
13	20	0.0098191
13	21	0.01003
13	22	0.0026744
13	23	0.0034875
13	24	0.0048891
13	25	0.0046364
13	26	0.0058287
13	27	0.0053056
13	28	0.004742
13	29	0.0053546
13	30	0.010392
13	31	0.0033142
13	32	0.0069375
13	33	0.0058839
13	34	0.0097405
13	35	0.0030475
13	36	0.004993
13	37	0.0055243
13	38	0.0029882
13	39	0.0018417
13	40	0.0031178
13	41	0.0045414
13	42	0.0054273
13	43	0.0089083
13	44	0.0028858
13	45	0
13	46	0.002592
13	47	0.0037974
13	48	0.0032362
13	49	0.0020349
13	50	0.0024441
13	51	0.0033172
13	52	0.0013229
13	53	0.0028147
13	54	0.0033129
13	55	0.00092703
13	56	0.00092793
13	57	0.0028669
13	58	0.0015873
13	59	0.00090428
13	60	0.0019283
13	61	0.00263
13	62	0.0026757
13	63	0.0044083
13	64	0.0082945
13	65	0.0044792
13	66	0.0059498
13	67	0.0045866
13	68	0.0046885
13	69	0.0034758
13	70	0.0030022
13	71	0.0030873
13	72	0.00065237
13	73	0.0032731
13	74	0.0054277
13	75	0.0023
13	76	0.0039869
13	77	0.0018582
13	78	0.0018964
13	79	0.0025714
13	80	0.00366
13	81	0.0020728
13	82	0.0040496
13	83	0.0051058
14	15	0.080691
14	16	0.025823
14	17	0.023466
14	18	0.021187
14	19	0.018945
14	20	0.014301
14	21	0.0088854
14	22	0.0071864
14	23	0.0052212
14	24	0.0056304
14	25	0.0071192
14	26	0.013052
14	27	0.0064497
14	28	0.012629
14	29	0.0095582
14	30	0.0091521
14	31	0.0068699
14	32	0.0076565
14	33	0.003388
14	34	0.0069284
14	35	0.0038605
14	36	0.002875
14	37	0.005655
14	38	0.0061941
14	39	0.0060094
14	40	0.0050266
14	41	0.0042493
14	42	0.0065974
14	43	0.0040303
14	44	0.0033233
14	45	0.0024748
14	46	0.0014925
14	47	0.0013119
14	48	0.0018634
14	49	0.0046868
14	50	0.0031665
14	51	0.0026741
14	52	0.0045705
14	53	0.0028363
14	54	0.0026706
14	55	0.002669
14	56	0.0021373
14	57	0.0045397
14	58	0.0050268
14	59	0.0015621
14	60	0.0033311
14	61	0.0049218
14	62	0.0026962
14	63	0.0033845
14	64	0.0043781
14	65	0.0036108
14	66	0.0055672
14	67	0.0046218
14	68	0.005785
14	69	0.0020014
14	70	0.0060505
14	71	0.0022221
14	72	0.0033808
14	73	0.0041463
14	74	0.001172
14	75	0.0062907
14	76	0.0026236
14	77	0.0017832
14	78	0.0018199
14	79	0.0044419
14	80	0.004215
14	81	0.0023871
14	82	0.0046637
14	83	0.0014701
15	16	0.061943
15	17	0.038246
15	18	0.021082
15	19	0.027111
15	20	0.018721
15	21	0.013071
15	22	0.0072231
15	23	0.0092479
15	24	0.0054019
15	25	0.0085379
15	26	0.01145
15	27	0.0047772
15	28	0.0082966
15	29	0.0086772
15	30	0.0072045
15	31	0.010252
15	32	0.0080905
15	33	0.0047671
15	34	0.0059085
15	35	0.0089786
15	36	0.0063044
15	37	0.0031646
15	38	0.0066024
15	39	0.0045215
15	40	0.0032148
15	41	0.0062715
15	42	0.0039973
15	43	0.0042179
15	44	0.0029756
15	45	0.0025324
15	46	0.0038182
15	47	0.0050343
15	48	0.0033369
15	49	0.0034972
15	50	0.0045004
15	51	0.0048864
15	52	0.0043848
15	53	0.0041464
15	54	0.0048803
15	55	0.0034142
15	56	0.00068352
15	57	0.0026397
15	58	0.0017537
15	59	0.0019982
15	60	0.0033142
15	61	0.0024215
15	62	0.0039419
15	63	0.0032474
15	64	0.0066189
15	65	0.0026395
15	66	0.0049303
15	67	0.0033784
15	68	0.0039468
15	69	0.00051205
15	70	0.0066341
15	71	0.002274
15	72	0.0057661
15	73	0.005786
15	74	0.0039978
15	75	0.0046587
15	76	0.0037755
15	77	0.0041058
15	78	0.0018623
15	79	0.0014205
15	80	0.0044931
15	81	0.0020358
15	82	0.0054692
15	83	0.0037619
16	17	0.1037
16	18	0.06936
16	19	0.038375
16	20	0.02005
16	21	0.0089271
16	22	0.0054287
16	23	0.0046723
16	24	0.0039697
16	25	0.0042351
16	26	0.013016
16	27	0.011849
16	28	0.0097472
16	29	0.0088042
16	30	0.008562
16	31	0.0076687
16	32	0.0077447
16	33	0.0060908
16	34	0.007676
16	35	0.0059383
16	36	0.0047777
16	37	0.0041113
16	38	0.0054583
16	39	0.0052333
16	40	0.0041764
16	41	0.0038022
16	42	0.0058749
16	43	0.0030996
16	44	0.0031629
16	45	0.002617
16	46	0.0015783
16	47	0.00092489
16	48	0.0027587
16	49	0.0020651
16	50	0.0037206
16	51	0.0032318
16	52	0.0024167
16	53	0.0012855
16	54	0.0024208
16	55	0.0016936
16	56	0.0028254
16	57	0.0021824
16	58	0.00048329
16	59	0.001652
16	60	0.0035228
16	61	0.0032031
16	62	0.0036663
16	63	0.0035796
16	64	0.0025256
16	65	0.0043643
16	66	0.0036231
16	67	0.0034913
16	68	0.0040786
16	69	0.0021166
16	70	0.0041134
16	71	0.00235
16	72	0.003178
16	73	0.0047834
16	74	0.0037182
16	75	0.0066526
16	76	0.0027745
16	77	0.0026401
16	78	0.0038491
16	79	0.0039145
16	80	0.0029717
16	81	0.0046285
16	82	0.0032885
16	83	0.0015551
17	18	0.11158
17	19	0.045962
17	20	0.022385
17	21	0.006317
17	22	0.0014597
17	23	0.0041878
17	24	0.0044476
17	25	0.007592
17	26	0.012726
17	27	0.012229
17	28	0.014884
17	29	0.011106
17	30	0.0073406
17	31	0.0061502
17	32	0.004102
17	33	0.0041748
17	34	0.009382
17	35	0.0076514
17	36	0.0066183
17	37	0.0046902
17	38	0.0039141
17	39	0.00067012
17	40	0.0027226
17	41	0.0027884
17	42	0.0049369
17	43	0.0034729
17	44	0.0028351
17	45	0
17	46	0.002122
17	47	0
17	48	0.0021195
17	49	0.0029617
17	50	0.0016675
17	51	0.003621
17	52	0.0036103
17	53	0.0034566
17	54	0.0010849
17	55	0.002024
17	56	0.00050649
17	57	0.0027385
17	58	0.0017327
17	59	0.00049357
17	60	0.0024559
17	61	0.0032299
17	62	0.0040163
17	63	0.0008021
17	64	0.0022637
17	65	0.0019559
17	66	0.0040594
17	67	0.0031294
17	68	0.0032902
17	69	0.0030355
17	70	0.0053256
17	71	0.0021064
17	72	0.0024925
17	73	0.0035729
17	74	0.0037031
17	75	0.0043937
17	76	0.0040412
17	77	0.0027045
17	78	0.0055202
17	79	0.0031578
17	80	0.0039954
17	81	0.0030171
17	82	0.0033158
17	83	0.0013937
18	19	0.061777
18	20	0.026387
18	21	0.010133
18	22	0.0030543
18	23	0.0019915
18	24	0.0041877
18	25	0.0044125
18	26	0.012944
18	27	0.02121
18	28	0.022002
18	29	0.0076441
18	30	0.0087268
18	31	0.0056772
18	32	0.0066022
18	33	0.0063834
18	34	0.0085065
18	35	0.0097448
18	36	0.0073311
18	37	0.0056077
18	38	0.0023886
18	39	0.0021032
18	40	0.0024923
18	41	0.0022689
18	42	0.0037875
18	43	0.0029066
18	44	0.0032955
18	45	0.0024541
18	46	0.00185
18	47	0.0043365
18	48	0.0036956
18	49	0.0023238
18	50	0.00034889
18	51	0.0011365
18	52	0.0022662
18	53	0.0012054
18	54	0.0026484
18	55	0.0010587
18	56	0.0010598
18	57	0.0020464
18	58	0.0013595
18	59	0.0010327
18	60	0.0040374
18	61	0.0022527
18	62	0.0026739
18	63	0
18	64	0.0035523
18	65	0.005627
18	66	0.0016987
18	67	0.0052381
18	68	0.0068842
18	69	0.0043665
18	70	0.0025715
18	71	0.00044072
18	72	0.0029801
18	73	0.0041117
18	74	0.0073607
18	75	0.0036116
18	76	0.0061791
18	77	0.0028293
18	78	0.0072188
18	79	0.0040377
18	80	0.0076631
18	81	0.0031564
18	82	0.0011563
18	83	0.0029161
19	20	0.10171
19	21	0.027339
19	22	0.0068035
19	23	0.0072244
19	24	0.0035536
19	25	0.013059
19	26	0.020479
19	27	0.0086792
19	28	0.011635
19	29	0.01226
19	30	0.010997
19	31	0.0065034
19	32	0.0069326
19	33	0.0073764
19	34	0.0084329
19	35	0.0066447
19	36	0.007776
19	37	0.0046839
19	38	0.0052116
19	39	0.0043498
19	40	0.0037384
19	41	0.004641
19	42	0.0032867
19	43	0.003815
19	44	0.0037749
19	45	0.00093703
19	46	0.001766
19	47	0.0028976
19	48	0.0038805
19	49	0.0040669
19	50	0.0026644
19	51	0.0036161
19	52	0.0046872
19	53	0.002685
19	54	0.002167
19	55	0.0020214
19	56	0.0025293
19	57	0.0027351
19	58	0.0021632
19	59	0.0034506
19	60	0.0028031
19	61	0.0035842
19	62	0.003282
19	63	0.0016023
19	64	0.0041449
19	65	0.0029302
19	66	0.0040542
19	67	0.0053132
19	68	0.0025558
19	69	0.0037895
19	70	0.0016365
19	71	0.0016829
19	72	0.0039116
19	73	0.0035683
19	74	0.0040681
19	75	0.0028208
19	76	0.0031045
19	77	0.0037136
19	78	0.0034455
19	79	0.0021024
19	80	0.0043228
19	81	0.0026367
19	82	0.005152
19	83	0.0055694
20	21	0.076672
20	22	0.01812
20	23	0.0082703
20	24	0.010122
20	25	0.012217
20	26	0.011337
20	27	0.010322
20	28	0.0087037
20	29	0.0090701
20	30	0.011045
20	31	0.010852
20	32	0.010444
20	33	0.011958
20	34	0.0077637
20	35	0.0082585
20	36	0.0092618
20	37	0.0045046
20	38	0.0043856
20	39	0.0058912
20	40	0.0045758
20	41	0.0051271
20	42	0.0054465
20	43	0.0057473
20	44	0.0055386
20	45	0.0033967
20	46	0.0029265
20	47	0.0025724
20	48	0.0025576
20	49	0.0011488
20	50	0.0041393
20	51	0.0041198
20	52	0.0029875
20	53	0.0039727
20	54	0.004863
20	55	0.0015702
20	56	0.0010479
20	57	0.0032376
20	58	0.0013443
20	59	0.0015317
20	60	0.0021775
20	61	0.0037123
20	62	0.0030217
20	63	0.0016596
20	64	0.0042931
20	65	0.0035407
20	66	0.0041991
20	67	0.0019422
20	68	0.0041597
20	69	0.003925
20	70	0.0038138
20	71	0.0021788
20	72	0.0029464
20	73	0.0048045
20	74	0.0061286
20	75	0.0035709
20	76	0.0028938
20	77	0.0034966
20	78	0.0028549
20	79	0.0029034
20	80	0.0024108
20	81	0.0042916
20	82	0.0026682
20	83	0.005769
21	22	0.092102
21	23	0.032612
21	24	0.022122
21	25	0.026806
21	26	0.015143
21	27	0.0026686
21	28	0.0017886
21	29	0.0080763
21	30	0.0082977
21	31	0.0054976
21	32	0.0056666
21	33	0.0062109
21	34	0.0030244
21	35	0.0032171
21	36	0.0032269
21	37	0.0050906
21	38	0.0045054
21	39	0.0050909
21	40	0.0094017
21	41	0.0047076
21	42	0.0040916
21	43	0.0028784
21	44	0.0060917
21	45	0.0064806
21	46	0.0053742
21	47	0.0040081
21	48	0.0034157
21	49	0.0046028
21	50	0.0027642
21	51	0.005002
21	52	0.0029926
21	53	0.0047752
21	54	0.003997
21	55	0.009088
21	56	0.0048987
21	57	0.0027028
21	58	0.0059849
21	59	0.0054553
21	60	0.003393
21	61	0.0024791
21	62	0.0040359
21	63	0.0011084
21	64	0.0041702
21	65	0.003378
21	66	0.0061692
21	67	0.0012971
21	68	0.0010102
21	69	0.0015727
21	70	0.0039618
21	71	0.0098938
21	72	0.0044272
21	73	0.0014808
21	74	0.0035811
21	75	0.0017343
21	76	0.0017178
21	77	0.0023349
21	78	0.0028597
21	79	0.0014542
21	80	0.0023
21	81	0.0020844
21	82	0.0020366
21	83	0.0038534
22	23	0.11973
22	24	0.05396
22	25	0.028279
22	26	0.0095948
22	27	0.0015417
22	28	0.0025832
22	29	0.0055989
22	30	0.0058589
22	31	0.0040422
22	32	0.0050364
22	33	0.0041006
22	34	0.004992
22	35	0.0031861
22	36	0.0018642
22	37	0.0048123
22	38	0.0057262
22	39	0.0026737
22	40	0.0086902
22	41	0.0034613
22	42	0.0010505
22	43	0.0038801
22	44	0.0080438
22	45	0.0089852
22	46	0.01129
22	47	0.0059541
22	48	0.002819
22	49	0.0041363
22	50	0.0031937
22	51	0.0046235
22	52	0.0011525
22	53	0.0030652
22	54	0.0023091
22	55	0.005654
22	56	0.0040429
22	57	0.005621
22	58	0.004149
22	59	0.0031515
22	60	0.0022402
22	61	0.0045831
22	62	0.0011658
22	63	0.0012806
22	64	0.0036138
22	65	0.0015612
22	66	0.003888
22	67	0.00049955
22	68	0.0017507
22	69	0.0018171
22	70	0.0039236
22	71	0.0033622
22	72	0.0017051
22	73	0.0017109
22	74	0.0029554
22	75	0.00050095
22	76	0.0014885
22	77	0.0010791
22	78	0.0016521
22	79	0.0011201
22	80	0.0031889
22	81	0.0012042
22	82	0.0017648
22	83	0.0022261
23	24	0.1511
23	25	0.033716
23	26	0.014131
23	27	0.0036187
23	28	0.0032339
23	29	0.0080312
23	30	0.0058343
23	31	0.007229
23	32	0.0055168
23	33	0.0048126
23	34	0.0019529
23	35	0.0029083
23	36	0.0014586
23	37	0.0058571
23	38	0.004073
23	39	0.0058574
23	40	0.0076493
23	41	0.0042558
23	42	0.0041098
23	43	0.0043369
23	44	0.0059003
23	45	0.0087878
23	46	0.011925
23	47	0.0062115
23	48	0.0022056
23	49	0.0046234
23	50	0.0074965
23	51	0.0058785
23	52	0.0031562
23	53	0.0038372
23	54	0.0031617
23	55	0.0063198
23	56	0.0037959
23	57	0.0034207
23	58	0.0048694
23	59	0.0055481
23	60	0.0030674
23	61	0.0053788
23	62	0.0036486
23	63	0.001002
23	64	0.001885
23	65	0.0030538
23	66	0.0055771
23	67	0.0015634
23	68	0.0027396
23	69	0.00047392
23	70	0.0020466
23	71	0.0052613
23	72	0.0026681
23	73	0.0031236
23	74	0.0023124
23	75	0.0027437
23	76	0.00038822
23	77	0.0016887
23	78	0.00043087
23	79	0
23	80	0.0012475
23	81	0.0023554
23	82	0.003222
23	83	0
24	25	0.093547
24	26	0.015993
24	27	0.00046972
24	28	0.0042502
24	29	0.0046912
24	30	0.0029211
24	31	0.011084
24	32	0.009207
24	33	0.0060908
24	34	0.0041067
24	35	0.0033976
24	36	0.004544
24	37	0.0048874
24	38	0.0042823
24	39	0.0048877
24	40	0.005461
24	41	0.0049717
24	42	0.0028807
24	43	0.0025332
24	44	0.0073524
24	45	0.0068441
24	46	0.0046437
24	47	0.0036282
24	48	0.0051534
24	49	0.0070215
24	50	0.0043788
24	51	0.0026413
24	52	0.0026337
24	53	0.0028017
24	54	0.0031659
24	55	0.0029532
24	56	0.013303
24	57	0.0062797
24	58	0.0075848
24	59	0.0072017
24	60	0.0035834
24	61	0.0057601
24	62	0.0015984
24	63	0.0035117
24	64	0.0033032
24	65	0.001427
24	66	0.0047384
24	67	0.00091322
24	68	0.0010668
24	69	0.0011073
24	70	0.0059773
24	71	0.0043025
24	72	0.0015585
24	73	0.0020852
24	74	0.0010806
24	75	0.00091578
24	76	0.0018141
24	77	0.0014796
24	78	0
24	79	0.0010238
24	80	0.0019432
24	81	0.0027517
24	82	0.0016132
24	83	0
25	26	0.046967
25	27	0.0044545
25	28	0.0062698
25	29	0.013751
25	30	0.0092338
25	31	0.0085094
25	32	0.013097
25	33	0.008442
25	34	0.0034618
25	35	0.0036824
25	36	0.0070025
25	37	0.0092699
25	38	0.0072198
25	39	0.0097341
25	40	0.0061205
25	41	0.0081439
25	42	0.0031872
25	43	0.0076876
25	44	0.0074084
25	45	0.0071396
25	46	0.0034252
25	47	0.0091755
25	48	0.0043984
25	49	0.0066588
25	50	0.0036912
25	51	0.0040078
25	52	0.00099906
25	53	0.0047826
25	54	0.0065051
25	55	0.0056012
25	56	0.0035045
25	57	0.0064966
25	58	0.0041959
25	59	0.0047807
25	60	0.0029128
25	61	0.0059591
25	62	0.0020211
25	63	0.0022202
25	64	0.0041767
25	65	0.0027065
25	66	0.0044936
25	67	0.0012991
25	68	0
25	69	0.0031502
25	70	0.0034011
25	71	0.0034973
25	72	0.004434
25	73	0.0024718
25	74	0.0010247
25	75	0.0030396
25	76	0.0025806
25	77	0.00093541
25	78	0.001432
25	79	0.00097093
25	80	0.004607
25	81	0.0010438
25	82	0.0035695
25	83	0
26	27	0.06384
26	28	0.040538
26	29	0.035597
26	30	0.023221
26	31	0.027275
26	32	0.018299
26	33	0.010802
26	34	0.0094312
26	35	0.0077171
26	36	0.0099341
26	37	0.0093254
26	38	0.0075659
26	39	0.0042746
26	40	0.0043417
26	41	0.004312
26	42	0.0030537
26	43	0.0068475
26	44	0.0029227
26	45	0.0032648
26	46	0.0032816
26	47	0.0043268
26	48	0.0032777
26	49	0.0038645
26	50	0.003868
26	51	0.0033598
26	52	0.00335
26	53	0.0031183
26	54	0.0037752
26	55	0.0017607
26	56	0.0017625
26	57	0.0027228
26	58	0.0020098
26	59	0.0040075
26	60	0.00081389
26	61	0.0037464
26	62	0.0029647
26	63	0
26	64	0.003501
26	65	0.0056718
26	66	0.0051794
26	67	0.0047187
26	68	0.0046644
26	69	0.003961
26	70	0.0033262
26	71	0.0073294
26	72	0.0045429
26	73	0.0045586
26	74	0.0030066
26	75	0.0029121
26	76	0.0025239
26	77	0.0031367
26	78	0.004802
26	79	0.0036627
26	80	0.0054067
26	81	0.006562
26	82	0.0042739
26	83	0.0048512
27	28	0.11891
27	29	0.036423
27	30	0.02502
27	31	0.010699
27	32	0.0046658
27	33	0.005427
27	34	0.015194
27	35	0.011595
27	36	0.0090459
27	37	0.006723
27	38	0.0048232
27	39	0.0038929
27	40	0.0021568
27	41	0.0049087
27	42	0.0041716
27	43	0.0029345
27	44	0.0013309
27	45	0
27	46	0.0011206
27	47	0.0013134
27	48	0.0011193
27	49	0.0019551
27	50	0.0017612
27	51	0.0015298
27	52	0.0026691
27	53	0.0012169
27	54	0.0019097
27	55	0
27	56	0.00053491
27	57	0.0028921
27	58	0.00183
27	59	0.0015638
27	60	0.00074107
27	61	0.0015161
27	62	0.0046273
27	63	0.0016941
27	64	0.0031876
27	65	0.0056805
27	66	0.004716
27	67	0.0056185
27	68	0.010811
27	69	0.0060109
27	70	0.0017307
27	71	0.0013348
27	72	0.0022564
27	73	0.0030189
27	74	0.0043021
27	75	0.004972
27	76	0.0045966
27	77	0.0060699
27	78	0.0098386
27	79	0.0077821
27	80	0.0017582
27	81	0.0031864
27	82	0.0038906
27	83	0.0029432
28	29	0.074169
28	30	0.030468
28	31	0.015749
28	32	0.009381
28	33	0.0068197
28	34	0.012286
28	35	0.013069
28	36	0.0049604
28	37	0.0071143
28	38	0.0038096
28	39	0.0028461
28	40	0.0032522
28	41	0.0032897
28	42	0.004543
28	43	0.0018437
28	44	0.0010034
28	45	0.00099629
28	46	0.00037553
28	47	0.0026407
28	48	0.0018754
28	49	0.0011793
28	50	0.003541
28	51	0.0030758
28	52	0.0026834
28	53	0.0024468
28	54	0.0034559
28	55	0.0016118
28	56	0.0010756
28	57	0.0012462
28	58	0.0013798
28	59	0.0010481
28	60	0.0029802
28	61	0.0026674
28	62	0.0031015
28	63	0.002555
28	64	0.0024036
28	65	0.0031151
28	66	0.0034482
28	67	0.0063131
28	68	0.01048
28	69	0.0048345
28	70	0.0034798
28	71	0.0013419
28	72	0.0030246
28	73	0.0011381
28	74	0.0031455
28	75	0.0046652
28	76	0.0042909
28	77	0.0050252
28	78	0.0062276
28	79	0.008196
28	80	0.0042423
28	81	0.0052058
28	82	0.0027383
28	83	0.0029597
29	30	0.098218
29	31	0.04752
29	32	0.028437
29	33	0.018165
29	34	0.013194
29	35	0.010845
29	36	0.010451
29	37	0.0086718
29	38	0.0071917
29	39	0.0067452
29	40	0.0048937
29	41	0.0047523
29	42	0.0075723
29	43	0.0046612
29	44	0.0033218
29	45	0.0031483
29	46	0.0016953
29	47	0.0011922
29	48	0.0057571
29	49	0.0035494
29	50	0.003517
29	51	0.0048601
29	52	0.0027692
29	53	0.0044188
29	54	0.0038142
29	55	0.0019407
29	56	0.00097137
29	57	0.0026261
29	58	0.0029075
29	59	0.0033128
29	60	0.003364
29	61	0.0024088
29	62	0.0045516
29	63	0.0023077
29	64	0.0018089
29	65	0.0028132
29	66	0.0062277
29	67	0.0060012
29	68	0.0021032
29	69	0.0036382
29	70	0.0062847
29	71	0.0048469
29	72	0.0051209
29	73	0.0054811
29	74	0.0035505
29	75	0.0027081
29	76	0.0020863
29	77	0.003241
29	78	0.0036386
29	79	0.0043732
29	80	0.0025539
29	81	0.0050631
29	82	0.006007
29	83	0.0080229
30	31	0.1077
30	32	0.029008
30	33	0.016167
30	34	0.018826
30	35	0.0087386
30	36	0.011504
30	37	0.0091657
30	38	0.0064247
30	39	0.0069663
30	40	0.0040965
30	41	0.0040685
30	42	0.0061227
30	43	0.0045607
30	44	0.0058601
30	45	0.002567
30	46	0.0019353
30	47	0.0049898
30	48	0.0038658
30	49	0.0032414
30	50	0.0025548
30	51	0.0039628
30	52	0.005532
30	53	0.0046239
30	54	0.0055415
30	55	0.0022154
30	56	0.0022178
30	57	0.0012848
30	58	0.002845
30	59	0.0010805
30	60	0.0046083
30	61	0.0027498
30	62	0.0015988
30	63	0.00087815
30	64	0.002478
30	65	0.0058878
30	66	0.002666
30	67	0.0061657
30	68	0.0048018
30	69	0.003738
30	70	0.0031388
30	71	0.0032276
30	72	0.0023383
30	73	0.0046927
30	74	0.0056742
30	75	0.0041219
30	76	0.0023815
30	77	0.0044396
30	78	0.0041535
30	79	0.0023041
30	80	0.0058309
30	81	0.0045414
30	82	0.0032272
30	83	0
31	32	0.078621
31	33	0.032769
31	34	0.01336
31	35	0.0086845
31	36	0.0087768
31	37	0.0091418
31	38	0.010834
31	39	0.0075522
31	40	0.008882
31	41	0.0077187
31	42	0.0046854
31	43	0.0065925
31	44	0.0029896
31	45	0.0038961
31	46	0.0058746
31	47	0.0029506
31	48	0.00461
31	49	0.0039533
31	50	0.0027698
31	51	0.0021481
31	52	0.0021419
31	53	0.0041015
31	54	0.0030039
31	55	0.0036028
31	56	0.0060112
31	57	0.0037146
31	58	0.0025704
31	59	0.0052714
31	60	0.0058288
31	61	0.0021294
31	62	0.0052002
31	63	0.0019042
31	64	0.001791
31	65	0.0029015
31	66	0.0038538
31	67	0.0033423
31	68	0.0017353
31	69	0.0022514
31	70	0.0053475
31	71	0.003999
31	72	0.002535
31	73	0.0021198
31	74	0.0048335
31	75	0.0044687
31	76	0.0025819
31	77	0.0024065
31	78	0.0016374
31	79	0.00083265
31	80	0.0063216
31	81	0.0035809
31	82	0.005686
31	83	0
32	33	0.078094
32	34	0.025893
32	35	0.017214
32	36	0.01813
32	37	0.014559
32	38	0.014174
32	39	0.01248
32	40	0.013028
32	41	0.0086552
32	42	0.0088536
32	43	0.0068277
32	44	0.0052147
32	45	0.0029125
32	46	0.0069533
32	47	0.0060046
32	48	0.0051171
32	49	0.0034479
32	50	0.0034509
32	51	0.005995
32	52	0.0048571
32	53	0.0063593
32	54	0.0048656
32	55	0.0047133
32	56	0.0010486
32	57	0.0036447
32	58	0.0026902
32	59	0.0051084
32	60	0.0072624
32	61	0.0029715
32	62	0.0060473
32	63	0.00083042
32	64	0.0039052
32	65	0.004049
32	66	0.0079827
32	67	0.0038868
32	68	0.0026486
32	69	0.0027491
32	70	0.0059358
32	71	0.0047957
32	72	0.0025794
32	73	0.0040674
32	74	0.0019162
32	75	0.0025983
32	76	0.0016084
32	77	0.0027984
32	78	0.0032132
32	79	0.0021786
32	80	0.0037905
32	81	0.0050752
32	82	0.0049593
32	83	0
33	34	0.074446
33	35	0.024177
33	36	0.033623
33	37	0.021521
33	38	0.016143
33	39	0.011643
33	40	0.012542
33	41	0.0061988
33	42	0.0058916
33	43	0.0076803
33	44	0.0079608
33	45	0.0039523
33	46	0.0070767
33	47	0.0043651
33	48	0.002976
33	49	0.0077979
33	50	0.0056195
33	51	0.0061013
33	52	0.0049433
33	53	0.0040451
33	54	0.0041901
33	55	0.003731
33	56	0.0053359
33	57	0.0049459
33	58	0.0031942
33	59	0.0041593
33	60	0.0029565
33	61	0.0041584
33	62	0.0053853
33	63	0.0033806
33	64	0.0051669
33	65	0.0036058
33	66	0.006414
33	67	0.004615
33	68	0.0019254
33	69	0.0019985
33	70	0.0038836
33	71	0.0035497
33	72	0.0030002
33	73	0.0037632
33	74	0.0035103
33	75	0.0039666
33	76	0.001637
33	77	0.0028481
33	78	0.0029069
33	79	0.0022173
33	80	0.0045592
33	81	0.0031786
33	82	0.0050474
33	83	0.0044087
34	35	0.063474
34	36	0.055909
34	37	0.022679
34	38	0.011039
34	39	0.0092782
34	40	0.0069807
34	41	0.0076263
34	42	0.01384
34	43	0.0092614
34	44	0.0025846
34	45	0.0019247
34	46	0.0025393
34	47	0.0025509
34	48	0.0032608
34	49	0.0049366
34	50	0.0064994
34	51	0.00074281
34	52	0.0074069
34	53	0.0047276
34	54	0.0063068
34	55	0.0025955
34	56	0.00051966
34	57	0.0032112
34	58	0.0048885
34	59	0.0020254
34	60	0.0039592
34	61	0.0036817
34	62	0.00487
34	63	0.0032922
34	64	0.0034837
34	65	0.00301
34	66	0.0041645
34	67	0.0041736
34	68	0.0060007
34	69	0.0066175
34	70	0.0029418
34	71	0.003025
34	72	0.0040178
34	73	0.0036652
34	74	0.0049383
34	75	0.0051509
34	76	0.0038264
34	77	0.0031207
34	78	0.0063701
34	79	0.0053988
34	80	0.0058066
34	81	0.0058043
34	82	0.0034029
34	83	0.0028619
35	36	0.10535
35	37	0.021931
35	38	0.016724
35	39	0.0087727
35	40	0.0077967
35	41	0.0054081
35	42	0.0050268
35	43	0.0094726
35	44	0.0058422
35	45	0.0066539
35	46	0.0042446
35	47	0.0018089
35	48	0.0046248
35	49	0.0012118
35	50	0.0029109
35	51	0.0031606
35	52	0.0031515
35	53	0.0041907
35	54	0.003157
35	55	0.0049696
35	56	0.0022111
35	57	0.0025619
35	58	0.0018909
35	59	0.0037703
35	60	0.0038286
35	61	0.0035247
35	62	0.0047819
35	63	0.0061286
35	64	0.0057645
35	65	0.0037355
35	66	0.0044298
35	67	0.004781
35	68	0.0079788
35	69	0.0028985
35	70	0.0058115
35	71	0.0036775
35	72	0.0015541
35	73	0.0019493
35	74	0.0028285
35	75	0.0034245
35	76	0.0040702
35	77	0.0062702
35	78	0.0026351
35	79	0.0038285
35	80	0.0054499
35	81	0.0045277
35	82	0.0064351
35	83	0.0030443
36	37	0.068008
36	38	0.029564
36	39	0.015398
36	40	0.012165
36	41	0.01503
36	42	0.011344
36	43	0.0097546
36	44	0.0048257
36	45	0.0011979
36	46	0.0036124
36	47	0.0015876
36	48	0.0063139
36	49	0.0037815
36	50	0.0038322
36	51	0.0036985
36	52	0.0046099
36	53	0.0034328
36	54	0.0055416
36	55	0.0045231
36	56	0.0025875
36	57	0.0034976
36	58	0.005532
36	59	0.0037818
36	60	0.0053764
36	61	0.004583
36	62	0.0051296
36	63	0.0040983
36	64	0.0048184
36	65	0.0024979
36	66	0.0051839
36	67	0.0051953
36	68	0.0042016
36	69	0.0048456
36	70	0.0047082
36	71	0.0037655
36	72	0.0045466
36	73	0.0031936
36	74	0.0047285
36	75	0.0056103
36	76	0.0039691
36	77	0.0047477
36	78	0.0039647
36	79	0.0035841
36	80	0.0055273
36	81	0.0033718
36	82	0.0051774
36	83	0.0017814
37	38	0.11895
37	39	0.026866
37	40	0.020559
37	41	0.014634
37	42	0.015907
37	43	0.0087746
37	44	0.0083042
37	45	0.0061841
37	46	0.0058278
37	47	0.0031874
37	48	0.0065967
37	49	0.0048806
37	50	0.0051291
37	51	0.0063646
37	52	0.0071399
37	53	0.0071733
37	54	0.0059603
37	55	0.00556
37	56	0.0033398
37	57	0.0047295
37	58	0.0076162
37	59	0.0037964
37	60	0.0050117
37	61	0.0059153
37	62	0.0056178
37	63	0.0079349
37	64	0.0058046
37	65	0.0037614
37	66	0.0057987
37	67	0.0041265
37	68	0.0024102
37	69	0.0033356
37	70	0.0049515
37	71	0.0046286
37	72	0.0046945
37	73	0.0043182
37	74	0.0012206
37	75	0.0065514
37	76	0.0023906
37	77	0.0025996
37	78	0.00075807
37	79	0.0042404
37	80	0.0032926
37	81	0.0033158
37	82	0.0040503
37	83	0
38	39	0.076669
38	40	0.032023
38	41	0.018884
38	42	0.019708
38	43	0.016713
38	44	0.011115
38	45	0.0030101
38	46	0.0041605
38	47	0.0062058
38	48	0.0060441
38	49	0.0091067
38	50	0.0064199
38	51	0.0096811
38	52	0.0069508
38	53	0.0061618
38	54	0.0065762
38	55	0.003789
38	56	0.0027095
38	57	0.0079532
38	58	0.0060245
38	59	0.0047519
38	60	0.0041284
38	61	0.0072944
38	62	0.0042973
38	63	0.0051502
38	64	0.0040365
38	65	0.0052314
38	66	0.0043425
38	67	0.003013
38	68	0.0031286
38	69	0.004871
38	70	0.003944
38	71	0.0040554
38	72	0.0049511
38	73	0.0034395
38	74	0.0019805
38	75	0.0020141
38	76	0.0033247
38	77	0.0014461
38	78	0.002214
38	79	0.0045034
38	80	0.002137
38	81	0.0020176
38	82	0.0023661
38	83	0.0029856
39	40	0.10504
39	41	0.040498
39	42	0.02386
39	43	0.01526
39	44	0.012802
39	45	0.0066994
39	46	0.01049
39	47	0.0086515
39	48	0.0046565
39	49	0.008948
39	50	0.0084266
39	51	0.0063647
39	52	0.0043634
39	53	0.0075955
39	54	0.0075501
39	55	0.0066724
39	56	0.0044534
39	57	0.0047299
39	58	0.0033323
39	59	0.0054237
39	60	0.0088673
39	61	0.0082818
39	62	0.0028091
39	63	0.003527
39	64	0.0037318
39	65	0.0075234
39	66	0.005799
39	67	0.0058462
39	68	0.0036155
39	69	0.0029188
39	70	0.0045016
39	71	0.0032401
39	72	0.0039122
39	73	0.0023555
39	74	0.0016275
39	75	0.0051723
39	76	0.0010246
39	77	0.002971
39	78	0.0026533
39	79	0.0026985
39	80	0.0029269
39	81	0.0037306
39	82	0.0020254
39	83	0.003067
40	41	0.083306
40	42	0.025336
40	43	0.022475
40	44	0.019329
40	45	0.013086
40	46	0.01026
40	47	0.0078624
40	48	0.011036
40	49	0.0099148
40	50	0.0074426
40	51	0.0060606
40	52	0.0092668
40	53	0.0055718
40	54	0.0092831
40	55	0.007342
40	56	0.0028271
40	57	0.0065512
40	58	0.0043517
40	59	0.0060598
40	60	0.0070486
40	61	0.0052074
40	62	0.0044837
40	63	0.0053736
40	64	0.0037904
40	65	0.0049125
40	66	0.0040778
40	67	0.0020958
40	68	0.00040804
40	69	0.0012706
40	70	0.0036578
40	71	0.0061119
40	72	0.0087421
40	73	0.0027912
40	74	0.0024796
40	75	0.0028019
40	76	0.0010407
40	77	0.0011316
40	78	0.00231
40	79	0.0031325
40	80	0.0055742
40	81	0.0029472
40	82	0.0024687
40	83	0
41	42	0.10764
41	43	0.042687
41	44	0.020797
41	45	0.0081013
41	46	0.0086227
41	47	0.010527
41	48	0.0089708
41	49	0.0097788
41	50	0.0084698
41	51	0.0062534
41	52	0.0080698
41	53	0.0054629
41	54	0.0091864
41	55	0.0077125
41	56	0.0025738
41	57	0.005169
41	58	0.006603
41	59	0.0055169
41	60	0.0067736
41	61	0.0054702
41	62	0.0033398
41	63	0.0040768
41	64	0.0053679
41	65	0.0059631
41	66	0.0057749
41	67	0.003498
41	68	0.0033433
41	69	0.0065548
41	70	0.0049952
41	71	0.0059924
41	72	0.0036177
41	73	0.0047193
41	74	0.0048912
41	75	0.0044641
41	76	0.0028424
41	77	0.0027473
41	78	0.0017526
41	79	0.0053472
41	80	0.0033832
41	81	0.0030664
41	82	0.0022475
41	83	0.0028359
42	43	0.098561
42	44	0.019713
42	45	0.0086058
42	46	0.0061064
42	47	0.0098402
42	48	0.0099106
42	49	0.0079906
42	50	0.0082775
42	51	0.009378
42	52	0.015196
42	53	0.0062176
42	54	0.0070261
42	55	0.0076466
42	56	0.00054681
42	57	0.0076028
42	58	0.0056114
42	59	0.004795
42	60	0.009089
42	61	0.0050361
42	62	0.0074897
42	63	0.0051968
42	64	0.0057022
42	65	0.0068623
42	66	0.0035055
42	67	0.0047293
42	68	0.0043408
42	69	0.0032767
42	70	0.0035375
42	71	0.0045468
42	72	0.0030744
42	73	0.00617
42	74	0.0059951
42	75	0.002371
42	76	0.0023484
42	77	0.003648
42	78	0.0018617
42	79	0.0030294
42	80	0.0032345
42	81	0.0044789
42	82	0.0027854
42	83	0.0015063
43	44	0.063487
43	45	0.014958
43	46	0.0096662
43	47	0.0118
43	48	0.010459
43	49	0.014335
43	50	0.015951
43	51	0.012371
43	52	0.015214
43	53	0.010936
43	54	0.010298
43	55	0.010951
43	56	0.0063472
43	57	0.007577
43	58	0.0093756
43	59	0.0067466
43	60	0.0039964
43	61	0.0077672
43	62	0.0033278
43	63	0.012795
43	64	0.0060173
43	65	0.0055704
43	66	0.0036992
43	67	0.0039212
43	68	0.0024985
43	69	0.0056189
43	70	0.003733
43	71	0.0052779
43	72	0.0064886
43	73	0.0040694
43	74	0.0046394
43	75	0.0046468
43	76	0.0014161
43	77	0.0030798
43	78	0.0023575
43	79	0.0031969
43	80	0.0034132
43	81	0.002578
43	82	0.0020994
43	83	0.0015893
44	45	0.13179
44	46	0.035798
44	47	0.024402
44	48	0.013499
44	49	0.014148
44	50	0.011022
44	51	0.012716
44	52	0.0052212
44	53	0.0083312
44	54	0.0067247
44	55	0.0073186
44	56	0.0041869
44	57	0.0056596
44	58	0.008056
44	59	0.0091786
44	60	0.0057994
44	61	0.0025954
44	62	0.0083003
44	63	0.001658
44	64	0.0038983
44	65	0.0035366
44	66	0.0033551
44	67	0.0025865
44	68	0.0022661
44	69	0.0015681
44	70	0.0025393
44	71	0.0082684
44	72	0.0044138
44	73	0.00406
44	74	0.0022952
44	75	0.0035661
44	76	0.0019266
44	77	0.00034915
44	78	0.0010691
44	79	0.0018122
44	80	0.0017199
44	81	0.0015588
44	82	0.0038084
44	83	0
45	46	0.13166
45	47	0.032518
45	48	0.018475
45	49	0.014808
45	50	0.0071824
45	51	0.0094693
45	52	0.0022218
45	53	0.011818
45	54	0.0072335
45	55	0.0085645
45	56	0.012472
45	57	0.006623
45	58	0.0046661
45	59	0.0091136
45	60	0.0064782
45	61	0.0022089
45	62	0.0028096
45	63	0.003704
45	64	0.0046448
45	65	0.0030099
45	66	0.0043724
45	67	0.0024077
45	68	0.001125
45	69	0.0011677
45	70	0.005673
45	71	0.0064815
45	72	0.0032869
45	73	0.0010994
45	74	0.0017092
45	75	0.00096569
45	76	0.00095647
45	77	0.00052003
45	78	0.00053077
45	79	0.00053981
45	80	0.00051231
45	81	0.00058042
45	82	0.0017016
45	83	0.0021471
46	47	0.12691
46	48	0.027037
46	49	0.022327
46	50	0.0096694
46	51	0.0088188
46	52	0.0025125
46	53	0.006682
46	54	0.0083898
46	55	0.0088046
46	56	0.0076392
46	57	0.0090781
46	58	0.010051
46	59	0.0091609
46	60	0.0061048
46	61	0.0041632
46	62	0.0050834
46	63	0.0018615
46	64	0.0052525
46	65	0.0022691
46	66	0.0051799
46	67	0.0021782
46	68	0.00084816
46	69	0.0022009
46	70	0.0057025
46	71	0.0048864
46	72	0.001239
46	73	0.0016577
46	74	0.0030067
46	75	0.00072804
46	76	0.00072109
46	77	0.0011762
46	78	0
46	79	0.0012209
46	80	0.0019311
46	81	0.0013127
46	82	0.0012828
46	83	0
47	48	0.092661
47	49	0.037741
47	50	0.019491
47	51	0.022639
47	52	0.0073616
47	53	0.0083532
47	54	0.010816
47	55	0.0096309
47	56	0.0096418
47	57	0.0090435
47	58	0.010601
47	59	0.012749
47	60	0.0076317
47	61	0.0078067
47	62	0.0029789
47	63	0.007636
47	64	0.0061559
47	65	0.0039891
47	66	0.0027594
47	67	0.00085093
47	68	0.0019881
47	69	0.0025794
47	70	0.0066832
47	71	0.0045814
47	72	0.0058083
47	73	0.0043713
47	74	0
47	75	0.00042662
47	76	0.0029578
47	77	0.0022974
47	78	0.0014069
47	79	0.00095391
47	80	0.0036212
47	81	0.0020513
47	82	0.0025057
47	83	0.0037939
48	49	0.10978
48	50	0.034767
48	51	0.020971
48	52	0.017148
48	53	0.018687
48	54	0.01215
48	55	0.015243
48	56	0.0035215
48	57	0.0072536
48	58	0.005521
48	59	0.010293
48	60	0.0077233
48	61	0.0049897
48	62	0.0050773
48	63	0.0055779
48	64	0.0056833
48	65	0.0079322
48	66	0.0018813
48	67	0.0025381
48	68	0.0012707
48	69	0.0017585
48	70	0.0047462
48	71	0.0034163
48	72	0.0057749
48	73	0.0033114
48	74	0.002145
48	75	0.0018178
48	76	0.0007202
48	77	0.0011747
48	78	0.0015986
48	79	0.0012194
48	80	0.0023145
48	81	0.0030593
48	82	0.0042708
48	83	0.0032332
49	50	0.073285
49	51	0.039125
49	52	0.020603
49	53	0.019119
49	54	0.015808
49	55	0.012903
49	56	0.0043059
49	57	0.0085525
49	58	0.0068386
49	59	0.0077916
49	60	0.010225
49	61	0.0091518
49	62	0.0053213
49	63	0.0058458
49	64	0.0054983
49	65	0.0065321
49	66	0.0064082
49	67	0.0026601
49	68	0.0022196
49	69	0.0032254
49	70	0.005472
49	71	0.0081842
49	72	0.0043234
49	73	0.0065075
49	74	0.0022482
49	75	0.00076212
49	76	0.002642
49	77	0.00082083
49	78	0.0016755
49	79	0.0021301
49	80	0.0036387
49	81	0.0045804
49	82	0.0013428
49	83	0.0016941
50	51	0.13662
50	52	0.037908
50	53	0.033185
50	54	0.02136
50	55	0.0077489
50	56	0.012745
50	57	0.0089882
50	58	0.0094773
50	59	0.010798
50	60	0.0065242
50	61	0.0094217
50	62	0.0099864
50	63	0.0087767
50	64	0.0078421
50	65	0.0058841
50	66	0.0053285
50	67	0.0037655
50	68	0.0031991
50	69	0.0024904
50	70	0.0076178
50	71	0.0032254
50	72	0.0089573
50	73	0.0039079
50	74	0.0020251
50	75	0.0024028
50	76	0.0050997
50	77	0.0003697
50	78	0.0026413
50	79	0.0023025
50	80	0.0021852
50	81	0.0028883
50	82	0.0032256
50	83	0
51	52	0.08146
51	53	0.040592
51	54	0.02491
51	55	0.01262
51	56	0.010228
51	57	0.0092944
51	58	0.008232
51	59	0.010552
51	60	0.013751
51	61	0.008951
51	62	0.006072
51	63	0.0057176
51	64	0.0067221
51	65	0.0046464
51	66	0.0062676
51	67	0.0014867
51	68	0.0039077
51	69	0.0031546
51	70	0.0063249
51	71	0.0065037
51	72	0.0046513
51	73	0.0059403
51	74	0.0021988
51	75	0.0040996
51	76	0.0029531
51	77	0.0024084
51	78	0.00081938
51	79	0.00083333
51	80	0.0023726
51	81	0.002688
51	82	0.00394
51	83	0.001657
52	53	0.097324
52	54	0.0394
52	55	0.019775
52	56	0.0089984
52	57	0.011121
52	58	0.017443
52	59	0.0099368
52	60	0.0099718
52	61	0.0097753
52	62	0.0090816
52	63	0.0085514
52	64	0.014299
52	65	0.0057912
52	66	0.0057689
52	67	0.0040767
52	68	0.00736
52	69	0.0044936
52	70	0.0043662
52	71	0.0059863
52	72	0.0029515
52	73	0.0033848
52	74	0.0039466
52	75	0.0040879
52	76	0.0018404
52	77	0.0036024
52	78	0.00081705
52	79	0.0020774
52	80	0.0031544
52	81	0.004467
52	82	0.0043648
52	83	0.0049559
53	54	0.092027
53	55	0.029961
53	56	0.019783
53	57	0.014295
53	58	0.013644
53	59	0.015545
53	60	0.007514
53	61	0.011755
53	62	0.008741
53	63	0.0040432
53	64	0.0085564
53	65	0.0080089
53	66	0.0066483
53	67	0.001577
53	68	0.0032239
53	69	0.0038243
53	70	0.0041287
53	71	0.0074295
53	72	0.005831
53	73	0.0045009
53	74	0.0032654
53	75	0.0051394
53	76	0.0011747
53	77	0.0029806
53	78	0.00086917
53	79	0.0022099
53	80	0.0025167
53	81	0.0038016
53	82	0.0027861
53	83	0.0017575
54	55	0.064829
54	56	0.018629
54	57	0.015317
54	58	0.018501
54	59	0.017566
54	60	0.016648
54	61	0.016178
54	62	0.0082308
54	63	0.0095177
54	64	0.0098475
54	65	0.0063813
54	66	0.003371
54	67	0.0048262
54	68	0.0047706
54	69	0.0040513
54	70	0.0063177
54	71	0.0059967
54	72	0.0059132
54	73	0.0029668
54	74	0.0021963
54	75	0.0022337
54	76	0.0033186
54	77	0.0044106
54	78	0.0028647
54	79	0.0012486
54	80	0.0035548
54	81	0.0031322
54	82	0.0026233
54	83	0.0049641
55	56	0.13453
55	57	0.025978
55	58	0.026605
55	59	0.022121
55	60	0.010483
55	61	0.00834
55	62	0.011517
55	63	0.0026634
55	64	0.0075156
55	65	0.0040585
55	66	0.0026953
55	67	0.0010389
55	68	0.0030341
55	69	0.0037791
55	70	0.0061199
55	71	0.0055938
55	72	0.002955
55	73	0.0017791
55	74	0.00061464
55	75	0.0031254
55	76	0.0020638
55	77	0.0011221
55	78	0.0011452
55	79	0
55	80	0.0022106
55	81	0.0018783
55	82	0.0018352
55	83	0
56	57	0.076066
56	58	0.04175
56	59	0.026245
56	60	0.0064129
56	61	0.0077526
56	62	0.007888
56	63	0.0039992
56	64	0.0068966
56	65	0.0040628
56	66	0.010793
56	67	0.00156
56	68	0.001215
56	69	0.001261
56	70	0.0054458
56	71	0.0105
56	72	0.0088747
56	73	0.0011874
56	74	0.0012306
56	75	0.0036503
56	76	0.001033
56	77	0.0022467
56	78	0
56	79	0.000583
56	80	0.0033196
56	81	0.0018802
56	82	0.0030617
56	83	0.0023171
57	58	0.10008
57	59	0.038644
57	60	0.019814
57	61	0.015201
57	62	0.0093735
57	63	0.011326
57	64	0.0082327
57	65	0.0075316
57	66	0.0036472
57	67	0.0040167
57	68	0.0018769
57	69	0.0038962
57	70	0.0042065
57	71	0.0091918
57	72	0.006855
57	73	0.0041272
57	74	0.0047528
57	75	0.0028196
57	76	0.0027928
57	77	0.0021693
57	78	0.002214
57	79	0.002702
57	80	0.0038461
57	81	0.0024205
57	82	0.0042568
57	83	0.0017897
58	59	0.073648
58	60	0.026923
58	61	0.01836
58	62	0.012973
58	63	0.0022802
58	64	0.0091152
58	65	0.0076441
58	66	0.0074994
58	67	0.0057814
58	68	0.00051952
58	69	0.0037746
58	70	0.0081502
58	71	0.0095781
58	72	0.0070836
58	73	0.0045695
58	74	0.0031573
58	75	0.0022298
58	76	0.003092
58	77	0.00096068
58	78	0.001961
58	79	0.0029915
58	80	0.0023657
58	81	0.0048241
58	82	0.0052372
58	83	0.0039638
59	60	0.072713
59	61	0.034284
59	62	0.019511
59	63	0.003897
59	64	0.010997
59	65	0.0087095
59	66	0.0078873
59	67	0.0020268
59	68	0.0011839
59	69	0.0055294
59	70	0.0086228
59	71	0.010913
59	72	0.0086473
59	73	0.0057848
59	74	0.0029977
59	75	0.0035568
59	76	0.0010065
59	77	0.0021891
59	78	0.0011171
59	79	0.00056806
59	80	0.0037736
59	81	0.0054965
59	82	0.0029836
59	83	0.0045165
60	61	0.12722
60	62	0.035723
60	63	0.016621
60	64	0.023016
60	65	0.012945
60	66	0.016352
60	67	0.0068434
60	68	0.0029453
60	69	0.0039304
60	70	0.01273
60	71	0.0092117
60	72	0.0065565
60	73	0.0078127
60	74	0.0038356
60	75	0.0046953
60	76	0.0039351
60	77	0.0031121
60	78	0.0027793
60	79	0.0032303
60	80	0.0072808
60	81	0.0065117
60	82	0.0093317
60	83	0.0064208
61	62	0.076094
61	63	0.036836
61	64	0.022655
61	65	0.017271
61	66	0.01386
61	67	0.0095792
61	68	0.0073168
61	69	0.0071476
61	70	0.0067521
61	71	0.014878
61	72	0.0075451
61	73	0.0058887
61	74	0.0078469
61	75	0.0033251
61	76	0.0047572
61	77	0.0027855
61	78	0.002843
61	79	0.0041305
61	80	0.0050958
61	81	0.0044406
61	82	0.0078099
61	83	0.0049259
62	63	0.11051
62	64	0.039774
62	65	0.02636
62	66	0.017992
62	67	0.011246
62	68	0.010072
62	69	0.006818
62	70	0.011287
62	71	0.008074
62	72	0.0051182
62	73	0.0098437
62	74	0.0044357
62	75	0.0075186
62	76	0.005213
62	77	0.0056688
62	78	0.0037193
62	79	0.0037825
62	80	0.0079768
62	81	0.0058736
62	82	0.0075043
62	83	0.005011
63	64	0.041705
63	65	0.023165
63	66	0.014957
63	67	0.008236
63	68	0.0057729
63	69	0.010985
63	70	0.0043127
63	71	0.0055435
63	72	0.0037484
63	73	0.0037613
63	74	0.0058474
63	75	0.0041298
63	76	0.007363
63	77	0
63	78	0.0072639
63	79	0.0027702
63	80	0.0061339
63	81	0.0049631
63	82	0.0058184
63	83	0.0036689
64	65	0.11863
64	66	0.025625
64	67	0.012782
64	68	0.0076925
64	69	0.01315
64	70	0.013184
64	71	0.0072997
64	72	0.010577
64	73	0.010613
64	74	0.011
64	75	0.0093224
64	76	0.0050016
64	77	0.0041838
64	78	0.0051241
64	79	0.0039084
64	80	0.0057695
64	81	0.010271
64	82	0.0059298
64	83	0.0051782
65	66	0.05991
65	67	0.023093
65	68	0.010556
65	69	0.018261
65	70	0.016429
65	71	0.010812
65	72	0.0074251
65	73	0.008597
65	74	0.0089101
65	75	0.0045308
65	76	0.0059836
65	77	0.0081335
65	78	0.0066409
65	79	0.0090051
65	80	0.0074775
65	81	0.0012101
65	82	0.011232
65	83	0.0089481
66	67	0.060427
66	68	0.010223
66	69	0.024254
66	70	0.040915
66	71	0.022439
66	72	0.014698
66	73	0.0095154
66	74	0.015286
66	75	0.0075222
66	76	0.0037253
66	77	0.004051
66	78	0.0050533
66	79	0.0042048
66	80	0.0093109
66	81	0.0050229
66	82	0.0083432
66	83	0.0037146
67	68	0.11147
67	69	0.090373
67	70	0.027757
67	71	0.009514
67	72	0.016083
67	73	0.013571
67	74	0.013685
67	75	0.017075
67	76	0.015317
67	77	0.013186
67	78	0.01452
67	79	0.018009
67	80	0.016065
67	81	0.012004
67	82	0.011728
67	83	0.0057269
68	69	0.10921
68	70	0.021617
68	71	0.0055571
68	72	0.013664
68	73	0.013711
68	74	0.017319
68	75	0.018817
68	76	0.020875
68	77	0.018646
68	78	0.02565
68	79	0.025666
68	80	0.009583
68	81	0.01357
68	82	0.0057458
68	83	0.0033453
69	70	0.057622
69	71	0.0099627
69	72	0.013739
69	73	0.013342
69	74	0.025811
69	75	0.018359
69	76	0.015089
69	77	0.011781
69	78	0.021041
69	79	0.019215
69	80	0.012433
69	81	0.012676
69	82	0.0077985
69	83	0.0069439
70	71	0.066799
70	72	0.033493
70	73	0.027367
70	74	0.019905
70	75	0.010543
70	76	0.0087718
70	77	0.01181
70	78	0.0055631
70	79	0.0089581
70	80	0.016555
70	81	0.0070965
70	82	0.010896
70	83	0.009372
71	72	0.097416
71	73	0.017773
71	74	0.016886
71	75	0.0091066
71	76	0.0051542
71	77	0.0065389
71	78	0.0019068
71	79	0.0043633
71	80	0.0092019
71	81	0.0083398
71	82	0.013752
71	83	0.0019276
72	73	0.11475
72	74	0.039356
72	75	0.019426
72	76	0.010528
72	77	0.010264
72	78	0.010879
72	79	0.010654
72	80	0.011666
72	81	0.013217
72	82	0.016359
72	83	0.0048879
73	74	0.081587
73	75	0.040089
73	76	0.016757
73	77	0.014261
73	78	0.014555
73	79	0.018503
73	80	0.01717
73	81	0.016357
73	82	0.014687
73	83	0.0081743
74	75	0.10216
74	76	0.032092
74	77	0.026276
74	78	0.02598
74	79	0.026422
74	80	0.019817
74	81	0.020618
74	82	0.01567
74	83	0.010166
75	76	0.067515
75	77	0.041405
75	78	0.045811
75	79	0.036117
75	80	0.032904
75	81	0.024075
75	82	0.012901
75	83	0.0071803
76	77	0.1189
76	78	0.093914
76	79	0.075838
76	80	0.022746
76	81	0.019231
76	82	0.010899
76	83	0.01138
77	78	0.11475
77	79	0.061072
77	80	0.02658
77	81	0.025095
77	82	0.014714
77	83	0.010829
78	79	0.1064
78	80	0.026752
78	81	0.023478
78	82	0.013348
78	83	0.0047363
79	80	0.058245
79	81	0.037334
79	82	0.016544
79	83	0.009633
80	81	0.11
80	82	0.03341
80	83	0.0045701
81	82	0.1035
81	83	0.056935
82	83	0.13311
