1	2	0.058387
1	3	0.021869
1	4	0.021077
1	5	0.017336
1	6	0.011388
1	7	0.0083355
1	8	0.014499
1	9	0.0059794
1	10	0.0024137
1	11	0.0092383
1	12	0.0066859
1	13	0.0084825
1	14	0.0043349
1	15	0.0042649
1	16	0.0029742
1	17	0.010767
1	18	0.0097318
1	19	0.0097323
1	20	0.0083357
1	21	0.0070049
1	22	0.0075766
1	23	0.0023026
1	24	0
1	25	0.0040847
1	26	0.0043658
1	27	0.0025116
1	28	0.0024101
1	29	0.0041814
1	30	0.0035666
1	31	0.0011608
1	32	0.0036879
1	33	0.0010637
1	34	0.0027894
1	35	0.010298
1	36	0.0033175
1	37	0.0087304
1	38	0.0092713
1	39	0.0059245
1	40	0.0071637
1	41	0.001991
1	42	0.0010061
1	43	0.0075875
1	44	0.0041007
1	45	0.0011167
1	46	0.0049633
1	47	0.0083591
1	48	0.0041475
1	49	0.0092127
1	50	0.0069732
1	51	0.0076138
1	52	0.0056161
1	53	0.0031188
1	54	0.0010701
1	55	0.001064
1	56	0.0019488
1	57	0.0042218
1	58	0.0059929
1	59	0.0020355
1	60	0.002737
1	61	0.0031227
1	62	0.0020865
1	63	0.0020545
1	64	0.00552
1	65	0.0033918
1	66	0.0070029
1	67	0.003366
1	68	0.0058187
1	69	0.0024076
1	70	0.0021887
1	71	0.0064689
1	72	0.0056589
1	73	0.0018951
1	74	0
1	75	0.0010763
1	76	0.0029324
1	77	0.0012062
1	78	0
1	79	0.0010758
1	80	0.0024905
1	81	0.0022404
1	82	0.0012235
1	83	0.001127
1	84	0.0046459
1	85	0.00088318
1	86	0.0041593
1	87	0.0051418
1	88	0.0031269
1	89	0.0050629
1	90	0
1	91	0.0033239
1	92	0
1	93	0.002496
1	94	0.0046676
1	95	0.0030906
1	96	0
1	97	0
2	3	0.12454
2	4	0.033416
2	5	0.032861
2	6	0.025185
2	7	0.01901
2	8	0.01002
2	9	0.011405
2	10	0.0080065
2	11	0.0076609
2	12	0.0092406
2	13	0.0079133
2	14	0.0067399
2	15	0.011494
2	16	0.0057546
2	17	0.01116
2	18	0.010311
2	19	0.0076217
2	20	0.0054308
2	21	0.0058085
2	22	0.0085263
2	23	0.0071601
2	24	0.00782
2	25	0.005504
2	26	0.0076929
2	27	0.0072894
2	28	0.0044966
2	29	0.0039007
2	30	0.005422
2	31	0.0072193
2	32	0.0066259
2	33	0.0030872
2	34	0.0098305
2	35	0.007116
2	36	0.0032093
2	37	0.0018098
2	38	0.0014414
2	39	0.0044212
2	40	0.0021214
2	41	0.0053653
2	42	0.009177
2	43	0.0049432
2	44	0.0042503
2	45	0.0013889
2	46	0.003601
2	47	0.0029705
2	48	0.003439
2	49	0.0042439
2	50	0.0014455
2	51	0.0018037
2	52	0.0023283
2	53	0.001724
2	54	0.0022182
2	55	0.0039699
2	56	0.0040397
2	57	0.0035005
2	58	0.0033127
2	59	0.0050632
2	60	0.0026476
2	61	0.0038838
2	62	0.0025951
2	63	0.0025553
2	64	0.0022885
2	65	0.00093744
2	66	0.0024885
2	67	0.0023258
2	68	0.0043423
2	69	0.0014972
2	70	0.0013611
2	71	0.001788
2	72	0.0028153
2	73	0.0039285
2	74	0.0026783
2	75	0.0013386
2	76	0.0024314
2	77	0.0025004
2	78	0.0033404
2	79	0.003122
2	80	0.0036139
2	81	0.0051089
2	82	0.0035509
2	83	0
2	84	0.0026966
2	85	0.0040277
2	86	0.0004311
2	87	0.002558
2	88	0.0012964
2	89	0.0025188
2	90	0.0017566
2	91	0.0027562
2	92	0.0016063
2	93	0.0077626
2	94	0.0019355
2	95	0.0032042
2	96	0.0027006
2	97	0.0028254
3	4	0.073093
3	5	0.058002
3	6	0.034745
3	7	0.019634
3	8	0.017564
3	9	0.010624
3	10	0.0087716
3	11	0.009059
3	12	0.010349
3	13	0.0094186
3	14	0.0096264
3	15	0.0068879
3	16	0.0068048
3	17	0.010433
3	18	0.0061121
3	19	0.008732
3	20	0.0048078
3	21	0.0032322
3	22	0.0065551
3	23	0.0055781
3	24	0.0067194
3	25	0.0049477
3	26	0.0052881
3	27	0.0065916
3	28	0.0068116
3	29	0.0075972
3	30	0.01056
3	31	0.0079676
3	32	0.001489
3	33	0.0094486
3	34	0.00901
3	35	0.0073917
3	36	0.0026788
3	37	0.0030842
3	38	0.0037432
3	39	0.0014352
3	40	0.0041318
3	41	0.004823
3	42	0.0089367
3	43	0.0035009
3	44	0.0033112
3	45	0.0036067
3	46	0.0025048
3	47	0.0019285
3	48	0.0020931
3	49	0.0024796
3	50	0.0028153
3	51	0.0026348
3	52	0.0013604
3	53	0.002938
3	54	0.0012961
3	55	0.0025773
3	56	0.0051141
3	57	0.0025566
3	58	0.0024195
3	59	0.003698
3	60	0.0029466
3	61	0.0025214
3	62	0.0037907
3	63	0.0029031
3	64	0.0026743
3	65	0.0018258
3	66	0.0012117
3	67	0.001359
3	68	0.00093968
3	69	0.00097202
3	70	0.0022092
3	71	0.0013059
3	72	0.00045694
3	73	0.0030605
3	74	0.0017388
3	75	0.00043451
3	76	0.00078925
3	77	0.0024349
3	78	0.0032529
3	79	0.001303
3	80	0.0025138
3	81	0.0036183
3	82	0.0064219
3	83	0.0027301
3	84	0.0011254
3	85	0.0021394
3	86	0.0025189
3	87	0.0012455
3	88	0.0016832
3	89	0.00081763
3	90	0.0017106
3	91	0.0008947
3	92	0.0015643
3	93	0.0045357
3	94	0.0018849
3	95	0.0049927
3	96	0.00087667
3	97	0.0055032
4	5	0.12501
4	6	0.029111
4	7	0.015742
4	8	0.018255
4	9	0.010676
4	10	0.0099452
4	11	0.01586
4	12	0.0084172
4	13	0.011285
4	14	0.0085576
4	15	0.010982
4	16	0.010211
4	17	0.0073929
4	18	0.0089095
4	19	0.0077962
4	20	0.006541
4	21	0.0089324
4	22	0.0063171
4	23	0.0055337
4	24	0.0026664
4	25	0.0028047
4	26	0.0044966
4	27	0.0030181
4	28	0.0033097
4	29	0.0068189
4	30	0.0057142
4	31	0.0031883
4	32	0.0046426
4	33	0.003652
4	34	0.0038307
4	35	0.0031426
4	36	0.0049352
4	37	0.0071183
4	38	0.0011936
4	39	0.0065084
4	40	0.0045672
4	41	0.0044427
4	42	0.0089806
4	43	0.0044653
4	44	0.0052791
4	45	0.0042168
4	46	0.0029817
4	47	0.0036894
4	48	0.0032036
4	49	0.0045683
4	50	0.0023938
4	51	0.0026137
4	52	0.0038559
4	53	0.0042826
4	54	0.0033061
4	55	0.0043829
4	56	0.0050174
4	57	0.0036231
4	58	0.0024001
4	59	0.0031444
4	60	0.0028187
4	61	0.001072
4	62	0.0032232
4	63	0.0031737
4	64	0.0034109
4	65	0.0046574
4	66	0.0041212
4	67	0.0034666
4	68	0.0035955
4	69	0.0028928
4	70	0.0037569
4	71	0.0033311
4	72	0.0011656
4	73	0.0019518
4	74	0.0033267
4	75	0.0040641
4	76	0.0020133
4	77	0.0016564
4	78	0.0035562
4	79	0.0018465
4	80	0.0029925
4	81	0.0030767
4	82	0.0025203
4	83	0.0019345
4	84	0.0025519
4	85	0.00060638
4	86	0.00071394
4	87	0.0017651
4	88	0.001789
4	89	0.0024333
4	90	0.0036363
4	91	0.001902
4	92	0.0022169
4	93	0.0047141
4	94	0.0024042
4	95	0.00053073
4	96	0.0029826
4	97	0
5	6	0.093735
5	7	0.027157
5	8	0.012845
5	9	0.013534
5	10	0.0086914
5	11	0.01222
5	12	0.0091711
5	13	0.00909
5	14	0.0092904
5	15	0.0036561
5	16	0.0064591
5	17	0.0062763
5	18	0.0085279
5	19	0.010753
5	20	0.0036749
5	21	0.0058333
5	22	0.0066806
5	23	0.0027635
5	24	0.0041849
5	25	0.0052525
5	26	0.0048654
5	27	0.0051675
5	28	0.0045453
5	29	0.0043015
5	30	0.0061149
5	31	0.0031844
5	32	0.0059015
5	33	0.0051065
5	34	0.0081304
5	35	0.0047082
5	36	0.0053084
5	37	0.0059871
5	38	0.0055632
5	39	0.0036565
5	40	0.0045617
5	41	0.0047787
5	42	0.0065548
5	43	0.0048315
5	44	0.0045697
5	45	0.0038288
5	46	0.003829
5	47	0.0024567
5	48	0.0046218
5	49	0.0042118
5	50	0.0051804
5	51	0.0033564
5	52	0.0038512
5	53	0.0028516
5	54	0.0029352
5	55	0.003648
5	56	0.0040091
5	57	0.0021713
5	58	0.0020548
5	59	0.0045364
5	60	0.0025025
5	61	0.0028552
5	62	0.0042925
5	63	0.0042266
5	64	0.0022712
5	65	0.0038765
5	66	0.0030871
5	67	0.002693
5	68	0.0019951
5	69	0.0012383
5	70	0.0018762
5	71	0.0018484
5	72	0.0023284
5	73	0.003249
5	74	0.0025843
5	75	0.0036902
5	76	0.0033514
5	77	0.0012408
5	78	0.0027626
5	79	0.0029509
5	80	0.0029888
5	81	0.0030729
5	82	0.0025172
5	83	0.00038644
5	84	0.003186
5	85	0.0018169
5	86	0.0010696
5	87	0.0021156
5	88	0.00071476
5	89	0.001736
5	90	0.0014528
5	91	0.0018996
5	92	0.0026571
5	93	0.0017121
5	94	0.0040021
5	95	0.0010601
5	96	0.0014894
5	97	0.0046752
6	7	0.079845
6	8	0.032181
6	9	0.022631
6	10	0.012265
6	11	0.013412
6	12	0.012105
6	13	0.014491
6	14	0.0075949
6	15	0.011582
6	16	0.010074
6	17	0.0045273
6	18	0.0049256
6	19	0.0060625
6	20	0.0054242
6	21	0.0084154
6	22	0.0075852
6	23	0.011699
6	24	0.0058315
6	25	0.0057252
6	26	0.0049718
6	27	0.0074808
6	28	0.005067
6	29	0.0065933
6	30	0.0049989
6	31	0.0069148
6	32	0.0060306
6	33	0.0059637
6	34	0.0063533
6	35	0.0044103
6	36	0.0030998
6	37	0.0022943
6	38	0.0024364
6	39	0.0012455
6	40	0.0021515
6	41	0.0031392
6	42	0.0066982
6	43	0.0022787
6	44	0.0032328
6	45	0.0043039
6	46	0.0026085
6	47	0.002092
6	48	0.0021798
6	49	0.0046626
6	50	0.0032577
6	51	0.0030488
6	52	0.0027548
6	53	0.0021855
6	54	0.0037493
6	55	0.0037278
6	56	0.0044382
6	57	0.0044375
6	58	0.00069991
6	59	0.0028527
6	60	0.0019179
6	61	0.0014588
6	62	0.0032898
6	63	0.004319
6	64	0.0015472
6	65	0.00039613
6	66	0.0024536
6	67	0.0015725
6	68	0.00081551
6	69	0.0012654
6	70	0.0015338
6	71	0.0015111
6	72	0.0027759
6	73	0.0026561
6	74	0.0018863
6	75	0.00037709
6	76	0.0010274
6	77	0.0038037
6	78	0.0032264
6	79	0.0011308
6	80	0.0021816
6	81	0.0035327
6	82	0.0047159
6	83	0.0051336
6	84	0.0032557
6	85	0.0015472
6	86	0.0029147
6	87	0.00036031
6	88	0.001826
6	89	0.0010644
6	90	0.0011134
6	91	0.001553
6	92	0.0031677
6	93	0.0021869
6	94	0.0016359
6	95	0.001625
6	96	0.0083703
6	97	0.0047771
7	8	0.089257
7	9	0.049232
7	10	0.022287
7	11	0.024879
7	12	0.018863
7	13	0.01183
7	14	0.01084
7	15	0.009844
7	16	0.0053393
7	17	0.0086979
7	18	0.0054075
7	19	0.0104
7	20	0.0054969
7	21	0.0084689
7	22	0.0079111
7	23	0.0066435
7	24	0.0059753
7	25	0.0039284
7	26	0.0029391
7	27	0.0072466
7	28	0.0083442
7	29	0.0048257
7	30	0.0064027
7	31	0.0031259
7	32	0.0047291
7	33	0.0032736
7	34	0.0048289
7	35	0.0057222
7	36	0.00085076
7	37	0.0046177
7	38	0.002229
7	39	0.0027347
7	40	0.0035429
7	41	0.0030634
7	42	0.0050314
7	43	0.0033356
7	44	0.0047322
7	45	0.0047249
7	46	0.0014319
7	47	0.0022967
7	48	0.0015954
7	49	0.0023625
7	50	0.0022352
7	51	0.0025103
7	52	0.0025923
7	53	0.0031991
7	54	0.0024697
7	55	0.003274
7	56	0.0033732
7	57	0.0044657
7	58	0.0046103
7	59	0.0019574
7	60	0.0021055
7	61	0.0036034
7	62	0.0016052
7	63	0.0023708
7	64	0.001274
7	65	0.0013046
7	66	0.0026937
7	67	0.0038843
7	68	0.0013429
7	69	0.0023153
7	70	0.0012629
7	71	0.00082946
7	72	0.0021768
7	73	0.00072898
7	74	0.00082834
7	75	0.0020699
7	76	0.0022559
7	77	0.0032479
7	78	0.0044275
7	79	0.0028967
7	80	0.002874
7	81	0.0038783
7	82	0.001412
7	83	0.0026012
7	84	0.002502
7	85	0.0020384
7	86	0.0015999
7	87	0.0027689
7	88	0.0020046
7	89	0.001558
7	90	0.00081489
7	91	0.0012787
7	92	0.00099364
7	93	0.0019208
7	94	0.002694
7	95	0.0053524
7	96	0.0041777
7	97	0
8	9	0.086837
8	10	0.041998
8	11	0.038418
8	12	0.017897
8	13	0.015255
8	14	0.011603
8	15	0.0099885
8	16	0.005307
8	17	0.0064841
8	18	0.0050648
8	19	0.0065122
8	20	0.0079679
8	21	0.0060264
8	22	0.0076047
8	23	0.0069336
8	24	0.003712
8	25	0.0040999
8	26	0.0076686
8	27	0.0046219
8	28	0.0056444
8	29	0.0034975
8	30	0.0075574
8	31	0.0038838
8	32	0.004113
8	33	0.0049825
8	34	0.0093329
8	35	0.0030626
8	36	0.0025897
8	37	0.003651
8	38	0.0034894
8	39	0.0015856
8	40	0.0023966
8	41	0.0043295
8	42	0.0063955
8	43	0.0043515
8	44	0.0024008
8	45	0.0041094
8	46	0.0020755
8	47	0.0019975
8	48	0.0024282
8	49	0.0030821
8	50	0.0023328
8	51	0.0047303
8	52	0.0030061
8	53	0.0041734
8	54	0.0053698
8	55	0.0039153
8	56	0.0035857
8	57	0.0070615
8	58	0.0030072
8	59	0.0040856
8	60	0.0027468
8	61	0.0038304
8	62	0.0027921
8	63	0.0013746
8	64	0.0036933
8	65	0.0018911
8	66	0.0040161
8	67	0.00075072
8	68	0.001168
8	69	0.0040272
8	70	0.003295
8	71	0.0021642
8	72	0.0034077
8	73	0.0034871
8	74	0.0010806
8	75	0.0032404
8	76	0.001635
8	77	0.0024212
8	78	0.0011552
8	79	0.0039588
8	80	0.0029162
8	81	0.0044974
8	82	0.0020467
8	83	0.0011311
8	84	0.0012434
8	85	0.0014773
8	86	0.0017394
8	87	0.0013761
8	88	0
8	89	0.0033876
8	90	0.00035436
8	91	0.0029656
8	92	0.0021605
8	93	0.0041765
8	94	0.001562
8	95	0.0046551
8	96	0.0065404
8	97	0.0022814
9	10	0.1327
9	11	0.038025
9	12	0.026201
9	13	0.015801
9	14	0.012561
9	15	0.013064
9	16	0.0059092
9	17	0.0057045
9	18	0.0042968
9	19	0.0060874
9	20	0.006309
9	21	0.0066273
9	22	0.0089603
9	23	0.0068625
9	24	0.0066132
9	25	0.0037197
9	26	0.00506
9	27	0.0062379
9	28	0.0035913
9	29	0.0062309
9	30	0.0055115
9	31	0.0046128
9	32	0.0052921
9	33	0.0077493
9	34	0.0083135
9	35	0.0037889
9	36	0.0025632
9	37	0.0036136
9	38	0.0026862
9	39	0.0023541
9	40	0.0016943
9	41	0.0049443
9	42	0.0026652
9	43	0.0010767
9	44	0.003734
9	45	0.0011092
9	46	0.0020543
9	47	0.0027678
9	48	0.0027466
9	49	0.0033894
9	50	0.0026937
9	51	0.0010804
9	52	0.0026034
9	53	0.0024095
9	54	0.0035431
9	55	0.0014091
9	56	0.0061299
9	57	0.0024462
9	58	0.0042992
9	59	0.0033698
9	60	0.0045311
9	61	0.0013786
9	62	0.0020726
9	63	0.0034013
9	64	0.0014622
9	65	0.0022461
9	66	0.0023187
9	67	0.0011145
9	68	0.0015413
9	69	0.001993
9	70	0.0010871
9	71	0.001071
9	72	0.0022485
9	73	0.0040788
9	74	0.0032086
9	75	0.0021381
9	76	0.0025891
9	77	0.0027958
9	78	0.0019056
9	79	0.0010686
9	80	0.002474
9	81	0.0018547
9	82	0.0044566
9	83	0.0018659
9	84	0.0012307
9	85	0.0017546
9	86	0.0010329
9	87	0
9	88	0.0010353
9	89	0.0010059
9	90	0.0014029
9	91	0.0025683
9	92	0.003849
9	93	0.0024802
9	94	0.002319
9	95	0.0035835
9	96	0.00071926
9	97	0.0067742
10	11	0.10541
10	12	0.033889
10	13	0.019135
10	14	0.0134
10	15	0.01247
10	16	0.0096073
10	17	0.0071958
10	18	0.0061426
10	19	0.0043362
10	20	0.0051728
10	21	0.0073566
10	22	0.0072337
10	23	0.0084641
10	24	0.011123
10	25	0.0061424
10	26	0.0065651
10	27	0.0058753
10	28	0.007651
10	29	0.0059385
10	30	0.0055618
10	31	0.0046549
10	32	0.0078052
10	33	0.008531
10	34	0.0079233
10	35	0.005353
10	36	0.0029561
10	37	0.0025526
10	38	0.0019362
10	39	0.0035633
10	40	0.0030776
10	41	0.0026611
10	42	0.0053791
10	43	0.0014487
10	44	0.0037681
10	45	0.0022387
10	46	0.0045606
10	47	0.001596
10	48	0.0020787
10	49	0.0017102
10	50	0.00038833
10	51	0.0010903
10	52	0.0007506
10	53	0.0017368
10	54	0.0014302
10	55	0.0031995
10	56	0.0048836
10	57	0.0024685
10	58	0.0013349
10	59	0.0027204
10	60	0.0024386
10	61	0.0038257
10	62	0.0020915
10	63	0.0037755
10	64	0.002951
10	65	0.0011333
10	66	0.0020056
10	67	0.0003749
10	68	0.0015554
10	69	0.00040223
10	70	0.0018283
10	71	0.00072051
10	72	0.002269
10	73	0.0022163
10	74	0.0017988
10	75	0.001798
10	76	0.001633
10	77	0.0012091
10	78	0.001923
10	79	0.0017973
10	80	0.0037448
10	81	0.0059893
10	82	0.005315
10	83	0.0015063
10	84	0.0034153
10	85	0.0011804
10	86	0.0024321
10	87	0.0006872
10	88	0.0013931
10	89	0.00067669
10	90	0.0014157
10	91	0.001481
10	92	0.0017263
10	93	0.0025029
10	94	0
10	95	0.0030998
10	96	0.0058072
10	97	0.004558
11	12	0.063526
11	13	0.030223
11	14	0.020196
11	15	0.0085712
11	16	0.0061582
11	17	0.012196
11	18	0.011458
11	19	0.013039
11	20	0.0056563
11	21	0.0087755
11	22	0.0075143
11	23	0.0071517
11	24	0.0056757
11	25	0.0059703
11	26	0.0035894
11	27	0.0045889
11	28	0.0022016
11	29	0.0057296
11	30	0.0091225
11	31	0.0046658
11	32	0.0040428
11	33	0.0034982
11	34	0.0056061
11	35	0.010452
11	36	0.0048485
11	37	0.0027911
11	38	0.0063514
11	39	0.0073597
11	40	0.0052347
11	41	0.0054557
11	42	0.0044114
11	43	0.0055443
11	44	0.0018728
11	45	0.0073438
11	46	0.0018134
11	47	0.003054
11	48	0.0034095
11	49	0.0041139
11	50	0.0029723
11	51	0.0059608
11	52	0.0028726
11	53	0.0030385
11	54	0.0035186
11	55	0.0023323
11	56	0.0039159
11	57	0.0038559
11	58	0.0032842
11	59	0.0026028
11	60	0.0016666
11	61	0.0011409
11	62	0.0038115
11	63	0.0011259
11	64	0.0020167
11	65	0.0028914
11	66	0.0040205
11	67	0.0049192
11	68	0.0025511
11	69	0.0035186
11	70	0.0031987
11	71	0.0015757
11	72	0.0033081
11	73	0.0020772
11	74	0.0039339
11	75	0.0019661
11	76	0.0035711
11	77	0.0017628
11	78	0.0016822
11	79	0.0043235
11	80	0.0018199
11	81	0.0012279
11	82	0.0031294
11	83	0.0020589
11	84	0.002037
11	85	0.0016134
11	86	0.00075983
11	87	0.0015028
11	88	0.0015232
11	89	0.0033297
11	90	0.001935
11	91	0.0024292
11	92	0.0042473
11	93	0.0013685
11	94	0.0025591
11	95	0.0033899
11	96	0.0015878
11	97	0
12	13	0.11254
12	14	0.029089
12	15	0.015461
12	16	0.011623
12	17	0.011626
12	18	0.0066721
12	19	0.007006
12	20	0.005878
12	21	0.0089532
12	22	0.0090161
12	23	0.0067489
12	24	0.0071884
12	25	0.0066163
12	26	0.0060613
12	27	0.0069743
12	28	0.0074356
12	29	0.0061278
12	30	0.0066022
12	31	0.0075209
12	32	0.009482
12	33	0.0065637
12	34	0.008176
12	35	0.0038831
12	36	0.0020469
12	37	0.00303
12	38	0.0035752
12	39	0.0021932
12	40	0.0034728
12	41	0.0024568
12	42	0.0055871
12	43	0.0040126
12	44	0.0037951
12	45	0.0044782
12	46	0.0019139
12	47	0.0018419
12	48	0.0015993
12	49	0.0041051
12	50	0.0017926
12	51	0.0023487
12	52	0.0034649
12	53	0.0022449
12	54	0.0023107
12	55	0.0036103
12	56	0.003607
12	57	0.0029302
12	58	0.0036973
12	59	0.0053371
12	60	0.0022514
12	61	0.003532
12	62	0.0038619
12	63	0.002535
12	64	0.0020434
12	65	0.0027901
12	66	0.0021603
12	67	0.0034612
12	68	0.002154
12	69	0.0025995
12	70	0.0013504
12	71	0.00099781
12	72	0.002444
12	73	0.0029232
12	74	0.0019929
12	75	0.00166
12	76	0.0030153
12	77	0.0055817
12	78	0.0014203
12	79	0.0019912
12	80	0.0034574
12	81	0.005184
12	82	0.0041522
12	83	0.0013907
12	84	0.0022932
12	85	0.0016347
12	86	0.0012831
12	87	0.00095167
12	88	0.00064306
12	89	0.0021866
12	90	0.0019606
12	91	0.0023929
12	92	0.0019923
12	93	0.0030813
12	94	0.00072026
12	95	0.0014311
12	96	0.0073736
12	97	0.0042097
13	14	0.072536
13	15	0.029109
13	16	0.01426
13	17	0.015803
13	18	0.013966
13	19	0.0085707
13	20	0.0073405
13	21	0.010575
13	22	0.0092141
13	23	0.010139
13	24	0.0087938
13	25	0.0047964
13	26	0.0080101
13	27	0.0058986
13	28	0.0067211
13	29	0.0082854
13	30	0.01047
13	31	0.0074968
13	32	0.0072175
13	33	0.007182
13	34	0.0053227
13	35	0.0050382
13	36	0.0051935
13	37	0.0032033
13	38	0.0040821
13	39	0.0041736
13	40	0.0024031
13	41	0.0026298
13	42	0.0038393
13	43	0.0012726
13	44	0.0030091
13	45	0.0039332
13	46	0.0025494
13	47	0.003505
13	48	0.0030434
13	49	0.0021032
13	50	0.0013645
13	51	0.0041502
13	52	0.0029671
13	53	0.0030513
13	54	0.0028267
13	55	0.0015614
13	56	0.0037179
13	57	0.0030977
13	58	0.0046905
13	59	0.004182
13	60	0.0050876
13	61	0.0027496
13	62	0.003062
13	63	0.002412
13	64	0.0029163
13	65	0.0016592
13	66	0.0023491
13	67	0.0013173
13	68	0.0034158
13	69	0.00106
13	70	0.002891
13	71	0.0022153
13	72	0.0026576
13	73	0.0027813
13	74	0.0018962
13	75	0.0022112
13	76	0.0014345
13	77	0.0028324
13	78	0.0027028
13	79	0.00063152
13	80	0.0040207
13	81	0.0026307
13	82	0.0028732
13	83	0.0013232
13	84	0.0019092
13	85	0.0028515
13	86	0.0012209
13	87	0.0012073
13	88	0.00091778
13	89	0.0020805
13	90	0.00093273
13	91	0.0026021
13	92	0.0037914
13	93	0.0021989
13	94	0.0013707
13	95	0.005447
13	96	0.0012758
13	97	0.0040063
14	15	0.087327
14	16	0.038367
14	17	0.033593
14	18	0.019464
14	19	0.011354
14	20	0.0089308
14	21	0.012609
14	22	0.0087674
14	23	0.0093261
14	24	0.011317
14	25	0.0094975
14	26	0.0078589
14	27	0.010173
14	28	0.0065074
14	29	0.0062724
14	30	0.0071333
14	31	0.0097513
14	32	0.0059011
14	33	0.0060635
14	34	0.0066952
14	35	0.0044625
14	36	0.0039808
14	37	0.0039285
14	38	0.0031288
14	39	0.0028435
14	40	0.0015349
14	41	0.0026876
14	42	0.0060365
14	43	0.0048772
14	44	0.0030753
14	45	0.0016748
14	46	0.0026054
14	47	0.0025074
14	48	0.0012441
14	49	0.0036847
14	50	0.0031375
14	51	0.001305
14	52	0.004043
14	53	0.0024947
14	54	0.0028888
14	55	0.0019148
14	56	0.0043841
14	57	0.002216
14	58	0.0050931
14	59	0.0051897
14	60	0.0035574
14	61	0.0040589
14	62	0.0037552
14	63	0.0030812
14	64	0.00099345
14	65	0.0010174
14	66	0.0018005
14	67	0.0026925
14	68	0.00034909
14	69	0.0025277
14	70	0.0016414
14	71	0.0016171
14	72	0.0023765
14	73	0.0039794
14	74	0.0016149
14	75	0.0012913
14	76	0.0023456
14	77	0.0047039
14	78	0.0024169
14	79	0.0022589
14	80	0.0029884
14	81	0.0047049
14	82	0.0051387
14	83	0.0016904
14	84	0.0016724
14	85	0.0026493
14	86	0.0031192
14	87	0.00092538
14	88	0.0040644
14	89	0.0015187
14	90	0.0015887
14	91	0.0023269
14	92	0.0027124
14	93	0.002622
14	94	0.0014009
14	95	0.0013919
14	96	0.0032604
14	97	0
15	16	0.10944
15	17	0.053706
15	18	0.020426
15	19	0.012767
15	20	0.0063262
15	21	0.0067932
15	22	0.0092645
15	23	0.013593
15	24	0.010479
15	25	0.0084396
15	26	0.0057988
15	27	0.0088965
15	28	0.0078249
15	29	0.0052453
15	30	0.0056144
15	31	0.0051394
15	32	0.0047171
15	33	0.0056515
15	34	0.0061753
15	35	0.0050657
15	36	0.0032637
15	37	0.0028987
15	38	0.0023942
15	39	0.0034969
15	40	0.0024162
15	41	0.005582
15	42	0.0047511
15	43	0.0031989
15	44	0.0024204
15	45	0.0026364
15	46	0.0018309
15	47	0.0031716
15	48	0.002754
15	49	0.003323
15	50	0.0020579
15	51	0.0016049
15	52	0.0026517
15	53	0.0018407
15	54	0.0018947
15	55	0.0040816
15	56	0.0023004
15	57	0.003426
15	58	0.0017685
15	59	0.0015017
15	60	0.0037691
15	61	0.0039932
15	62	0.0061573
15	63	0.0030314
15	64	0.0013032
15	65	0.00066727
15	66	0.0017714
15	67	0.00298
15	68	0.0013738
15	69	0.00071053
15	70	0.0009689
15	71	0.0028637
15	72	0.00167
15	73	0.0025168
15	74	0.00095327
15	75	0.0025409
15	76	0.0011538
15	77	0.0024919
15	78	0.0030572
15	79	0.0025398
15	80	0.0044102
15	81	0.0029757
15	82	0.0046945
15	83	0.0019957
15	84	0.0021939
15	85	0.0044309
15	86	0.0021481
15	87	0.0012139
15	88	0.00092276
15	89	0.0014942
15	90	0.00093782
15	91	0.0016352
15	92	0.0019061
15	93	0.0036852
15	94	0.0020674
15	95	0.0027388
15	96	0.0025663
15	97	0
16	17	0.1238
16	18	0.057865
16	19	0.012464
16	20	0.015685
16	21	0.010161
16	22	0.008317
16	23	0.0066353
16	24	0.0033493
16	25	0.0070063
16	26	0.0083871
16	27	0.0051699
16	28	0.0069448
16	29	0.0068852
16	30	0.0052202
16	31	0.0050972
16	32	0.0030364
16	33	0.0064224
16	34	0.0057417
16	35	0.004082
16	36	0.0051586
16	37	0.0059893
16	38	0.0041341
16	39	0.0039016
16	40	0.0022465
16	41	0.0046437
16	42	0.0052458
16	43	0.005651
16	44	0.0053448
16	45	0.0055153
16	46	0.0044261
16	47	0.0049149
16	48	0.0028451
16	49	0.0053367
16	50	0.0038267
16	51	0.0038797
16	52	0.0036983
16	53	0.0037082
16	54	0.0038169
16	55	0.0052546
16	56	0.0024062
16	57	0.0040541
16	58	0.0038367
16	59	0.0033509
16	60	0.004756
16	61	0.001428
16	62	0.0042937
16	63	0.0033822
16	64	0.003635
16	65	0.0027919
16	66	0.003294
16	67	0.0024629
16	68	0.0025546
16	69	0.0026425
16	70	0.002102
16	71	0.0041418
16	72	0.00093167
16	73	0.0039001
16	74	0.0020681
16	75	0.0023625
16	76	0.0024138
16	77	0.0026479
16	78	0.00063167
16	79	0.0020663
16	80	0.002392
16	81	0.0039964
16	82	0.0023503
16	83	0.0027833
16	84	0.0010199
16	85	0.0024234
16	86	0.0028533
16	87	0.0014108
16	88	0.0014299
16	89	0.0036121
16	90	0.0017439
16	91	0.0021286
16	92	0.0014179
16	93	0.0020559
16	94	0.0019223
16	95	0.0016978
16	96	0.0035796
16	97	0
17	18	0.077668
17	19	0.028039
17	20	0.0085174
17	21	0.011333
17	22	0.011936
17	23	0.010981
17	24	0.0076057
17	25	0.0070004
17	26	0.0048797
17	27	0.007112
17	28	0.0050282
17	29	0.0043619
17	30	0.0035433
17	31	0.0051897
17	32	0.0043969
17	33	0.0053897
17	34	0.0066515
17	35	0.0064794
17	36	0.005932
17	37	0.0052037
17	38	0.0055259
17	39	0.0060029
17	40	0.0054895
17	41	0.0053399
17	42	0.0053973
17	43	0.0038762
17	44	0.0033606
17	45	0.0049915
17	46	0.0062859
17	47	0.0039143
17	48	0.0064888
17	49	0.0042706
17	50	0.0051949
17	51	0.0045377
17	52	0.0050206
17	53	0.0040272
17	54	0.0019132
17	55	0.0025363
17	56	0.0031939
17	57	0.0028305
17	58	0.0050597
17	59	0.003336
17	60	0.0024467
17	61	0.0055831
17	62	0.004974
17	63	0.0027549
17	64	0.0052636
17	65	0.0043797
17	66	0.0035774
17	67	0.0030092
17	68	0.0027744
17	69	0.0028699
17	70	0.0013045
17	71	0.0019278
17	72	0.00371
17	73	0.0033886
17	74	0.0022461
17	75	0.002245
17	76	0.0020389
17	77	0.0032352
17	78	0.0020581
17	79	0.0022441
17	80	0.0014844
17	81	0.0010016
17	82	0.0018232
17	83	0.0023511
17	84	0.0035999
17	85	0.0021055
17	86	0.0040284
17	87	0.0015322
17	88	0.0012424
17	89	0.001207
17	90	0.0031566
17	91	0.0026419
17	92	0.0026947
17	93	0.0014885
17	94	0.0020877
17	95	0.0013829
17	96	0.0032395
17	97	0
18	19	0.090305
18	20	0.039919
18	21	0.022764
18	22	0.015551
18	23	0.0079264
18	24	0.0053136
18	25	0.0045851
18	26	0.0084944
18	27	0.0075184
18	28	0.0057712
18	29	0.006571
18	30	0.0085405
18	31	0.0048645
18	32	0.0025759
18	33	0.0060497
18	34	0.00668
18	35	0.0092471
18	36	0.0069504
18	37	0.0081656
18	38	0.009365
18	39	0.0060287
18	40	0.0061257
18	41	0.0071505
18	42	0.0060227
18	43	0.0074612
18	44	0.0061365
18	45	0.0046788
18	46	0.0029708
18	47	0.0046459
18	48	0.0021722
18	49	0.0036762
18	50	0.0066085
18	51	0.0045572
18	52	0.0033615
18	53	0.005289
18	54	0.0035226
18	55	0.0050945
18	56	0.0040825
18	57	0.0025268
18	58	0.0038858
18	59	0.0024366
18	60	0.0049144
18	61	0.0037381
18	62	0.0034343
18	63	0.0049187
18	64	0.0052862
18	65	0.0033835
18	66	0.002994
18	67	0.0047011
18	68	0.0062692
18	69	0.0043233
18	70	0.0042579
18	71	0.0054856
18	72	0.0023711
18	73	0.0028359
18	74	0.0035447
18	75	0.0038651
18	76	0.0035103
18	77	0.00036101
18	78	0.0034448
18	79	0.00096589
18	80	0.0014908
18	81	0.003353
18	82	0.00073242
18	83	0.0026985
18	84	0.0022248
18	85	0.0021146
18	86	0.001556
18	87	0.0015388
18	88	0.0015597
18	89	0.0036367
18	90	0.0034872
18	91	0.0016583
18	92	0.0023197
18	93	0.004111
18	94	0.0027956
18	95	0.0050922
18	96	0.0013014
18	97	0.0020438
19	20	0.089109
19	21	0.054816
19	22	0.017172
19	23	0.0089607
19	24	0.0076387
19	25	0.0061138
19	26	0.0078414
19	27	0.0022556
19	28	0.0054108
19	29	0.0065713
19	30	0.0071174
19	31	0.0048648
19	32	0.006256
19	33	0.00605
19	34	0.0075154
19	35	0.0071925
19	36	0.010592
19	37	0.009146
19	38	0.0072843
19	39	0.0067383
19	40	0.0049008
19	41	0.0053632
19	42	0.0093357
19	43	0.0081104
19	44	0.0085915
19	45	0.0040106
19	46	0.0037137
19	47	0.0053609
19	48	0.005586
19	49	0.0030637
19	50	0.0066089
19	51	0.0061851
19	52	0.004034
19	53	0.0043559
19	54	0.0038431
19	55	0.0057316
19	56	0.0040827
19	57	0.0034745
19	58	0.0029892
19	59	0.0036551
19	60	0.0024573
19	61	0.0028037
19	62	0.0028101
19	63	0.0036892
19	64	0.0036345
19	65	0.0043987
19	66	0.0068865
19	67	0.0047013
19	68	0.0031348
19	69	0.0032427
19	70	0.0055683
19	71	0.0035497
19	72	0.0027099
19	73	0.0045377
19	74	0.0045116
19	75	0.0035432
19	76	0.0040956
19	77	0.0036103
19	78	0.0024115
19	79	0.0028978
19	80	0.0018636
19	81	0.0030178
19	82	0.00073246
19	83	0.0016866
19	84	0.0027812
19	85	0.002379
19	86	0.0018673
19	87	0.0024621
19	88	0.0028075
19	89	0.0021215
19	90	0.00095111
19	91	0.0026534
19	92	0.0023198
19	93	0.0018687
19	94	0.0020968
19	95	0.0037036
19	96	0.0026028
19	97	0.0020438
20	21	0.08378
20	22	0.018909
20	23	0.014421
20	24	0.0080457
20	25	0.0063956
20	26	0.0075553
20	27	0.0024838
20	28	0.0087386
20	29	0.0058578
20	30	0.0058781
20	31	0.0072701
20	32	0.0040522
20	33	0.0070127
20	34	0.0068964
20	35	0.0086744
20	36	0.01385
20	37	0.0097114
20	38	0.0057294
20	39	0.0070293
20	40	0.0067456
20	41	0.0055775
20	42	0.0096168
20	43	0.0067874
20	44	0.0064196
20	45	0.0066243
20	46	0.0061339
20	47	0.0047225
20	48	0.0051258
20	49	0.0050604
20	50	0.0045962
20	51	0.0053768
20	52	0.006663
20	53	0.0041112
20	54	0.0045844
20	55	0.0087657
20	56	0.0038534
20	57	0.007304
20	58	0.0026333
20	59	0.0040248
20	60	0.0027059
20	61	0.0037733
20	62	0.0048133
20	63	0.0044008
20	64	0.0040021
20	65	0.0055888
20	66	0.004286
20	67	0.0033279
20	68	0.0030683
20	69	0.0035707
20	70	0.0064921
20	71	0.002132
20	72	0.002984
20	73	0.0034352
20	74	0.0042583
20	75	0.0063844
20	76	0.0032213
20	77	0.0023853
20	78	0.0037935
20	79	0.0035455
20	80	0.0041042
20	81	0.0029539
20	82	0.0016131
20	83	0.003343
20	84	0.0039812
20	85	0.0020375
20	86	0.0017135
20	87	0.003389
20	88	0.0030915
20	89	0.0026698
20	90	0.0020946
20	91	0.0032871
20	92	0.0008515
20	93	0.0024694
20	94	0.0015393
20	95	0.0010196
20	96	0.0021499
20	97	0
21	22	0.076755
21	23	0.021049
21	24	0.0095276
21	25	0.010467
21	26	0.013606
21	27	0.0086974
21	28	0.0046733
21	29	0.0081081
21	30	0.0098797
21	31	0.005145
21	32	0.0034054
21	33	0.007956
21	34	0.0096594
21	35	0.0095085
21	36	0.0064323
21	37	0.0087659
21	38	0.0064199
21	39	0.0082047
21	40	0.0053855
21	41	0.0074446
21	42	0.0041803
21	43	0.0063045
21	44	0.0048271
21	45	0.0052578
21	46	0.0065296
21	47	0.0029766
21	48	0.0045949
21	49	0.0065208
21	50	0.0035407
21	51	0.0027112
21	52	0.0068439
21	53	0.0051826
21	54	0.0026673
21	55	0.0076613
21	56	0.0067466
21	57	0.0043845
21	58	0.004426
21	59	0.0056374
21	60	0.0048007
21	61	0.0040359
21	62	0.0026004
21	63	0.0025605
21	64	0.0033633
21	65	0.0028181
21	66	0.0022166
21	67	0.0065259
21	68	0.0035455
21	69	0.004001
21	70	0.0024249
21	71	0.0041807
21	72	0.0034482
21	73	0.0049866
21	74	0.0035786
21	75	0.0029808
21	76	0.0043315
21	77	0.0020046
21	78	0.0041444
21	79	0.0032776
21	80	0.0027593
21	81	0.0037236
21	82	0.0020335
21	83	0.0028094
21	84	0.0023163
21	85	0.0022015
21	86	0.001728
21	87	0.0025633
21	88	0.001732
21	89	0.0011218
21	90	0.0029339
21	91	0.0033762
21	92	0.0017889
21	93	0.0038045
21	94	0.0019403
21	95	0.0042841
21	96	0.0012043
21	97	0.0037827
22	23	0.11246
22	24	0.020611
22	25	0.017746
22	26	0.016352
22	27	0.012041
22	28	0.0086653
22	29	0.0084567
22	30	0.0071241
22	31	0.0052171
22	32	0.0084719
22	33	0.007968
22	34	0.01003
22	35	0.0089134
22	36	0.0039756
22	37	0.0039234
22	38	0.0048608
22	39	0.0056797
22	40	0.0067449
22	41	0.0074558
22	42	0.0078373
22	43	0.0051956
22	44	0.0036855
22	45	0.0043489
22	46	0.0040889
22	47	0.005366
22	48	0.0052806
22	49	0.0036799
22	50	0.0024371
22	51	0.0032584
22	52	0.0033648
22	53	0.0034257
22	54	0.0032056
22	55	0.005737
22	56	0.0037946
22	57	0.0056909
22	58	0.0050865
22	59	0.0045732
22	60	0.0076522
22	61	0.0031181
22	62	0.0034377
22	63	0.0015386
22	64	0.0019843
22	65	0.0033868
22	66	0.0020979
22	67	0.0033612
22	68	0.0027891
22	69	0.0028851
22	70	0.0013114
22	71	0.003553
22	72	0.0023734
22	73	0.0042581
22	74	0.0019354
22	75	0.0019345
22	76	0.0043922
22	77	0.0036137
22	78	0.0041379
22	79	0.0041897
22	80	0.0026115
22	81	0.0030207
22	82	0.0021994
22	83	0.0033764
22	84	0.0019486
22	85	0.0013229
22	86	0.0012461
22	87	0.0018483
22	88	0.001249
22	89	0.0018201
22	90	0.0015867
22	91	0.0019919
22	92	0.0038699
22	93	0.0037409
22	94	0.0027983
22	95	0.0018535
22	96	0.0032565
22	97	0
23	24	0.08805
23	25	0.029943
23	26	0.016698
23	27	0.023216
23	28	0.016131
23	29	0.011661
23	30	0.007957
23	31	0.013689
23	32	0.0090117
23	33	0.0098319
23	34	0.0093354
23	35	0.0051054
23	36	0.0031717
23	37	0.0038256
23	38	0.0029546
23	39	0.0022656
23	40	0.0019568
23	41	0.0034896
23	42	0.0076955
23	43	0.004145
23	44	0.0039204
23	45	0.0014234
23	46	0.0027679
23	47	0.0022832
23	48	0.0039651
23	49	0.0029358
23	50	0.0014814
23	51	0.001733
23	52	0.0017896
23	53	0.0019877
23	54	0.00068198
23	55	0.0033904
23	56	0.0052785
23	57	0.0047084
23	58	0.003501
23	59	0.0058376
23	60	0.0049421
23	61	0.0026535
23	62	0.0043217
23	63	0.002946
23	64	0.0024626
23	65	0.0021616
23	66	0.0025504
23	67	0.0025028
23	68	0.0011126
23	69	0.0019181
23	70	0.0031387
23	71	0.00068717
23	72	0.0028854
23	73	0.0027177
23	74	0.0013725
23	75	0.0013718
23	76	0.0015574
23	77	0.0042284
23	78	0.003668
23	79	0.0020569
23	80	0.0039685
23	81	0.0042842
23	82	0.0038994
23	83	0.0010775
23	84	0.0020728
23	85	0.0028145
23	86	0.0036451
23	87	0.0013108
23	88	0.0013286
23	89	0.0022588
23	90	0.0010127
23	91	0.0010594
23	92	0.0024699
23	93	0.0031834
23	94	0
23	95	0.0039431
23	96	0.0090055
23	97	0.0021757
24	25	0.096917
24	26	0.044586
24	27	0.03163
24	28	0.015915
24	29	0.016053
24	30	0.0076679
24	31	0.013192
24	32	0.0079291
24	33	0.0088212
24	34	0.0094246
24	35	0.0031628
24	36	0.0020377
24	37	0.0030163
24	38	0.003559
24	39	0.0029111
24	40	0.0025142
24	41	0.0018343
24	42	0.0064889
24	43	0.004993
24	44	0.0025186
24	45	0.0017146
24	46	0.0030483
24	47	0.0022002
24	48	0.0031841
24	49	0.0018861
24	50	0.0042827
24	51	0.00167
24	52	0.0024144
24	53	0.0022347
24	54	0.001643
24	55	0.0035939
24	56	0.004189
24	57	0.0022686
24	58	0.0039872
24	59	0.0078131
24	60	0.0028015
24	61	0.0041552
24	62	0.0038443
24	63	0.00094632
24	64	0.00067802
24	65	0.00034718
24	66	0.0030721
24	67	0.0017228
24	68	0.0021443
24	69	0.001109
24	70	0.0013443
24	71	0.003311
24	72	0.0010427
24	73	0.00087298
24	74	0.0016533
24	75	0.0009915
24	76	0.0024013
24	77	0.005186
24	78	0.0024743
24	79	0.00099109
24	80	0.0022946
24	81	0.007569
24	82	0.0037577
24	83	0.0017305
24	84	0.0025682
24	85	0.0027122
24	86	0.0012773
24	87	0.0012631
24	88	0.0012803
24	89	0.00062193
24	90	0.00065058
24	91	0.0010209
24	92	0.0019835
24	93	0.0034512
24	94	0.0007171
24	95	0.0018999
24	96	0.003338
24	97	0.0020968
25	26	0.12126
25	27	0.040118
25	28	0.024527
25	29	0.012707
25	30	0.008402
25	31	0.011486
25	32	0.011816
25	33	0.0096227
25	34	0.0074917
25	35	0.0032345
25	36	0.0046888
25	37	0.0012339
25	38	0.0022931
25	39	0.0030143
25	40	0.0049175
25	41	0.0033766
25	42	0.0034129
25	43	0.0039829
25	44	0.0046364
25	45	0.0034719
25	46	0.0028057
25	47	0.0040503
25	48	0.0032238
25	49	0.003472
25	50	0.00098548
25	51	0.0024594
25	52	0.0022223
25	53	0.0029383
25	54	0.0024196
25	55	0.0036086
25	56	0.0041311
25	57	0.0020881
25	58	0.0053638
25	59	0.0037395
25	60	0.0059307
25	61	0.0032362
25	62	0.0038333
25	63	0.0014517
25	64	0.0021842
25	65	0.002876
25	66	0.0022621
25	67	0.0038056
25	68	0.0032894
25	69	0.001361
25	70	0.0043306
25	71	0.0018285
25	72	0.0012796
25	73	0.0026784
25	74	0.0033477
25	75	0.0018252
25	76	0.00082882
25	77	0.0051143
25	78	0.0039041
25	79	0.0036489
25	80	0.0028159
25	81	0.0034833
25	82	0.005188
25	83	0.0028671
25	84	0.0021012
25	85	0.0032453
25	86	0.0014696
25	87	0.0017439
25	88	0.0017676
25	89	0.0014311
25	90	0.0020958
25	91	0.0018794
25	92	0.0040164
25	93	0.0049413
25	94	0.0026401
25	95	0.0030602
25	96	0.0092165
25	97	0.0019297
26	27	0.1017
26	28	0.026943
26	29	0.015793
26	30	0.015805
26	31	0.012276
26	32	0.011515
26	33	0.011249
26	34	0.0092715
26	35	0.0065685
26	36	0.007016
26	37	0.0013188
26	38	0.0035012
26	39	0.0032218
26	40	0.0037101
26	41	0.0030075
26	42	0.0048636
26	43	0.0029472
26	44	0.0037166
26	45	0.0023615
26	46	0.0033737
26	47	0.002886
26	48	0.002506
26	49	0.0043294
26	50	0.0028088
26	51	0.0042716
26	52	0.0016966
26	53	0.0018843
26	54	0.0029094
26	55	0.0019285
26	56	0.0044154
26	57	0.0025506
26	58	0.0021121
26	59	0.0036894
26	60	0.0022048
26	61	0.0018867
26	62	0.0047274
26	63	0.0024826
26	64	0.001334
26	65	0.0030739
26	66	0.0039289
26	67	0.0013558
26	68	0.0017579
26	69	0.0014547
26	70	0.0026449
26	71	0.0013029
26	72	0.0027354
26	73	0.0040078
26	74	0.0016264
26	75	0.0026011
26	76	0.0026576
26	77	0.0040085
26	78	0.0045205
26	79	0.00325
26	80	0.0037622
26	81	0.0030461
26	82	0.0048056
26	83	0.0034049
26	84	0.003088
26	85	0.0034686
26	86	0.0037697
26	87	0.0015533
26	88	0.002519
26	89	0.0015296
26	90	0.0019201
26	91	0.0010043
26	92	0.0011707
26	93	0.0018862
26	94	0.0021163
26	95	0.0032708
26	96	0.0019701
26	97	0.0041251
27	28	0.080856
27	29	0.030891
27	30	0.019012
27	31	0.020582
27	32	0.0094027
27	33	0.0092454
27	34	0.0072737
27	35	0.0059668
27	36	0.0038442
27	37	0.0041731
27	38	0.0040287
27	39	0.0037071
27	40	0.0007115
27	41	0.0024224
27	42	0.0048967
27	43	0.0037679
27	44	0.0035637
27	45	0.00077634
27	46	0.0025879
27	47	0.0020755
27	48	0.0046856
27	49	0.0039141
27	50	0.0040399
27	51	0.0041589
27	52	0.0015617
27	53	0.0025296
27	54	0.0018598
27	55	0.0033285
27	56	0.0037257
27	57	0.0029349
27	58	0.0017359
27	59	0.0067216
27	60	0.0015856
27	61	0.00398
27	62	0.0029011
27	63	0.00071414
27	64	0.0019188
27	65	0.001179
27	66	0.002782
27	67	0.0019501
27	68	0.0016181
27	69	0.0025108
27	70	0.0022825
27	71	0.0037479
27	72	0.0023606
27	73	0.001647
27	74	0.0022457
27	75	0.00074823
27	76	0.0010193
27	77	0.0033545
27	78	0.0028008
27	79	0.0022438
27	80	0.0025973
27	81	0.0031155
27	82	0.0034028
27	83	0.003526
27	84	0.0019381
27	85	0.0018421
27	86	0.0028917
27	87	0.0010724
27	88	0.0014492
27	89	0.001408
27	90	0.0014729
27	91	0.001926
27	92	0.0031432
27	93	0.0052086
27	94	0.002435
27	95	0.0069889
27	96	0.008311
27	97	0.0047455
28	29	0.071138
28	30	0.033313
28	31	0.031366
28	32	0.015994
28	33	0.013839
28	34	0.0088404
28	35	0.0061069
28	36	0.0022131
28	37	0.0040041
28	38	0.0011597
28	39	0.0015809
28	40	0.0034134
28	41	0.0013281
28	42	0.0036916
28	43	0.0036153
28	44	0.0030775
28	45	0.0018622
28	46	0.0053801
28	47	0.0039828
28	48	0.002075
28	49	0.0058041
28	50	0.0042639
28	51	0.0036277
28	52	0.0022477
28	53	0.0017336
28	54	0.0017845
28	55	0.0028388
28	56	0.0058496
28	57	0.005984
28	58	0.0039974
28	59	0.0067887
28	60	0.0039555
28	61	0.0048602
28	62	0.006263
28	63	0.0030834
28	64	0.0047866
28	65	0.0022624
28	66	0.002002
28	67	0.0026195
28	68	0.0027171
28	69	0.0036136
28	70	0.0036501
28	71	0.0025173
28	72	0.00075499
28	73	0.0025284
28	74	0.0021548
28	75	0.0014358
28	76	0.00163
28	77	0.0036209
28	78	0.0034552
28	79	0.0050234
28	80	0.0062304
28	81	0.0048578
28	82	0.0044894
28	83	0.0033832
28	84	0.0034093
28	85	0.0035349
28	86	0.0024278
28	87	0.00034297
28	88	0.00069526
28	89	0
28	90	0.0014132
28	91	0.0029569
28	92	0.00086172
28	93	0.0037485
28	94	0
28	95	0.0036113
28	96	0.0021753
28	97	0
29	30	0.09048
29	31	0.044006
29	32	0.018143
29	33	0.016623
29	34	0.014934
29	35	0.010264
29	36	0.0083194
29	37	0.0056839
29	38	0.004024
29	39	0.0034285
29	40	0.0014805
29	41	0.007489
29	42	0.0084428
29	43	0.0053316
29	44	0.0047461
29	45	0.0032309
29	46	0.0068212
29	47	0.0058736
29	48	0.0033001
29	49	0.0053312
29	50	0.0043714
29	51	0.003147
29	52	0.0058496
29	53	0.0039102
29	54	0.0027864
29	55	0.0036939
29	56	0.003383
29	57	0.0027482
29	58	0.0040457
29	59	0.0053002
29	60	0.0031674
29	61	0.0045173
29	62	0.0027166
29	63	0.0032692
29	64	0.003833
29	65	0.0049066
29	66	0.0046312
29	67	0.003571
29	68	0.004714
29	69	0.0038314
29	70	0.005383
29	71	0.0031196
29	72	0.0019648
29	73	0.0038384
29	74	0.0021808
29	75	0.0012456
29	76	0.0033937
29	77	0.0038392
29	78	0.0033304
29	79	0.0056028
29	80	0.0061254
29	81	0.0042141
29	82	0.0035404
29	83	0.003261
29	84	0.0032264
29	85	0.0025554
29	86	0.0018052
29	87	0.0023802
29	88	0.002111
29	89	0.0023439
29	90	0.0021454
29	91	0.0028857
29	92	0.0026163
29	93	0.0028904
29	94	0.0027026
29	95	0.0022377
29	96	0.00062902
29	97	0.0039513
30	31	0.10735
30	32	0.027512
30	33	0.019254
30	34	0.014689
30	35	0.0086607
30	36	0.0076419
30	37	0.0053868
30	38	0.0030509
30	39	0.0031193
30	40	0.0037043
30	41	0.0049136
30	42	0.0062908
30	43	0.0049934
30	44	0.008771
30	45	0.0062465
30	46	0.0040829
30	47	0.0058939
30	48	0.0030707
30	49	0.0063998
30	50	0.0042066
30	51	0.0039368
30	52	0.0055438
30	53	0.0027365
30	54	0.0024647
30	55	0.0049011
30	56	0.0051298
30	57	0.0065981
30	58	0.0039437
30	59	0.005358
30	60	0.0048029
30	61	0.0054799
30	62	0.0044625
30	63	0.003042
30	64	0.0025428
30	65	0.0037201
30	66	0.00098754
30	67	0.0029536
30	68	0.0049782
30	69	0.0035651
30	70	0.0028809
30	71	0.003193
30	72	0.0033518
30	73	0.0028062
30	74	0.0017715
30	75	0.0017707
30	76	0.002573
30	77	0.0047631
30	78	0.0053025
30	79	0.0035399
30	80	0.00081955
30	81	0.0044238
30	82	0.0032211
30	83	0.0022252
30	84	0.0036692
30	85	0.0020343
30	86	0.002053
30	87	0.0010151
30	88	0.00034296
30	89	0.0023324
30	90	0.00069711
30	91	0.0018232
30	92	0.0012752
30	93	0.0049308
30	94	0.0023052
30	95	0.0020359
30	96	0.0028615
30	97	0
31	32	0.073874
31	33	0.032815
31	34	0.017928
31	35	0.0066182
31	36	0.0060405
31	37	0.0042078
31	38	0.0033513
31	39	0.0041879
31	40	0.0039458
31	41	0.0057574
31	42	0.0093754
31	43	0.0038309
31	44	0.0049409
31	45	0.0021527
31	46	0.0031894
31	47	0.002302
31	48	0.0029983
31	49	0.006249
31	50	0.0037341
31	51	0.0020968
31	52	0.0046914
31	53	0.0043421
31	54	0.0030942
31	55	0.0068366
31	56	0.0040698
31	57	0.0016954
31	58	0.0051344
31	59	0.0052317
31	60	0.0070346
31	61	0.0043475
31	62	0.0053629
31	63	0.0033004
31	64	0.003547
31	65	0.0043589
31	66	0.0032142
31	67	0.002884
31	68	0.0033652
31	69	0.0019339
31	70	0.0021097
31	71	0.0017321
31	72	0.0025455
31	73	0.0039579
31	74	0.0020757
31	75	0.0038037
31	76	0.0025124
31	77	0.0031005
31	78	0.0062871
31	79	0.0034565
31	80	0.0056017
31	81	0.0068393
31	82	0.0066836
31	83	0.0039834
31	84	0.0020899
31	85	0.0017026
31	86	0.0030069
31	87	0.0019824
31	88	0.0020093
31	89	0.0006507
31	90	0.0030631
31	91	0.0032045
31	92	0.0033204
31	93	0.0044133
31	94	0.0022508
31	95	0.0059635
31	96	0.0041909
31	97	0.0021938
32	33	0.1401
32	34	0.032277
32	35	0.017522
32	36	0.0063971
32	37	0.0048276
32	38	0.0031548
32	39	0.0040319
32	40	0.004527
32	41	0.0064361
32	42	0.0068475
32	43	0.0055324
32	44	0.0041861
32	45	0.0045596
32	46	0.0016888
32	47	0.0044695
32	48	0.0042338
32	49	0.0066179
32	50	0.0051409
32	51	0.0048112
32	52	0.0030575
32	53	0.0017686
32	54	0.0025487
32	55	0.0032581
32	56	0.0049731
32	57	0.0050275
32	58	0.0030586
32	59	0.0038092
32	60	0.0031042
32	61	0.0053125
32	62	0.0053246
32	63	0.0017476
32	64	0.0011269
32	65	0.0042315
32	66	0.0030636
32	67	0.0022907
32	68	0.0043559
32	69	0.0024577
32	70	0.0014895
32	71	0.0018344
32	72	0.0026958
32	73	0.0032243
32	74	0.0040301
32	75	0.0010986
32	76	0.0026607
32	77	0.003694
32	78	0.0058749
32	79	0.0040266
32	80	0.0080511
32	81	0.0041934
32	82	0.0058291
32	83	0.004602
32	84	0.0025295
32	85	0.0033057
32	86	0.0024768
32	87	0.0013996
32	88	0.0024826
32	89	0.0027565
32	90	0.0018022
32	91	0.0033936
32	92	0.0026373
32	93	0.003824
32	94	0.0023837
32	95	0.0042102
32	96	0.0051775
32	97	0.0046459
33	34	0.088716
33	35	0.012803
33	36	0.0078145
33	37	0.010604
33	38	0.0085307
33	39	0.0038376
33	40	0.0063276
33	41	0.0041035
33	42	0.0079988
33	43	0.0047871
33	44	0.0045277
33	45	0.0065755
33	46	0.0054799
33	47	0.004219
33	48	0.0033581
33	49	0.003918
33	50	0.0044483
33	51	0.0019214
33	52	0.0023149
33	53	0.0024486
33	54	0.0037806
33	55	0.0040721
33	56	0.0048769
33	57	0.0040395
33	58	0.0061753
33	59	0.0062924
33	60	0.0042975
33	61	0.0073549
33	62	0.0049144
33	63	0.002117
33	64	0.0029253
33	65	0.0043272
33	66	0.0029454
33	67	0.0036338
33	68	0.0044543
33	69	0.0056709
33	70	0.0048332
33	71	0.0038094
33	72	0.0033323
33	73	0.0041849
33	74	0.0031702
33	75	0.00031687
33	76	0.0031656
33	77	0.0049721
33	78	0.0027112
33	79	0.0031674
33	80	0.0047665
33	81	0.0032986
33	82	0.0043232
33	83	0.0026547
33	84	0.0038303
33	85	0.0028604
33	86	0.001837
33	87	0.00090828
33	88	0.0015344
33	89	0.0011926
33	90	0.0018713
33	91	0.0026102
33	92	0.0041837
33	93	0.0051471
33	94	0.001375
33	95	0.0077415
33	96	0.0025601
33	97	0.0020102
34	35	0.040644
34	36	0.0085388
34	37	0.0092693
34	38	0.011186
34	39	0.0082342
34	40	0.0035559
34	41	0.0096082
34	42	0.0101
34	43	0.0046031
34	44	0.0063327
34	45	0.0043111
34	46	0.0052693
34	47	0.0041491
34	48	0.0072054
34	49	0.0039519
34	50	0.0035894
34	51	0.004199
34	52	0.0069379
34	53	0.0052174
34	54	0.0033048
34	55	0.0073933
34	56	0.0067709
34	57	0.0048893
34	58	0.0042415
34	59	0.0066792
34	60	0.0063395
34	61	0.0032147
34	62	0.004833
34	63	0.0043622
34	64	0.0034096
34	65	0.0013094
34	66	0.0042484
34	67	0.0017326
34	68	0.0049421
34	69	0.003718
34	70	0.0038025
34	71	0.0054112
34	72	0.0048064
34	73	0.0036583
34	74	0.0033255
34	75	0.0012465
34	76	0.0030188
34	77	0.0051226
34	78	0.0053325
34	79	0.0029073
34	80	0.00625
34	81	0.0051902
34	82	0.002362
34	83	0.0026107
34	84	0.0039462
34	85	0.0023868
34	86	0.0020072
34	87	0.001588
34	88	0.0032191
34	89	0.0027365
34	90	0.0032715
34	91	0.0034225
34	92	0.006483
34	93	0.0033744
34	94	0.0036058
34	95	0.0041795
34	96	0.0092303
34	97	0.0079056
35	36	0.058838
35	37	0.044931
35	38	0.042208
35	39	0.027394
35	40	0.022363
35	41	0.020492
35	42	0.017207
35	43	0.012358
35	44	0.0061687
35	45	0.0077799
35	46	0.0098236
35	47	0.0068069
35	48	0.0059106
35	49	0.0077801
35	50	0.0092011
35	51	0.0082667
35	52	0.0056911
35	53	0.0052674
35	54	0.007455
35	55	0.0064015
35	56	0.0058627
35	57	0.0040106
35	58	0.0037955
35	59	0.004512
35	60	0.0037557
35	61	0.0049443
35	62	0.0039644
35	63	0.003253
35	64	0.0062929
35	65	0.0060864
35	66	0.0057026
35	67	0.0053298
35	68	0.0051596
35	69	0.0068622
35	70	0.0041589
35	71	0.0051217
35	72	0.0053764
35	73	0.0057017
35	74	0.0054558
35	75	0.0044307
35	76	0.0043335
35	77	0.0045841
35	78	0.0051033
35	79	0.0061324
35	80	0.0039438
35	81	0.0039028
35	82	0.0019376
35	83	0.0032123
35	84	0.0047085
35	85	0.0030767
35	86	0.0016465
35	87	0.0042334
35	88	0.0029706
35	89	0.0019241
35	90	0.0036901
35	91	0.0031586
35	92	0.0049093
35	93	0.0043502
35	94	0.0029582
35	95	0.0058785
35	96	0.0013772
35	97	0.0021629
36	37	0.085839
36	38	0.049657
36	39	0.042429
36	40	0.025056
36	41	0.021936
36	42	0.013549
36	43	0.014596
36	44	0.011295
36	45	0.0078602
36	46	0.012911
36	47	0.0076744
36	48	0.0082505
36	49	0.0081451
36	50	0.0078248
36	51	0.0099859
36	52	0.0096247
36	53	0.0079536
36	54	0.0088417
36	55	0.0035815
36	56	0.0035783
36	57	0.0038758
36	58	0.001834
36	59	0.0031145
36	60	0.0033502
36	61	0.004141
36	62	0.0022348
36	63	0.0034579
36	64	0.0084463
36	65	0.0069198
36	66	0.0073478
36	67	0.008241
36	68	0.0089039
36	69	0.013263
36	70	0.0070335
36	71	0.0072594
36	72	0.0086594
36	73	0.00348
36	74	0.0039543
36	75	0.0065874
36	76	0.0035896
36	77	0.002215
36	78	0.0042272
36	79	0.0029631
36	80	0.003049
36	81	0.0024001
36	82	0.0026214
36	83	0.0024145
36	84	0.0028439
36	85	0.00081088
36	86	0.0019094
36	87	0.0015735
36	88	0.0022328
36	89	0.0034089
36	90	0.0055111
36	91	0.004409
36	92	0.0023722
36	93	0.0049685
36	94	0.005003
36	95	0.0028406
36	96	0.0033275
36	97	0.0041811
37	38	0.087508
37	39	0.047955
37	40	0.028436
37	41	0.021648
37	42	0.011852
37	43	0.013095
37	44	0.010837
37	45	0.0087687
37	46	0.010493
37	47	0.0079343
37	48	0.012839
37	49	0.0064923
37	50	0.007371
37	51	0.0075553
37	52	0.0074629
37	53	0.0062793
37	54	0.0067865
37	55	0.0035345
37	56	0.0017656
37	57	0.0025499
37	58	0.0033181
37	59	0.0021515
37	60	0.0038573
37	61	0.0028292
37	62	0.0025205
37	63	0.0037228
37	64	0.0060014
37	65	0.0071703
37	66	0.0072513
37	67	0.0077939
37	68	0.0066781
37	69	0.0072716
37	70	0.0069411
37	71	0.0078153
37	72	0.007862
37	73	0.0042929
37	74	0.0045527
37	75	0.0097512
37	76	0.004428
37	77	0.0025502
37	78	0.0034764
37	79	0.0025993
37	80	0.0033851
37	81	0.002707
37	82	0.0011087
37	83	0.0037444
37	84	0.0050517
37	85	0.0032009
37	86	0.0025125
37	87	0.0037268
37	88	0.0015739
37	89	0.0055049
37	90	0.0047989
37	91	0.0050205
37	92	0.0035115
37	93	0.0011315
37	94	0.0091692
37	95	0.0032705
37	96	0.00065675
37	97	0.0041261
38	39	0.080948
38	40	0.033479
38	41	0.020754
38	42	0.016781
38	43	0.015644
38	44	0.0092066
38	45	0.007521
38	46	0.0067652
38	47	0.0080426
38	48	0.0083138
38	49	0.0088642
38	50	0.014164
38	51	0.010116
38	52	0.010807
38	53	0.0096688
38	54	0.0058341
38	55	0.0064831
38	56	0.0037499
38	57	0.0033848
38	58	0.0035236
38	59	0.0026112
38	60	0.0026332
38	61	0.0043397
38	62	0.0026766
38	63	0.0039533
38	64	0.0053109
38	65	0.0050762
38	66	0.0093046
38	67	0.010436
38	68	0.0082113
38	69	0.008108
38	70	0.0073709
38	71	0.010028
38	72	0.0065339
38	73	0.0075978
38	74	0.004144
38	75	0.004142
38	76	0.0037618
38	77	0.0038688
38	78	0.0040608
38	79	0.0024152
38	80	0.0015976
38	81	0.0025153
38	82	0.0015698
38	83	0.0050607
38	84	0.0026823
38	85	0.0016996
38	86	0.0046691
38	87	0.0026384
38	88	0.0036771
38	89	0.0029229
38	90	0.0050961
38	91	0.0042652
38	92	0.002486
38	93	0.0028038
38	94	0.0067412
38	95	0.0019846
38	96	0.0020924
38	97	0.002191
39	40	0.06007
39	41	0.050599
39	42	0.022437
39	43	0.026302
39	44	0.012439
39	45	0.013182
39	46	0.01302
39	47	0.009006
39	48	0.0102
39	49	0.0093985
39	50	0.010289
39	51	0.011056
39	52	0.0066295
39	53	0.0071585
39	54	0.0042105
39	55	0.0034886
39	56	0.0041535
39	57	0.0034606
39	58	0.0029475
39	59	0.0036708
39	60	0.0032905
39	61	0.0020478
39	62	0.0023945
39	63	0.0047155
39	64	0.0065159
39	65	0.0081557
39	66	0.0065608
39	67	0.0058866
39	68	0.010685
39	69	0.0090792
39	70	0.011125
39	71	0.0077782
39	72	0.0096494
39	73	0.0043502
39	74	0.00459
39	75	0.0081169
39	76	0.0067307
39	77	0.0015822
39	78	0.0049067
39	79	0.0031749
39	80	0.0028585
39	81	0.0029391
39	82	0.0028088
39	83	0.0025871
39	84	0.0018283
39	85	0.0011584
39	86	0.0027278
39	87	0.0026975
39	88	0.0027342
39	89	0.0036525
39	90	0.0034735
39	91	0.0032706
39	92	0.0029654
39	93	0.0024571
39	94	0.0038291
39	95	0.003551
39	96	0.0028525
39	97	0.0022402
40	41	0.10883
40	42	0.037331
40	43	0.027935
40	44	0.012775
40	45	0.0091713
40	46	0.012651
40	47	0.01116
40	48	0.0088096
40	49	0.008987
40	50	0.0075702
40	51	0.011397
40	52	0.010815
40	53	0.0082434
40	54	0.0090911
40	55	0.0048208
40	56	0.004967
40	57	0.0041844
40	58	0.0056571
40	59	0.0034586
40	60	0.0041337
40	61	0.0050112
40	62	0.0041362
40	63	0.0069817
40	64	0.0084414
40	65	0.0070438
40	66	0.0042498
40	67	0.0085794
40	68	0.0075805
40	69	0.005114
40	70	0.0065087
40	71	0.0064124
40	72	0.0051286
40	73	0.0045622
40	74	0.0042692
40	75	0.0073151
40	76	0.0077508
40	77	0.0030746
40	78	0.0052158
40	79	0.0051795
40	80	0.0014108
40	81	0.0009519
40	82	0.003119
40	83	0.0028728
40	84	0.0039476
40	85	0.0032517
40	86	0.0026505
40	87	0.0014561
40	88	0.0020662
40	89	0.004015
40	90	0.0048
40	91	0.0037663
40	92	0.0036587
40	93	0.0017685
40	94	0.010583
40	95	0.0026289
40	96	0.0030797
40	97	0
41	42	0.067084
41	43	0.027473
41	44	0.014404
41	45	0.010767
41	46	0.012648
41	47	0.0085532
41	48	0.0085695
41	49	0.0059221
41	50	0.0086446
41	51	0.009888
41	52	0.0052602
41	53	0.008878
41	54	0.00678
41	55	0.0058619
41	56	0.0032211
41	57	0.0043611
41	58	0.0035769
41	59	0.0033644
41	60	0.0037698
41	61	0.0025807
41	62	0.0040235
41	63	0.0048106
41	64	0.0057784
41	65	0.0059176
41	66	0.004134
41	67	0.0077275
41	68	0.0054503
41	69	0.0069645
41	70	0.0051254
41	71	0.0041585
41	72	0.0049888
41	73	0.0060042
41	74	0.0053394
41	75	0.0044474
41	76	0.0040391
41	77	0.0056494
41	78	0.0019026
41	79	0.004742
41	80	0.004117
41	81	0.0030865
41	82	0.0023598
41	83	0.002484
41	84	0.003072
41	85	0.0024331
41	86	0.0040106
41	87	0.0025496
41	88	0.0028713
41	89	0.0033476
41	90	0.0026264
41	91	0.0048849
41	92	0.0032031
41	93	0.0037846
41	94	0.0025736
41	95	0.0055405
41	96	0.0017974
41	97	0.0018821
42	43	0.046179
42	44	0.02398
42	45	0.014303
42	46	0.0089832
42	47	0.01197
42	48	0.01126
42	49	0.012542
42	50	0.0064722
42	51	0.0066629
42	52	0.0093826
42	53	0.0078156
42	54	0.005959
42	55	0.0079986
42	56	0.0075967
42	57	0.0061712
42	58	0.0091775
42	59	0.0051008
42	60	0.0063505
42	61	0.0055067
42	62	0.0052287
42	63	0.0034323
42	64	0.0036888
42	65	0.0037776
42	66	0.0030642
42	67	0.0049987
42	68	0.0042127
42	69	0.0020112
42	70	0.0033521
42	71	0.0030023
42	72	0.0031515
42	73	0.007388
42	74	0.0041975
42	75	0.0026971
42	76	0.0035382
42	77	0.0036948
42	78	0.0057692
42	79	0.0041938
42	80	0.0052015
42	81	0.0043676
42	82	0.0071553
42	83	0.0021969
42	84	0.003105
42	85	0.0044267
42	86	0.0034746
42	87	0.001718
42	88	0.0011609
42	89	0.0025377
42	90	0.0035395
42	91	0.0046287
42	92	0.0021583
42	93	0.0048683
42	94	0.0032514
42	95	0.0068919
42	96	0.0018164
42	97	0.0057058
43	44	0.068885
43	45	0.025792
43	46	0.019726
43	47	0.020775
43	48	0.021149
43	49	0.017195
43	50	0.013247
43	51	0.013376
43	52	0.012129
43	53	0.0059246
43	54	0.0070612
43	55	0.0082972
43	56	0.0058453
43	57	0.0047484
43	58	0.0047934
43	59	0.0051895
43	60	0.0065673
43	61	0.005932
43	62	0.0031292
43	63	0.0058541
43	64	0.0056293
43	65	0.0094951
43	66	0.0096024
43	67	0.0060579
43	68	0.0069816
43	69	0.0064998
43	70	0.0059089
43	71	0.0064683
43	72	0.0044135
43	73	0.0054005
43	74	0.0071055
43	75	0.0048424
43	76	0.006157
43	77	0.0036183
43	78	0.005179
43	79	0.0029043
43	80	0.0029884
43	81	0.0013443
43	82	0.0044046
43	83	0.0016904
43	84	0.0030661
43	85	0.0037089
43	86	0.0031192
43	87	0.0033929
43	88	0.0031264
43	89	0.0036449
43	90	0.0054017
43	91	0.0063161
43	92	0.0042627
43	93	0.00074924
43	94	0.0049039
43	95	0.0018563
43	96	0
43	97	0.0020495
44	45	0.083954
44	46	0.043299
44	47	0.030829
44	48	0.027064
44	49	0.029332
44	50	0.019783
44	51	0.017897
44	52	0.014021
44	53	0.0076681
44	54	0.0075893
44	55	0.0078477
44	56	0.0049757
44	57	0.0059882
44	58	0.0039669
44	59	0.0037534
44	60	0.0046586
44	61	0.00502
44	62	0.0032556
44	63	0.0049541
44	64	0.0068903
44	65	0.0028867
44	66	0.0053925
44	67	0.0089129
44	68	0.0095748
44	69	0.0078553
44	70	0.0043468
44	71	0.0045884
44	72	0.006422
44	73	0.0048391
44	74	0.0048876
44	75	0.0033587
44	76	0.0033276
44	77	0.0027378
44	78	0.0048984
44	79	0.0018313
44	80	0.0021199
44	81	0.0019072
44	82	0.004166
44	83	0.0047964
44	84	0.0021091
44	85	0.003508
44	86	0.0032452
44	87	0.0023339
44	88	0.0026613
44	89	0.0022983
44	90	0.0048085
44	91	0.0044018
44	92	0.0036652
44	93	0.0046061
44	94	0.0046381
44	95	0.0017556
44	96	0.003085
44	97	0.0058148
45	46	0.086655
45	47	0.047601
45	48	0.036207
45	49	0.028785
45	50	0.02083
45	51	0.019494
45	52	0.012495
45	53	0.0086734
45	54	0.0059517
45	55	0.0065752
45	56	0.0063229
45	57	0.0048918
45	58	0.0052467
45	59	0.0066041
45	60	0.0053561
45	61	0.0045029
45	62	0.0058026
45	63	0.0069831
45	64	0.0064816
45	65	0.0048909
45	66	0.0061827
45	67	0.0038138
45	68	0.0082713
45	69	0.0074401
45	70	0.0047346
45	71	0.0049977
45	72	0.0059457
45	73	0.0040995
45	74	0.0046582
45	75	0.0053211
45	76	0.0057388
45	77	0.0048459
45	78	0.0039126
45	79	0.0039893
45	80	0.004618
45	81	0.0024235
45	82	0.0030251
45	83	0.0031346
45	84	0.005456
45	85	0.0027292
45	86	0.0035347
45	87	0.0038131
45	88	0.0028987
45	89	0.0043808
45	90	0.0036007
45	91	0.0023972
45	92	0.0023953
45	93	0.0027016
45	94	0.0028869
45	95	0.0023905
45	96	0.0020164
45	97	0.0021116
46	47	0.082005
46	48	0.053404
46	49	0.038312
46	50	0.027934
46	51	0.016059
46	52	0.015426
46	53	0.0089236
46	54	0.0077156
46	55	0.0051143
46	56	0.0036801
46	57	0.0050732
46	58	0.0051441
46	59	0.0024461
46	60	0.0050118
46	61	0.0028591
46	62	0.0025074
46	63	0.0031743
46	64	0.0056858
46	65	0.0073755
46	66	0.003435
46	67	0.0057788
46	68	0.0067931
46	69	0.0078538
46	70	0.0048851
46	71	0.0059235
46	72	0.0066066
46	73	0.0039045
46	74	0.002588
46	75	0.0036954
46	76	0.0030205
46	77	0.002071
46	78	0.0027666
46	79	0.0022164
46	80	0.0029933
46	81	0.0011541
46	82	0.0042017
46	83	0.003483
46	84	0.0028717
46	85	0.0030326
46	86	0.0046417
46	87	0.0035308
46	88	0.0035788
46	89	0.0041724
46	90	0.0054559
46	91	0.0038053
46	92	0.0039924
46	93	0.0025731
46	94	0.0056137
46	95	0.002125
46	96	0.0022406
46	97	0
47	48	0.076408
47	49	0.055136
47	50	0.026883
47	51	0.025159
47	52	0.019671
47	53	0.010305
47	54	0.0063645
47	55	0.0066797
47	56	0.0045076
47	57	0.0041849
47	58	0.0039604
47	59	0.0036992
47	60	0.0027131
47	61	0.0065349
47	62	0.003792
47	63	0.004752
47	64	0.0054719
47	65	0.007098
47	66	0.0052892
47	67	0.0048199
47	68	0.0069221
47	69	0.0059671
47	70	0.0054246
47	71	0.0067695
47	72	0.0056101
47	73	0.004697
47	74	0.0064045
47	75	0.0035564
47	76	0.0025839
47	77	0.0027903
47	78	0.0026626
47	79	0.003555
47	80	0.0037037
47	81	0.0033321
47	82	0.0040436
47	83	0.0026071
47	84	0.0033778
47	85	0.0035022
47	86	0.0024053
47	87	0.005097
47	88	0.0024109
47	89	0.0043501
47	90	0.0056007
47	91	0.0021973
47	92	0.0038422
47	93	0.0037144
47	94	0.0054025
47	95	0.0035788
47	96	0.00071875
47	97	0
48	49	0.086353
48	50	0.036015
48	51	0.022782
48	52	0.020626
48	53	0.011633
48	54	0.0082897
48	55	0.0054948
48	56	0.0075485
48	57	0.0063591
48	58	0.0077375
48	59	0.0029201
48	60	0.0049734
48	61	0.0038825
48	62	0.0047893
48	63	0.0064841
48	64	0.0028508
48	65	0.0071365
48	66	0.0040186
48	67	0.0080484
48	68	0.0070124
48	69	0.0051813
48	70	0.0043963
48	71	0.0077343
48	72	0.0077941
48	73	0.0054379
48	74	0.0040164
48	75	0.0077202
48	76	0.0028046
48	77	0.0020767
48	78	0.0026422
48	79	0.0067911
48	80	0.003216
48	81	0.0032148
48	82	0.0021067
48	83	0.0038808
48	84	0.0021331
48	85	0.0015205
48	86	0.0017902
48	87	0.0026555
48	88	0.0029906
48	89	0.0043584
48	90	0.0027355
48	91	0.0054059
48	92	0.0029656
48	93	0.0014334
48	94	0.0060313
48	95	0.0035514
48	96	0.0031204
48	97	0.0019607
49	50	0.051357
49	51	0.033275
49	52	0.018135
49	53	0.012368
49	54	0.0096994
49	55	0.0096438
49	56	0.0077281
49	57	0.0071748
49	58	0.0065071
49	59	0.0043242
49	60	0.0046515
49	61	0.0050123
49	62	0.0085698
49	63	0.0049465
49	64	0.0062543
49	65	0.0038429
49	66	0.0079347
49	67	0.0044496
49	68	0.0089008
49	69	0.0061382
49	70	0.0055802
49	71	0.0051922
49	72	0.0048091
49	73	0.0034895
49	74	0.0073202
49	75	0.0030486
49	76	0.0030456
49	77	0.0023919
49	78	0.0035867
49	79	0.0036569
49	80	0.0035277
49	81	0.0022216
49	82	0.0031197
49	83	0.0031927
49	84	0.0018426
49	85	0.0032524
49	86	0.0017674
49	87	0.0026216
49	88	0.0029524
49	89	0.0031553
49	90	0.004201
49	91	0.0025115
49	92	0.0036596
49	93	0.0045992
49	94	0.0059543
49	95	0.0043825
49	96	0.0024644
49	97	0
50	51	0.088499
50	52	0.039012
50	53	0.020394
50	54	0.015142
50	55	0.0099225
50	56	0.0078339
50	57	0.0081458
50	58	0.0061029
50	59	0.0055641
50	60	0.0032273
50	61	0.0040169
50	62	0.0030195
50	63	0.0079284
50	64	0.009941
50	65	0.0069082
50	66	0.0099737
50	67	0.0075777
50	68	0.0082341
50	69	0.0092919
50	70	0.0091511
50	71	0.0069352
50	72	0.006552
50	73	0.0060951
50	74	0.0065795
50	75	0.005538
50	76	0.0040865
50	77	0.0046554
50	78	0.0055528
50	79	0.0055358
50	80	0.0052067
50	81	0.0018016
50	82	0.0023613
50	83	0.0054372
50	84	0.0035863
50	85	0.0019883
50	86	0.0026754
50	87	0.0026457
50	88	0.0023464
50	89	0.0032567
50	90	0.0054509
50	91	0.0057027
50	92	0.0058169
50	93	0.003615
50	94	0.0075114
50	95	0.0034831
50	96	0.0020986
50	97	0
51	52	0.067274
51	53	0.025031
51	54	0.019001
51	55	0.011848
51	56	0.0070383
51	57	0.008894
51	58	0.0078158
51	59	0.0058199
51	60	0.0082372
51	61	0.0059522
51	62	0.0034539
51	63	0.0040191
51	64	0.0076422
51	65	0.010889
51	66	0.0075275
51	67	0.0097933
51	68	0.01226
51	69	0.01087
51	70	0.0069173
51	71	0.0077885
51	72	0.0085164
51	73	0.0077007
51	74	0.0058335
51	75	0.0051828
51	76	0.0055896
51	77	0.0025415
51	78	0.0027716
51	79	0.0025904
51	80	0.0056225
51	81	0.0037094
51	82	0.0025782
51	83	0.0040708
51	84	0.0047548
51	85	0.0034558
51	86	0.0037558
51	87	0.002476
51	88	0.0037645
51	89	0.00701
51	90	0.0054202
51	91	0.0040028
51	92	0.0031108
51	93	0.0026314
51	94	0.0049208
51	95	0.0051225
51	96	0.0013094
51	97	0
52	53	0.055251
52	54	0.040242
52	55	0.024139
52	56	0.013931
52	57	0.014761
52	58	0.0099337
52	59	0.0063263
52	60	0.006805
52	61	0.0058231
52	62	0.0077818
52	63	0.0098971
52	64	0.0089212
52	65	0.013704
52	66	0.009639
52	67	0.013252
52	68	0.01049
52	69	0.0097284
52	70	0.011565
52	71	0.0090483
52	72	0.0070357
52	73	0.0061851
52	74	0.0056894
52	75	0.0076937
52	76	0.0057722
52	77	0.0037493
52	78	0.0050087
52	79	0.0050157
52	80	0.005032
52	81	0.0024377
52	82	0.0026624
52	83	0.0059554
52	84	0.0023106
52	85	0.0021961
52	86	0.0029089
52	87	0.0028765
52	88	0.0035635
52	89	0.0031474
52	90	0.0059265
52	91	0.0031002
52	92	0.0032124
52	93	0.0042702
52	94	0.0043557
52	95	0.0019236
52	96	0.0020283
52	97	0.0021242
53	54	0.12005
53	55	0.037644
53	56	0.021582
53	57	0.019126
53	58	0.012929
53	59	0.0084901
53	60	0.01076
53	61	0.0080843
53	62	0.0087029
53	63	0.0079782
53	64	0.012068
53	65	0.010082
53	66	0.011224
53	67	0.0074236
53	68	0.0083695
53	69	0.0048483
53	70	0.0085004
53	71	0.0052729
53	72	0.0084654
53	73	0.0079053
53	74	0.0068145
53	75	0.0086688
53	76	0.007873
53	77	0.0031231
53	78	0.0062914
53	79	0.0049517
53	80	0.0032243
53	81	0.0019338
53	82	0.0042242
53	83	0.0038908
53	84	0.0029406
53	85	0.0027948
53	86	0.0035897
53	87	0.004733
53	88	0.0038978
53	89	0.0046609
53	90	0.0048757
53	91	0.0054199
53	92	0.0044599
53	93	0.0046709
53	94	0.0053752
53	95	0.0048961
53	96	0.0018773
53	97	0.0019662
54	55	0.054814
54	56	0.023369
54	57	0.026249
54	58	0.012421
54	59	0.0078349
54	60	0.006753
54	61	0.0080131
54	62	0.0067957
54	63	0.010341
54	64	0.010133
54	65	0.0083688
54	66	0.0091828
54	67	0.012292
54	68	0.0096487
54	69	0.0081986
54	70	0.0097217
54	71	0.0086201
54	72	0.0083784
54	73	0.0070147
54	74	0.0054201
54	75	0.0073295
54	76	0.005499
54	77	0.0050006
54	78	0.0047717
54	79	0.0047783
54	80	0.0033188
54	81	0.0039811
54	82	0.0047104
54	83	0.0046723
54	84	0.0046777
54	85	0.0033998
54	86	0.0036949
54	87	0.0030448
54	88	0.0058638
54	89	0.0047975
54	90	0.0059597
54	91	0.0055788
54	92	0.003443
54	93	0.0051777
54	94	0.0062245
54	95	0.0045816
54	96	0.0019325
54	97	0
55	56	0.082901
55	57	0.045363
55	58	0.026758
55	59	0.017677
55	60	0.0096686
55	61	0.014402
55	62	0.0082924
55	63	0.0090723
55	64	0.0094253
55	65	0.0063239
55	66	0.0079521
55	67	0.0079278
55	68	0.0065098
55	69	0.0028354
55	70	0.0045108
55	71	0.0038092
55	72	0.0043318
55	73	0.0083694
55	74	0.0053891
55	75	0.0050696
55	76	0.0057553
55	77	0.0067477
55	78	0.0044055
55	79	0.0066513
55	80	0.0047664
55	81	0.0062673
55	82	0.0043232
55	83	0.0043137
55	84	0.0057453
55	85	0.0033803
55	86	0.0045922
55	87	0.0024219
55	88	0.0018411
55	89	0.00477
55	90	0.004678
55	91	0.0029365
55	92	0.0038036
55	93	0.005148
55	94	0.0068764
55	95	0.0045553
55	96	0.0019214
55	97	0
56	57	0.09874
56	58	0.034469
56	59	0.020854
56	60	0.013528
56	61	0.016558
56	62	0.0087196
56	63	0.010247
56	64	0.0062507
56	65	0.0073158
56	66	0.005125
56	67	0.0054454
56	68	0.0065895
56	69	0.0045443
56	70	0.0023607
56	71	0.0052329
56	72	0.0045776
56	73	0.007665
56	74	0.0031935
56	75	0.0043527
56	76	0.0068521
56	77	0.0071555
56	78	0.0074486
56	79	0.0072517
56	80	0.0050368
56	81	0.0081565
56	82	0.0059389
56	83	0.0060779
56	84	0.0042595
56	85	0.0040484
56	86	0.0039253
56	87	0.0044362
56	88	0.0033723
56	89	0.0035494
56	90	0.0028562
56	91	0.0026894
56	92	0.0059219
56	93	0.0037044
56	94	0.0018893
56	95	0.0058405
56	96	0.0029326
56	97	0.0018428
57	58	0.073503
57	59	0.024371
57	60	0.014387
57	61	0.012463
57	62	0.0094445
57	63	0.0098994
57	64	0.012251
57	65	0.0085843
57	66	0.0061353
57	67	0.0065534
57	68	0.0040785
57	69	0.0077347
57	70	0.0054334
57	71	0.0056679
57	72	0.0066108
57	73	0.0088557
57	74	0.0044024
57	75	0.0066004
57	76	0.00628
57	77	0.0059889
57	78	0.0060509
57	79	0.0037702
57	80	0.0069104
57	81	0.0042537
57	82	0.0042885
57	83	0.0065832
57	84	0.0051564
57	85	0.0054167
57	86	0.0042516
57	87	0.003904
57	88	0.0051746
57	89	0.0041403
57	90	0.0049499
57	91	0.0067969
57	92	0.006037
57	93	0.0043772
57	94	0.0047749
57	95	0.0022594
57	96	0.001906
57	97	0
58	59	0.093664
58	60	0.033281
58	61	0.014671
58	62	0.010668
58	63	0.0096524
58	64	0.014035
58	65	0.0081239
58	66	0.0094007
58	67	0.0068222
58	68	0.005468
58	69	0.005989
58	70	0.0066544
58	71	0.006556
58	72	0.0031281
58	73	0.007857
58	74	0.0068447
58	75	0.0053541
58	76	0.0051327
58	77	0.003334
58	78	0.0066808
58	79	0.005352
58	80	0.006884
58	81	0.0052642
58	82	0.0040585
58	83	0.0071647
58	84	0.007705
58	85	0.0041498
58	86	0.0040236
58	87	0.0031263
58	88	0.0048971
58	89	0.0041981
58	90	0.0049772
58	91	0.0033693
58	92	0.0060702
58	93	0.0031068
58	94	0.0025821
58	95	0.0034211
58	96	0.0060122
58	97	0.001889
59	60	0.088634
59	61	0.031364
59	62	0.019978
59	63	0.0095462
59	64	0.0096378
59	65	0.0066861
59	66	0.0047895
59	67	0.0028438
59	68	0.0042607
59	69	0.0040683
59	70	0.0033903
59	71	0.0042511
59	72	0.0044624
59	73	0.0053373
59	74	0.0048518
59	75	0.0048495
59	76	0.0074322
59	77	0.0078135
59	78	0.0074558
59	79	0.0054535
59	80	0.0056116
59	81	0.005364
59	82	0.007237
59	83	0.0044438
59	84	0.0054958
59	85	0.0067158
59	86	0.0052713
59	87	0.0031855
59	88	0.0044029
59	89	0.0014259
59	90	0.0026849
59	91	0.0040574
59	92	0.0069129
59	93	0.0049243
59	94	0.0032888
59	95	0.0052287
59	96	0.0030629
59	97	0.0057738
60	61	0.11351
60	62	0.034236
60	63	0.021522
60	64	0.014213
60	65	0.0094181
60	66	0.01187
60	67	0.0084973
60	68	0.0061695
60	69	0.0033429
60	70	0.0052493
60	71	0.0070769
60	72	0.005143
60	73	0.0059804
60	74	0.0040773
60	75	0.003532
60	76	0.004935
60	77	0.0054814
60	78	0.009008
60	79	0.0048885
60	80	0.0053446
60	81	0.0076367
60	82	0.0052516
60	83	0.004837
60	84	0.0056302
60	85	0.00602
60	86	0.0044627
60	87	0.0064897
60	88	0.0063148
60	89	0.0033232
60	90	0.0029416
60	91	0.002518
60	92	0.0045661
60	93	0.0034684
60	94	0.0017689
60	95	0.0042967
60	96	0.0032951
60	97	0.0017256
61	62	0.07031
61	63	0.036982
61	64	0.013673
61	65	0.016932
61	66	0.011526
61	67	0.0093718
61	68	0.010391
61	69	0.0058946
61	70	0.0066196
61	71	0.0043478
61	72	0.0058679
61	73	0.0073693
61	74	0.0052723
61	75	0.0037198
61	76	0.0070382
61	77	0.006254
61	78	0.00431
61	79	0.004648
61	80	0.0053805
61	81	0.0041952
61	82	0.0049344
61	83	0.0068173
61	84	0.0056208
61	85	0.0035615
61	86	0.0038937
61	87	0.0041465
61	88	0.0036024
61	89	0.0032083
61	90	0.0048818
61	91	0.0073419
61	92	0.0048376
61	93	0.0057559
61	94	0.0047091
61	95	0.0053479
61	96	0.0062655
61	97	0.0019686
62	63	0.089552
62	64	0.034418
62	65	0.025456
62	66	0.014151
62	67	0.012632
62	68	0.011087
62	69	0.0076456
62	70	0.0066346
62	71	0.0043577
62	72	0.006208
62	73	0.0087538
62	74	0.0059059
62	75	0.004039
62	76	0.0053612
62	77	0.00592
62	78	0.0053167
62	79	0.0040374
62	80	0.0064713
62	81	0.005822
62	82	0.0045924
62	83	0.0039044
62	84	0.0048288
62	85	0.007649
62	86	0.0072046
62	87	0.0047497
62	88	0.0048142
62	89	0.0040926
62	90	0.0039755
62	91	0.0057589
62	92	0.0044756
62	93	0.0064901
62	94	0.0047198
62	95	0.00536
62	96	0.0062798
62	97	0
63	64	0.084724
63	65	0.044346
63	66	0.024455
63	67	0.022963
63	68	0.019848
63	69	0.014372
63	70	0.010266
63	71	0.01042
63	72	0.0086864
63	73	0.011582
63	74	0.0079577
63	75	0.0088716
63	76	0.0055567
63	77	0.0068577
63	78	0.0049078
63	79	0.0067276
63	80	0.003186
63	81	0.0035032
63	82	0.0045218
63	83	0.0048056
63	84	0.0060753
63	85	0.0065273
63	86	0.0076851
63	87	0.0075996
63	88	0.006814
63	89	0.0054689
63	90	0.0039144
63	91	0.0078756
63	92	0.0033051
63	93	0.0042603
63	94	0.0066391
63	95	0.0048379
63	96	0.0012367
63	97	0.0019428
64	65	0.067001
64	66	0.044619
64	67	0.027421
64	68	0.020976
64	69	0.010665
64	70	0.011033
64	71	0.013505
64	72	0.012102
64	73	0.008395
64	74	0.0088813
64	75	0.010521
64	76	0.0089579
64	77	0.0036851
64	78	0.0049229
64	79	0.007559
64	80	0.003424
64	81	0.0027382
64	82	0.0033644
64	83	0.006542
64	84	0.0036905
64	85	0.0029679
64	86	0.0057181
64	87	0.0053403
64	88	0.0066865
64	89	0.0068057
64	90	0.0097083
64	91	0.005417
64	92	0.0071042
64	93	0.0053417
64	94	0.0099892
64	95	0.0023633
64	96	0.0019936
64	97	0.0020879
65	66	0.08325
65	67	0.040367
65	68	0.024029
65	69	0.016195
65	70	0.014722
65	71	0.0091075
65	72	0.012393
65	73	0.0094866
65	74	0.0053897
65	75	0.012794
65	76	0.0055042
65	77	0.0056608
65	78	0.0021606
65	79	0.0047119
65	80	0.0062338
65	81	0.0035052
65	82	0.0030626
65	83	0.0070521
65	84	0.0055237
65	85	0.0063551
65	86	0.0048798
65	87	0.0054689
65	88	0.0065214
65	89	0.0088704
65	90	0.0099421
65	91	0.010402
65	92	0.0064669
65	93	0.0066426
65	94	0.0065763
65	95	0.0029043
65	96	0.0034027
65	97	0
66	67	0.063675
66	68	0.031573
66	69	0.019329
66	70	0.020905
66	71	0.012835
66	72	0.015353
66	73	0.011018
66	74	0.0080482
66	75	0.0083423
66	76	0.0054118
66	77	0.0066788
66	78	0.0054171
66	79	0.0062543
66	80	0.0044819
66	81	0.0049627
66	82	0.0044039
66	83	0.0087365
66	84	0.0056596
66	85	0.0036675
66	86	0.0043181
66	87	0.0074015
66	88	0.0086561
66	89	0.007569
66	90	0.0079178
66	91	0.0098177
66	92	0.008226
66	93	0.0069151
66	94	0.0077589
66	95	0.0051398
66	96	0.0030107
66	97	0
67	68	0.067931
67	69	0.034761
67	70	0.023446
67	71	0.018747
67	72	0.020031
67	73	0.015005
67	74	0.010698
67	75	0.0080197
67	76	0.0081939
67	77	0.005618
67	78	0.0039313
67	79	0.0030062
67	80	0.0050267
67	81	0.0038265
67	82	0.0045592
67	83	0.0069989
67	84	0.0063475
67	85	0.0076783
67	86	0.0012915
67	87	0.0076626
67	88	0.007443
67	89	0.010375
67	90	0.01184
67	91	0.0061937
67	92	0.0036101
67	93	0.0077556
67	94	0.0087019
67	95	0.0086467
67	96	0.00067533
67	97	0.0021217
68	69	0.059704
68	70	0.037007
68	71	0.034376
68	72	0.026608
68	73	0.021972
68	74	0.012483
68	75	0.012131
68	76	0.0091285
68	77	0.0050502
68	78	0.0063018
68	79	0.0076221
68	80	0.0080212
68	81	0.0032473
68	82	0.0047289
68	83	0.0054446
68	84	0.0053867
68	85	0.003982
68	86	0.0070325
68	87	0.0099348
68	88	0.0046992
68	89	0.0065222
68	90	0.0088697
68	91	0.0067811
68	92	0.0095692
68	93	0.0068375
68	94	0.0082735
68	95	0.011958
68	96	0.0049029
68	97	0
69	70	0.079843
69	71	0.051364
69	72	0.042983
69	73	0.030621
69	74	0.011837
69	75	0.013266
69	76	0.01042
69	77	0.0072333
69	78	0.0088195
69	79	0.0093181
69	80	0.0053933
69	81	0.0037324
69	82	0.0044841
69	83	0.0075094
69	84	0.0052626
69	85	0.0073556
69	86	0.0031177
69	87	0.005481
69	88	0.0065971
69	89	0.0084335
69	90	0.011645
69	91	0.007753
69	92	0.0094682
69	93	0.0045765
69	94	0.0093362
69	95	0.0061845
69	96	0.0043469
69	97	0.0068278
70	71	0.080001
70	72	0.047302
70	73	0.029272
70	74	0.015326
70	75	0.010104
70	76	0.010953
70	77	0.0069411
70	78	0.0083663
70	79	0.0091226
70	80	0.0075431
70	81	0.0047503
70	82	0.0040765
70	83	0.0078507
70	84	0.0059099
70	85	0.0034772
70	86	0.0050388
70	87	0.005917
70	88	0.0066287
70	89	0.01012
70	90	0.0089826
70	91	0.0093976
70	92	0.0070425
70	93	0.0045387
70	94	0.011317
70	95	0.0065594
70	96	0.0039518
70	97	0.0041382
71	72	0.074631
71	73	0.046085
71	74	0.024416
71	75	0.014771
71	76	0.013415
71	77	0.0093578
71	78	0.0075557
71	79	0.010593
71	80	0.0048305
71	81	0.0056829
71	82	0.006937
71	83	0.0073983
71	84	0.0066543
71	85	0.0034258
71	86	0.0037232
71	87	0.0070567
71	88	0.0080855
71	89	0.010877
71	90	0.015171
71	91	0.0089278
71	92	0.0084801
71	93	0.005962
71	94	0.0090587
71	95	0.0069238
71	96	0.0032444
71	97	0.0061152
72	73	0.064404
72	74	0.026642
72	75	0.014831
72	76	0.015001
72	77	0.0094453
72	78	0.0082918
72	79	0.013141
72	80	0.0062408
72	81	0.0049127
72	82	0.0065154
72	83	0.010237
72	84	0.0075672
72	85	0.0041493
72	86	0.004234
72	87	0.0096621
72	88	0.0075082
72	89	0.0082461
72	90	0.011612
72	91	0.012149
72	92	0.0068786
72	93	0.0046939
72	94	0.010972
72	95	0.0072682
72	96	0.004087
72	97	0.0021399
73	74	0.061835
73	75	0.020602
73	76	0.018198
73	77	0.02151
73	78	0.01811
73	79	0.013541
73	80	0.0088172
73	81	0.010577
73	82	0.0099472
73	83	0.0097531
73	84	0.009016
73	85	0.0067164
73	86	0.0046355
73	87	0.0072805
73	88	0.0065594
73	89	0.0087627
73	90	0.0061111
73	91	0.00959
73	92	0.0098243
73	93	0.0081873
73	94	0.0030621
73	95	0.0040568
73	96	0.0034217
73	97	0.0053747
74	75	0.082414
74	76	0.062034
74	77	0.028395
74	78	0.02195
74	79	0.019554
74	80	0.012245
74	81	0.0076782
74	82	0.0087506
74	83	0.014105
74	84	0.013567
74	85	0.0036843
74	86	0.005887
74	87	0.0079664
74	88	0.0071429
74	89	0.011767
74	90	0.012625
74	91	0.0066043
74	92	0.0073138
74	93	0.0066982
74	94	0.010438
74	95	0.0041487
74	96	0.0019441
74	97	0.0081431
75	76	0.098683
75	77	0.034129
75	78	0.018512
75	79	0.019865
75	80	0.015207
75	81	0.0090093
75	82	0.0098399
75	83	0.010741
75	84	0.0074724
75	85	0.0094694
75	86	0.0061939
75	87	0.010106
75	88	0.010554
75	89	0.012968
75	90	0.012304
75	91	0.0066012
75	92	0.0061562
75	93	0.0074393
75	94	0.011825
75	95	0.0036863
75	96	0.0045346
75	97	0
76	77	0.061993
76	78	0.0302
76	79	0.024443
76	80	0.015832
76	81	0.01091
76	82	0.0092675
76	83	0.013718
76	84	0.010808
76	85	0.0078834
76	86	0.005344
76	87	0.0083441
76	88	0.0081755
76	89	0.0098603
76	90	0.010888
76	91	0.010492
76	92	0.0087361
76	93	0.0087832
76	94	0.006949
76	95	0.0020924
76	96	0.0029416
76	97	0
77	78	0.081842
77	79	0.029807
77	80	0.019954
77	81	0.018326
77	82	0.018381
77	83	0.015049
77	84	0.010857
77	85	0.010024
77	86	0.0083308
77	87	0.0061787
77	88	0.0059147
77	89	0.0050704
77	90	0.0099009
77	91	0.0081386
77	92	0.0081936
77	93	0.0095883
77	94	0.0023388
77	95	0.0061968
77	96	0.0050814
77	97	0.0068411
78	79	0.087725
78	80	0.024991
78	81	0.021056
78	82	0.01754
78	83	0.016514
78	84	0.013024
78	85	0.010409
78	86	0.0069558
78	87	0.011464
78	88	0.0082998
78	89	0.0090314
78	90	0.0050612
78	91	0.011296
78	92	0.0086416
78	93	0.0079561
78	94	0.0096709
78	95	0.0073917
78	96	0.0055419
78	97	0
79	80	0.075633
79	81	0.029352
79	82	0.023679
79	83	0.019797
79	84	0.013832
79	85	0.010517
79	86	0.0077393
79	87	0.0076533
79	88	0.0093087
79	89	0.0069337
79	90	0.0091454
79	91	0.0049489
79	92	0.0088459
79	93	0.0096668
79	94	0.0055622
79	95	0.0050662
79	96	0.0045321
79	97	0.0020339
80	81	0.098844
80	82	0.040062
80	83	0.024859
80	84	0.021136
80	85	0.010957
80	86	0.0050171
80	87	0.004607
80	88	0.010057
80	89	0.0066305
80	90	0.0083963
80	91	0.0080203
80	92	0.0093493
80	93	0.0077467
80	94	0.0048289
80	95	0.0079966
80	96	0.0044962
80	97	0.0047079
81	82	0.09257
81	83	0.036342
81	84	0.021032
81	85	0.015882
81	86	0.009672
81	87	0.0057388
81	88	0.0080788
81	89	0.0075349
81	90	0.008539
81	91	0.0082461
81	92	0.010414
81	93	0.0092921
81	94	0.0036201
81	95	0.01103
81	96	0.011459
81	97	0.0042346
82	83	0.082819
82	84	0.034928
82	85	0.015552
82	86	0.013381
82	87	0.0080089
82	88	0.010941
82	89	0.0048006
82	90	0.0050218
82	91	0.0045032
82	92	0.0096239
82	93	0.013955
82	94	0.0047448
82	95	0.011524
82	96	0.0073629
82	97	0.0023128
83	84	0.092746
83	85	0.022588
83	86	0.015892
83	87	0.019564
83	88	0.018529
83	89	0.016107
83	90	0.0072685
83	91	0.0096782
83	92	0.006044
83	93	0.0077903
83	94	0.0043705
83	95	0.0086852
83	96	0.0081394
83	97	0.0021308
84	85	0.053827
84	86	0.034495
84	87	0.027236
84	88	0.02573
84	89	0.025519
84	90	0.015799
84	91	0.0091194
84	92	0.010963
84	93	0.010919
84	94	0.0036033
84	95	0.0091494
84	96	0.006151
84	97	0.0087827
85	86	0.14537
85	87	0.049008
85	88	0.04891
85	89	0.030442
85	90	0.017087
85	91	0.012189
85	92	0.01042
85	93	0.011904
85	94	0.0074205
85	95	0.0075623
85	96	0.010631
85	97	0.0033397
86	87	0.094393
86	88	0.065983
86	89	0.043126
86	90	0.021642
86	91	0.015626
86	92	0.011524
86	93	0.011141
86	94	0.0073926
86	95	0.0089037
86	96	0.0081358
86	97	0.0058983
87	88	0.12219
87	89	0.061953
87	90	0.021402
87	91	0.015453
87	92	0.013235
87	93	0.0078189
87	94	0.005317
87	95	0.0048431
87	96	0.0068088
87	97	0
88	89	0.080318
88	90	0.032386
88	91	0.016302
88	92	0.014905
88	93	0.0075648
88	94	0.012126
88	95	0.0058013
88	96	0.005019
88	97	0
89	90	0.081037
89	91	0.038198
89	92	0.023169
89	93	0.015748
89	94	0.021597
89	95	0.0073697
89	96	0.0036565
89	97	0.0019145
90	91	0.094534
90	92	0.047715
90	93	0.017572
90	94	0.019853
90	95	0.012697
90	96	0.0031871
90	97	0
91	92	0.11132
91	93	0.029104
91	94	0.028645
91	95	0.015178
91	96	0.013333
91	97	0.0020936
92	93	0.077665
92	94	0.029214
92	95	0.036486
92	96	0.013982
92	97	0.012195
93	94	0.075027
93	95	0.074257
93	96	0.033769
93	97	0.018842
94	95	0.072927
94	96	0.028066
94	97	0.017617
95	96	0.10957
95	97	0.040775
96	97	0.18352
