1494.6,193.57,91.324,53.63,32.285,26.977,15.13,15.509,10.36,9.4291,13.114,10.343,4.4764,10.279,14.903,2.6078,13.683,6.8334,12.819,12.934,17.133,7.6069,8.2489,9.7644,6.4707,12.893,12.893,12.893,4.4982,10.929,13.207,7.4314,10.138,19.572,10.369,9.2469,10.273,4.986,11.783,6.68,4.167,13.633,13.016,14.594,18.023,7.1902,7.2055,12.578,5.8932,10.397,8.8065,3.0356,5.5137,7.0376,14.694,4.8533,9.5023,9.807,9.807,16.568,30.894,67.73
193.57,1281.7,236.86,84.705,35.109,17.394,19.408,6.6693,10.325,5.3112,11.511,3.6384,2.5192,5.2598,11.108,11.618,8.2513,12.034,8.137,6.2985,10.566,3.8268,5.8041,3.4362,6.3931,7.5856,7.5856,7.5856,17.51,10.3,13.353,19.946,14.325,15.249,11.496,6.5219,7.2202,6.3121,7.5388,3.3535,10.78,12.04,12.853,9.2736,15.897,7.0971,11.183,8.8881,5.1958,3.9879,8.5212,0.71277,2.5874,0.99284,9.2403,9.4057,11.891,2.3021,2.4736,18.881,26.421,10.716
91.324,236.86,1284.9,212.53,54.741,27.035,18.441,12.855,11.45,8.6016,10.866,6.4313,5.1944,7.7457,11.627,7.9253,6.4846,10.398,9.5792,9.9031,9.7754,6.3099,5.1319,8.1004,10.748,8.927,8.9982,8.9982,9.3519,22.722,12.558,16.055,12.637,24.435,13.534,17.555,6.1943,7.4432,9.7729,3.1649,5.7682,7.0841,14.049,10.917,16.222,11.946,17.954,17.927,9.7936,5.485,9.1298,3.3574,0.76181,1.1692,5.4332,7.0508,6.1308,0.90435,1.4541,13.83,23.217,25.123
53.63,84.705,212.53,1447,194.96,65.761,22.085,17.115,11.144,11.234,9.7496,7.7011,6.2221,6.4961,6.0987,11.219,6.7868,5.6498,16.551,14.797,14.883,14.027,7.1593,8.4759,11.566,12.807,12.807,12.807,17.886,19.892,16.864,16.234,13.427,17.498,16.166,11.799,12.034,5.9336,8.502,2.8373,5.5145,20.292,9.0447,15.933,8.9403,9.9835,14.299,23.191,8.7672,1.8747,6.5488,3.0143,1.8251,4.1891,6.4859,13.244,6.2874,3.2432,5.2063,16.498,21.541,22.476
32.285,35.109,54.741,194.96,1167.8,169.61,32.409,24.98,23.102,16.129,19.466,10.251,7.3192,11.809,16.3,11.629,10.172,16.954,11.462,11.836,10.366,11.321,5.3674,13.623,17.37,6.4129,6.4129,6.4129,15.129,14.968,14.104,8.8697,8.8262,10.251,12.146,12.802,13.182,11.119,3.9836,4.9629,8.2831,6.3606,13.579,9.7992,6.718,6.431,10.742,13.418,7.6891,2.1068,6.5481,9.7881,2.0499,5.2457,14.65,13.556,8.6442,4.0551,6.5366,17.456,9.3077,11.324
26.977,17.394,27.035,65.761,169.61,1150.2,88.489,48.958,31.992,19.24,19.2,13.842,10.503,16.163,19.502,10.736,10.874,16.23,22.272,9.231,15.268,14.126,6.3786,14.361,10.458,14.704,13.468,13.468,12.633,18.185,8.2529,7.3981,9.4659,9.7984,7.3675,15.597,8.6516,8.6306,9.2783,7.0737,9.4947,7.4366,12.933,16.352,10.273,7.1501,7.1653,7.8434,2.7488,6.421,7.4924,6.2633,3.9757,6.1244,12.247,4.5172,8.502,3.3754,1.0935,10.475,5.8684,9.5172
15.13,19.408,18.441,22.085,32.409,88.489,893.19,216.3,66.829,39.749,29.569,24.485,23.68,20.613,17.651,19.586,12.434,17.311,15.134,17.516,16.306,14.399,10.093,16.152,15.294,18.006,18.006,18.006,20.036,7.1932,6.5277,1.4645,2.5001,4.8473,2.9125,3.2485,4.5599,6.8279,6.8218,6.989,11.613,10.916,5.7591,4.3113,5.1684,6.3567,2.8338,7.0913,8.687,5.0807,9.6924,10.428,7.2098,7.6102,6.4618,5.3634,5.1815,3.2051,1.7307,9.974,4.6578,3.7738
15.509,6.6693,12.855,17.115,24.98,48.958,216.3,746.74,109.9,45.693,23.991,26.593,19.98,24.426,15.032,19.812,17.6,15.681,12.217,9.4197,13.759,18.604,15.637,11.006,13.581,8.2064,10.43,14.28,6.4698,6.0912,3.6107,4.2546,4.0355,3.7533,6.3435,8.1768,6.1806,7.0838,4.5744,10.826,7.9373,6.5004,5.5777,1.3909,2.1438,7.5175,5.4877,4.2905,5.603,5.8157,8.8644,7.2182,8.3005,7.3654,3.1271,4.6162,6.0231,6.2069,3.3498,3.2181,3.006,10.956
10.36,10.325,11.45,11.144,23.102,31.992,66.829,109.9,708.07,93.763,43.809,37.283,36.179,26.23,17.552,18.597,18.562,20.046,13.461,11.328,13.781,18.114,17.627,14.507,17.312,16.442,15.648,42.829,10.801,5.2324,5.4273,7.8149,4.0429,6.5827,6.3567,3.7811,6.6353,7.0971,6.6189,10.395,6.6271,4.0721,3.725,3.4849,4.297,6.8495,3.4363,3.439,4.2123,7.1711,9.4038,7.2284,8.3106,7.3821,4.7002,5.2026,6.5343,6.7371,6.7136,4.836,3.011,3.6587
9.4291,5.3112,8.6016,11.234,16.129,19.24,39.749,45.693,93.763,760.15,133.16,86.852,66.505,42.271,24.65,13.096,18.769,22.504,15.374,17.037,15.616,19.228,20.881,12.693,16.217,29.193,28.433,15.577,14.148,5.7185,2.9649,1.5521,2.6495,4.108,2.3163,4.8225,4.3549,6.7271,6.1227,10.383,10.865,6.2303,5.4284,2.2853,3.1312,4.4949,0.75118,2.8193,6.9099,7.8399,6.2836,9.4773,8.6012,10.269,9.4174,9.4801,5.4976,10.767,5.5028,7.0364,7.0364,7.0364
13.114,11.511,10.866,9.7496,19.466,19.2,29.569,23.991,43.809,133.16,685.39,185.42,59.081,39.039,18.912,20.685,18.893,18.998,21.428,13.875,15.46,14.193,13.454,14.844,15.819,22.393,9.8121,13.432,11.257,4.9703,2.579,4.7156,3.0653,4.4673,4.0233,5.3796,10.481,8.5172,10.123,4.7135,9.4286,4.6442,8.2387,2.6472,2.0403,4.5548,5.8694,4.8989,5.3376,5.5165,5.9434,8.2019,5.3699,7.0077,9.6749,8.2191,9.5161,6.8773,7.1779,7.6608,1.431,1.431
10.343,3.6384,6.4313,7.7011,10.251,13.842,24.485,26.593,37.283,86.852,185.42,815.83,133.79,48.806,27.933,19.383,25.478,20.554,16.487,16.026,17.833,23.761,31.287,16.805,16.051,19.49,20.802,14.238,16.17,6.0972,3.6138,2.8369,1.6142,2.8171,3.5272,3.7756,5.7429,9.449,2.5416,14.446,7.2795,4.0676,3.0997,4.1763,2.8611,4.7897,2.0592,0.85879,9.1175,7.1592,8.8701,9.1376,10.475,10.053,6.2598,5.7728,5.0196,6.7269,17.603,17.706,3.0069,7.3089
4.4764,2.5192,5.1944,6.2221,7.3192,10.503,23.68,19.98,36.179,66.505,59.081,133.79,669.23,92.654,20.364,25.279,35.118,27.522,16.493,15.17,17.464,26.292,32.488,18.052,13.464,13.852,13.852,29.617,13.439,4.5217,8.4425,8.4425,1.6767,0.97514,3.6618,3.2675,6.4209,8.8303,3.6951,17.808,14.431,2.5335,3.8627,2.8907,3.7129,4.2616,4.2616,2.675,4.3678,3.7171,3.7916,7.9938,12.697,10.437,3.2499,3.5965,7.2978,12.359,14.796,1.6722,1.5619,3.7959
10.279,5.2598,7.7457,6.4961,11.809,16.163,20.613,24.426,26.23,42.271,39.039,48.806,92.654,765.01,66.087,51.918,52.755,33.432,36.436,22.99,18.788,25.778,18.022,19.473,22.756,14.461,11.3,30.941,22.217,3.7745,3.916,3.8456,6.1272,6.1272,5.3514,6.1387,8.6199,6.1463,9.922,5.3816,10.043,6.1692,4.7046,9.0518,3.1006,2.9647,5.2076,3.7216,2.279,7.7647,5.6559,9.9159,9.4743,9.4419,7.6279,7.5083,8.1608,8.9758,9.0793,6.9744,4.8846,3.9569
14.903,11.108,11.627,6.0987,16.3,19.502,17.651,15.032,17.552,24.65,18.912,27.933,20.364,66.087,888.04,212.44,83.009,40.182,27.372,20.609,20.239,15.268,10.447,14.15,10.682,14.62,10.646,10.646,9.882,9.735,4.5905,2.8873,8.2167,6.6808,8.6049,5.7599,6.2907,5.7686,10.351,5.5082,5.3853,4.958,6.3085,4.9524,4.3618,5.5596,4.8858,6.982,4.985,4.5556,5.3072,4.4127,4.8981,6.1309,8.7445,4.1107,6.1312,3.685,5.9603,8.1797,4.5838,11.137
2.6078,11.618,7.9253,11.219,11.629,10.736,19.586,19.812,18.597,13.096,20.685,19.383,25.279,51.918,212.44,710.09,172.84,59.996,35.727,26.135,17.984,20.319,14.787,10.517,12.45,14.484,5.2493,14.375,10.874,4.3903,6.3757,3.5762,3.2561,2.8403,4.9778,6.3452,7.1258,8.0979,9.7386,4.5504,7.3398,8.1998,6.876,3.5085,2.8842,6.8968,1.3839,4.3285,7.0688,4.5118,5.2596,4.3661,4.8432,6.0806,3.1552,5.2383,7.0856,3.1306,4.2251,3.2466,4.5486,3.6845
13.683,8.2513,6.4846,6.7868,10.172,10.874,12.434,17.6,18.562,18.769,18.893,25.478,35.118,52.755,83.009,172.84,746.48,124.57,60.895,33.175,25.409,21.655,21.632,15.776,18.195,18.604,29.341,29.341,8.5471,7.9056,7.1746,4.8249,2.7444,2.7444,3.2024,6.4245,10.03,5.8969,12.105,5.6374,6.7558,4.6171,2.8122,5.5286,3.2471,6.2152,3.1148,4.8709,7.9643,15.737,7.1061,8.1737,7.4144,6.0846,6.2122,3.9285,6.2593,6.458,4.7536,7.2893,3.4034,4.1378
6.8334,12.034,10.398,5.6498,16.954,16.23,17.311,15.681,20.046,22.504,18.998,20.554,27.522,33.432,40.182,59.996,124.57,977.76,158.24,64.368,39.757,31.423,29.148,23.021,25.301,21.693,20.507,20.507,15.65,18.43,14.334,1.8757,2.1334,4.9621,7.4723,7.4948,7.6161,14.4,10.768,5.987,11.383,2.1536,7.3816,9.2122,6.6303,1.8131,3.634,7.9501,12.08,6.5227,8.9898,8.2684,5.7699,9.7618,11.373,9.1683,5.9763,9.5948,4.4298,4.2346,5.9288,4.8086
12.819,8.137,9.5792,16.551,11.462,22.272,15.134,12.217,13.461,15.374,21.428,16.487,16.493,36.436,27.372,35.727,60.895,158.24,1060.2,230.25,67.634,33.915,18.254,31.138,30.352,27.5,7.7332,7.7332,27.252,19.44,12.095,7.3958,6.0092,15.35,13.672,10.317,7.2645,12.705,12.143,10.122,10.851,2.423,9.243,9.3321,4.2649,9.1821,4.093,11.505,14.637,9.3639,7.7951,8.6132,3.9097,8.9917,10.469,17.218,11.231,6.1787,4.9817,7.1377,8.8827,5.4021
12.934,6.2985,9.9031,14.797,11.836,9.231,17.516,9.4197,11.328,17.037,13.875,16.026,15.17,22.99,20.609,26.135,33.175,64.368,230.25,854,121.64,52.401,26.549,34.119,25.631,17.745,11.907,11.907,13.663,11.065,11.48,7.3685,8.379,5.4195,3.2616,9.4458,6.6415,9.8269,14.082,9.3978,9.1703,15.05,4.2934,8.8477,2.481,7.1217,4.7581,7.9331,7.3017,9.3065,9.0486,7.2083,9.0493,7.7464,5.4172,8.663,10.994,6.5754,12.575,9.2549,9.2549,4.2032
17.133,10.566,9.7754,14.883,10.366,15.268,16.306,13.759,13.781,15.616,15.46,17.833,17.464,18.788,20.239,17.984,25.409,39.757,67.634,121.64,1009.2,138.93,40.217,42.587,27.637,30.616,32.269,32.269,25.436,11.907,10.1,4.4107,5.0173,9.326,7.9006,6.2647,10.469,11.191,13.299,9.0087,18.114,13.152,9.2565,7.7931,7.1218,8.5179,5.9788,14.943,6.984,7.8118,10.405,10.181,8.1539,11.678,11.659,7.1858,10.622,5.157,8.3238,13.927,11.141,4.517
7.6069,3.8268,6.3099,14.027,11.321,14.126,14.399,18.604,18.114,19.228,14.193,23.761,26.292,25.778,15.268,20.319,21.655,31.423,33.915,52.401,138.93,811.79,126.6,62.932,45.174,49.178,32.776,17.952,14.949,10.982,4.5555,3.5794,2.0363,10.65,5.3415,8.7352,12.841,13.131,10.915,10.838,17.537,9.2341,4.6944,7.0251,2.7079,3.4541,3.4647,9.7457,8.8501,10.178,4.6137,13.362,6.6152,21.143,12.818,7.2861,10.771,13.722,14.786,8.0913,7.5545,22.961
8.2489,5.8041,5.1319,7.1593,5.3674,6.3786,10.093,15.637,17.627,20.881,13.454,31.287,32.488,18.022,10.447,14.787,21.632,29.148,18.254,26.549,40.217,126.6,827.23,120,57.584,39.252,68.028,50.804,12.879,5.2124,2.1628,2.5459,1.9303,2.2466,3.3798,2.2597,11.119,10.186,13.992,20.562,15.842,4.8724,5.9348,4.1674,1.7137,2.4598,3.2874,4.1109,5.0434,6.4313,11.253,13.226,13.561,16.856,14.975,5.5269,7.8025,17.97,22.057,11.516,3.5834,4.3576
9.7644,3.4362,8.1004,8.4759,13.623,14.361,16.152,11.006,14.507,12.693,14.844,16.805,18.052,19.473,14.15,10.517,15.776,23.021,31.138,34.119,42.587,62.932,120,793.21,145.93,81.31,65.978,20.058,24.402,7.3989,10.238,7.0367,5.7154,9.3029,4.0012,16.047,16.309,19.441,17.295,16.024,14.068,11.534,3.5133,0.98667,6.0882,1.9403,3.8928,1.2159,10.941,10.162,11.851,11.586,11.744,5.7031,19.919,13.903,16.333,13.941,10.666,15.863,4.2285,10.291
6.4707,6.3931,10.748,11.566,17.37,10.458,15.294,13.581,17.312,16.217,15.819,16.051,13.464,22.756,10.682,12.45,18.195,25.301,30.352,25.631,27.637,45.174,57.584,145.93,1018.2,191.31,109.17,85.412,27.504,15.698,13.564,5.336,8.4962,8.4481,7.4357,11.368,18.033,12.846,21.477,16.377,13.949,9.787,6.5342,4.19,7.5416,7.2147,6.2014,9.0317,7.3938,12.174,12.606,15.958,11.851,17.16,15.253,17.391,16.632,24.199,21.355,40.708,6.7002,5.4359
12.893,7.5856,8.927,12.807,6.4129,14.704,18.006,8.2064,16.442,29.193,22.393,19.49,13.852,14.461,14.62,14.484,18.604,21.693,27.5,17.745,30.616,49.178,39.252,81.31,191.31,1445.6,233.33,141.96,64.493,21.728,6.7579,7.0912,8.0638,7.0147,7.0595,7.8683,16.648,5.9297,25.492,13.61,13.242,20.323,7.7547,6.9592,7.1578,10.272,5.152,21.434,8.7723,21.356,11.785,14.462,7.6597,5.0306,15.592,14.448,17.589,15.562,16.688,35.766,11.12,9.0211
12.893,7.5856,8.9982,12.807,6.4129,13.468,18.006,10.43,15.648,28.433,9.8121,20.802,13.852,11.3,10.646,5.2493,29.341,20.507,7.7332,11.907,32.269,32.776,68.028,65.978,109.17,233.33,3375.2,3375.2,27.215,43.783,43.783,8.9452,8.9452,8.9452,8.9452,7.9391,11.175,11.175,12.878,28.537,8.3444,8.3444,8.3444,8.3444,8.3444,8.3444,8.3444,8.3444,8.3444,5.6686,5.6686,18.313,5.5544,25.309,25.309,7.2926,25.44,26.157,31.561,20.149,20.149,20.149
12.893,7.5856,8.9982,12.807,6.4129,13.468,18.006,14.28,42.829,15.577,13.432,14.238,29.617,30.941,10.646,14.375,29.341,20.507,7.7332,11.907,32.269,17.952,50.804,20.058,85.412,141.96,3375.2,12479,74.542,59.902,93.166,93.166,27.908,27.908,27.908,27.908,27.908,32.742,32.742,15.622,22.859,27.959,27.959,27.959,27.959,27.959,27.959,27.959,24.121,24.121,18.044,50.16,15.211,46.213,46.213,46.213,17.399,17.906,172.72,172.72,172.72,172.72
4.4982,17.51,9.3519,17.886,15.129,12.633,20.036,6.4698,10.801,14.148,11.257,16.17,13.439,22.217,9.882,10.874,8.5471,15.65,27.252,13.663,25.436,14.949,12.879,24.402,27.504,64.493,27.215,74.542,1361.4,243.5,56.565,33.43,42.246,24.457,22.194,42.917,30.312,39.857,40.156,35.738,36.439,31.913,14.638,23.698,9.376,3.5906,8.9998,26.942,16.552,12.985,19.239,29.103,14.946,28.119,34.69,27.291,19.804,23.143,41.488,45.646,11.611,18.844
10.929,10.3,22.722,19.892,14.968,18.185,7.1932,6.0912,5.2324,5.7185,4.9703,6.0972,4.5217,3.7745,9.735,4.3903,7.9056,18.43,19.44,11.065,11.907,10.982,5.2124,7.3989,15.698,21.728,43.783,59.902,243.5,1652.4,227.29,66.173,70.079,51.506,50.948,61.441,24.548,20.161,16.239,6.7531,28.096,31.051,30.272,31.014,24.32,26.181,23.327,25.447,17.888,5.7333,16.698,5.1139,3.7131,8.5446,21.467,15.945,15.99,6.6099,3.5344,40.229,18.746,15.227
13.207,13.353,12.558,16.864,14.104,8.2529,6.5277,3.6107,5.4273,2.9649,2.579,3.6138,8.4425,3.916,4.5905,6.3757,7.1746,14.334,12.095,11.48,10.1,4.5555,2.1628,10.238,13.564,6.7579,43.783,93.166,56.565,227.29,1667.3,300.73,99.19,80.026,54.367,48.479,24.488,15.687,19.091,13.013,23.302,17.872,21.832,24.493,15.754,19.612,19.644,35.799,21.642,12.885,11.543,8.4837,5.7764,10.332,18.828,8.9048,12.172,11.429,7.3269,20.831,25.887,31.532
7.4314,19.946,16.055,16.234,8.8697,7.3981,1.4645,4.2546,7.8149,1.5521,4.7156,2.8369,8.4425,3.8456,2.8873,3.5762,4.8249,1.8757,7.3958,7.3685,4.4107,3.5794,2.5459,7.0367,5.336,7.0912,8.9452,93.166,33.43,66.173,300.73,1506.5,253.69,105.14,62.272,41.389,12.289,10.667,14.108,6.279,12.594,19.684,23.6,20.464,24.762,16.598,24.945,26.701,9.7185,7.7735,17.209,4.1656,3.7815,1.1602,6.7457,8.9992,9.5688,2.6924,2.8889,16.508,20.537,20.537
10.138,14.325,12.637,13.427,8.8262,9.4659,2.5001,4.0355,4.0429,2.6495,3.0653,1.6142,1.6767,6.1272,8.2167,3.2561,2.7444,2.1334,6.0092,8.379,5.0173,2.0363,1.9303,5.7154,8.4962,8.0638,8.9452,27.908,42.246,70.079,99.19,253.69,1663.1,327.23,63.859,49.533,6.9884,9.3324,15.045,2.6777,6.5099,23.972,19.522,32.842,18.298,10.779,25.663,21.917,8.2833,4.4219,9.2719,6.6365,2.5823,7.9137,6.1321,7.9586,6.9245,3.0616,3.0616,9.3745,23.321,35.478
19.572,15.249,24.435,17.498,10.251,9.7984,4.8473,3.7533,6.5827,4.108,4.4673,2.8171,0.97514,6.1272,6.6808,2.8403,2.7444,4.9621,15.35,5.4195,9.326,10.65,2.2466,9.3029,8.4481,7.0147,8.9452,27.908,24.457,51.506,80.026,105.14,327.23,2023.4,236.99,84.827,22.391,15.211,17.499,4.1597,15.116,24.106,21.251,20.649,21.255,23.481,32.941,35.183,12.83,6.1795,11.991,2.2038,2.0012,3.0641,14.198,11.887,3.4471,5.9335,5.6966,35.934,20.092,24.486
10.369,11.496,13.534,16.166,12.146,7.3675,2.9125,6.3435,6.3567,2.3163,4.0233,3.5272,3.6618,5.3514,8.6049,4.9778,3.2024,7.4723,13.672,3.2616,7.9006,5.3415,3.3798,4.0012,7.4357,7.0595,8.9452,27.908,22.194,50.948,54.367,62.272,63.859,236.99,1612.5,286.34,33.65,22.057,21.061,8.5968,18.246,36.441,18.158,21.594,9.872,20.082,33.134,20.688,19.373,5.4167,13.529,3.3155,0.75199,2.3121,9.4078,11.945,9.5158,7.149,7.1954,16.443,28.116,18.67
9.2469,6.5219,17.555,11.799,12.802,15.597,3.2485,8.1768,3.7811,4.8225,5.3796,3.7756,3.2675,6.1387,5.7599,6.3452,6.4245,7.4948,10.317,9.4458,6.2647,8.7352,2.2597,16.047,11.368,7.8683,7.9391,27.908,42.917,61.441,48.479,41.389,49.533,84.827,286.34,1155.1,124.74,40.048,50.076,10.448,28.472,51.235,22.86,25.664,23.101,27.363,16.883,25.029,22.651,11.731,10.456,13.313,4.0266,9.2756,13.177,15.084,14.648,6.3717,15.39,12.219,20.515,38.847
10.273,7.2202,6.1943,12.034,13.182,8.6516,4.5599,6.1806,6.6353,4.3549,10.481,5.7429,6.4209,8.6199,6.2907,7.1258,10.03,7.6161,7.2645,6.6415,10.469,12.841,11.119,16.309,18.033,16.648,11.175,27.908,30.312,24.548,24.488,12.289,6.9884,22.391,33.65,124.74,918.85,202.62,68.204,36.206,31.539,34.423,17.448,12.073,13.187,12.618,16.364,19.543,14.46,10.174,12.438,14.554,11.781,9.447,19.501,19.376,13.025,12.33,18.168,20.897,8.1293,15.82
4.986,6.3121,7.4432,5.9336,11.119,8.6306,6.8279,7.0838,7.0971,6.7271,8.5172,9.449,8.8303,6.1463,5.7686,8.0979,5.8969,14.4,12.705,9.8269,11.191,13.131,10.186,19.441,12.846,5.9297,11.175,32.742,39.857,20.161,15.687,10.667,9.3324,15.211,22.057,40.048,202.62,933.66,138.17,38.173,49.773,38.638,23.664,19.34,4.9706,18.231,6.3564,14.906,15.44,17.611,16.315,20.564,14.618,15.522,16.292,12.688,16.82,14.374,14.544,24.146,12.137,8.4345
11.783,7.5388,9.7729,8.502,3.9836,9.2783,6.8218,4.5744,6.6189,6.1227,10.123,2.5416,3.6951,9.922,10.351,9.7386,12.105,10.768,12.143,14.082,13.299,10.915,13.992,17.295,21.477,25.492,12.878,32.742,40.156,16.239,19.091,14.108,15.045,17.499,21.061,50.076,68.204,138.17,915.97,96.674,92.16,66.788,34.681,19.045,23.139,15.325,7.6835,16.011,20.946,20.605,14.288,17.935,10.304,18.343,23.325,22.251,19.957,11.587,20.822,31.898,26.053,18.108
6.68,3.3535,3.1649,2.8373,4.9629,7.0737,6.989,10.826,10.395,10.383,4.7135,14.446,17.808,5.3816,5.5082,4.5504,5.6374,5.987,10.122,9.3978,9.0087,10.838,20.562,16.024,16.377,13.61,28.537,15.622,35.738,6.7531,13.013,6.279,2.6777,4.1597,8.5968,10.448,36.206,38.173,96.674,822.64,184.57,16.236,15.086,5.398,7.1349,7.5855,2.2803,3.8038,19.446,14.854,14.446,26.024,29.853,31.932,23.388,9.5806,18.849,49.255,47.332,7.1147,4.9808,8.0783
4.167,10.78,5.7682,5.5145,8.2831,9.4947,11.613,7.9373,6.6271,10.865,9.4286,7.2795,14.431,10.043,5.3853,7.3398,6.7558,11.383,10.851,9.1703,18.114,17.537,15.842,14.068,13.949,13.242,8.3444,22.859,36.439,28.096,23.302,12.594,6.5099,15.116,18.246,28.472,31.539,49.773,92.16,184.57,960.46,194.43,47.079,33.734,10.409,11.07,15.531,19.395,28.363,23.943,14.374,20.996,19.052,23.839,34.021,21.464,38.944,32.671,35.079,25.716,19.19,19.19
13.633,12.04,7.0841,20.292,6.3606,7.4366,10.916,6.5004,4.0721,6.2303,4.6442,4.0676,2.5335,6.1692,4.958,8.1998,4.6171,2.1536,2.423,15.05,13.152,9.2341,4.8724,11.534,9.787,20.323,8.3444,27.959,31.913,31.051,17.872,19.684,23.972,24.106,36.441,51.235,34.423,38.638,66.788,16.236,194.43,1563.8,230.12,60.796,46.916,34.037,42.265,35.724,25.115,22.318,17.686,14.33,6.0677,29.305,34.021,40.151,19.944,10.302,11.587,28.289,23.444,23.444
13.016,12.853,14.049,9.0447,13.579,12.933,5.7591,5.5777,3.725,5.4284,8.2387,3.0997,3.8627,4.7046,6.3085,6.876,2.8122,7.3816,9.243,4.2934,9.2565,4.6944,5.9348,3.5133,6.5342,7.7547,8.3444,27.959,14.638,30.272,21.832,23.6,19.522,21.251,18.158,22.86,17.448,23.664,34.681,15.086,47.079,230.12,1284.6,191.73,76.914,53.908,49.879,45.427,34,14.267,22.959,7.2851,5.2887,9.1346,24.796,20.979,12.92,7.8463,10.115,31.363,29.257,27.384
14.594,9.2736,10.917,15.933,9.7992,16.352,4.3113,1.3909,3.4849,2.2853,2.6472,4.1763,2.8907,9.0518,4.9524,3.5085,5.5286,9.2122,9.3321,8.8477,7.7931,7.0251,4.1674,0.98667,4.19,6.9592,8.3444,27.959,23.698,31.014,24.493,20.464,32.842,20.649,21.594,25.664,12.073,19.34,19.045,5.398,33.734,60.796,191.73,1358.8,285.9,116.46,85.184,39.325,28.647,11.454,22.252,12.266,5.1943,11.398,19.864,19.633,9.3857,5.2876,7.0885,18.875,35.205,18.37
18.023,15.897,16.222,8.9403,6.718,10.273,5.1684,2.1438,4.297,3.1312,2.0403,2.8611,3.7129,3.1006,4.3618,2.8842,3.2471,6.6303,4.2649,2.481,7.1218,2.7079,1.7137,6.0882,7.5416,7.1578,8.3444,27.959,9.376,24.32,15.754,24.762,18.298,21.255,9.872,23.101,13.187,4.9706,23.139,7.1349,10.409,46.916,76.914,285.9,1515.8,284,100.82,46.465,33.162,10.202,18.299,11.766,6.8623,8.2074,8.1797,11.106,7.8975,3.6249,2.9196,33.357,33.708,6.3134
7.1902,7.0971,11.946,9.9835,6.431,7.1501,6.3567,7.5175,6.8495,4.4949,4.5548,4.7897,4.2616,2.9647,5.5596,6.8968,6.2152,1.8131,9.1821,7.1217,8.5179,3.4541,2.4598,1.9403,7.2147,10.272,8.3444,27.959,3.5906,26.181,19.612,16.598,10.779,23.481,20.082,27.363,12.618,18.231,15.325,7.5855,11.07,34.037,53.908,116.46,284,1326.4,207.97,68.846,35.261,20.279,14.014,6.4338,4.3763,14.593,15.65,10.623,18.447,4.3349,4.189,13.288,27.259,12.072
7.2055,11.183,17.954,14.299,10.742,7.1653,2.8338,5.4877,3.4363,0.75118,5.8694,2.0592,4.2616,5.2076,4.8858,1.3839,3.1148,3.634,4.093,4.7581,5.9788,3.4647,3.2874,3.8928,6.2014,5.152,8.3444,27.959,8.9998,23.327,19.644,24.945,25.663,32.941,33.134,16.883,16.364,6.3564,7.6835,2.2803,15.531,42.265,49.879,85.184,100.82,207.97,1816.4,232.89,44.75,15.053,25.441,12.904,5.1224,11.245,17.001,16.464,9.2595,6.9532,4.2011,29.354,32.363,18.183
12.578,8.8881,17.927,23.191,13.418,7.8434,7.0913,4.2905,3.439,2.8193,4.8989,0.85879,2.675,3.7216,6.982,4.3285,4.8709,7.9501,11.505,7.9331,14.943,9.7457,4.1109,1.2159,9.0317,21.434,8.3444,27.959,26.942,25.447,35.799,26.701,21.917,35.183,20.688,25.029,19.543,14.906,16.011,3.8038,19.395,35.724,45.427,39.325,46.465,68.846,232.89,1873.7,199.91,33.911,52.672,13.11,7.3227,5.6169,16.291,33.867,15.767,9.776,3.4873,36.42,27.774,30.068
5.8932,5.1958,9.7936,8.7672,7.6891,2.7488,8.687,5.603,4.2123,6.9099,5.3376,9.1175,4.3678,2.279,4.985,7.0688,7.9643,12.08,14.637,7.3017,6.984,8.8501,5.0434,10.941,7.3938,8.7723,8.3444,24.121,16.552,17.888,21.642,9.7185,8.2833,12.83,19.373,22.651,14.46,15.44,20.946,19.446,28.363,25.115,34,28.647,33.162,35.261,44.75,199.91,1280.5,107.03,85.298,50.275,17.939,40.269,44.101,28.708,25.788,13.331,14.309,21.772,10.149,37.088
10.397,3.9879,5.485,1.8747,2.1068,6.421,5.0807,5.8157,7.1711,7.8399,5.5165,7.1592,3.7171,7.7647,4.5556,4.5118,15.737,6.5227,9.3639,9.3065,7.8118,10.178,6.4313,10.162,12.174,21.356,5.6686,24.121,12.985,5.7333,12.885,7.7735,4.4219,6.1795,5.4167,11.731,10.174,17.611,20.605,14.854,23.943,22.318,14.267,11.454,10.202,20.279,15.053,33.911,107.03,826.19,201.93,96.862,29.599,42.641,29.182,26.579,20.894,11.915,21.152,3.5287,13.182,4.0063
8.8065,8.5212,9.1298,6.5488,6.5481,7.4924,9.6924,8.8644,9.4038,6.2836,5.9434,8.8701,3.7916,5.6559,5.3072,5.2596,7.1061,8.9898,7.7951,9.0486,10.405,4.6137,11.253,11.851,12.606,11.785,5.6686,18.044,19.239,16.698,11.543,17.209,9.2719,11.991,13.529,10.456,12.438,16.315,14.288,14.446,14.374,17.686,22.959,22.252,18.299,14.014,25.441,52.672,85.298,201.93,1136.6,185.91,46.738,49.713,47.972,33.195,26.276,13.234,7.4949,47.139,11.479,9.3085
3.0356,0.71277,3.3574,3.0143,9.7881,6.2633,10.428,7.2182,7.2284,9.4773,8.2019,9.1376,7.9938,9.9159,4.4127,4.3661,8.1737,8.2684,8.6132,7.2083,10.181,13.362,13.226,11.586,15.958,14.462,18.313,50.16,29.103,5.1139,8.4837,4.1656,6.6365,2.2038,3.3155,13.313,14.554,20.564,17.935,26.024,20.996,14.33,7.2851,12.266,11.766,6.4338,12.904,13.11,50.275,96.862,185.91,873.71,134.48,139.39,56.947,23.75,28.333,37.731,25.579,24.508,8.8022,4.2798
5.5137,2.5874,0.76181,1.8251,2.0499,3.9757,7.2098,8.3005,8.3106,8.6012,5.3699,10.475,12.697,9.4743,4.8981,4.8432,7.4144,5.7699,3.9097,9.0493,8.1539,6.6152,13.561,11.744,11.851,7.6597,5.5544,15.211,14.946,3.7131,5.7764,3.7815,2.5823,2.0012,0.75199,4.0266,11.781,14.618,10.304,29.853,19.052,6.0677,5.2887,5.1943,6.8623,4.3763,5.1224,7.3227,17.939,29.599,46.738,134.48,774.79,159.32,45.025,26.473,25.169,40.295,60.74,15.431,4.8038,3.8918
7.0376,0.99284,1.1692,4.1891,5.2457,6.1244,7.6102,7.3654,7.3821,10.269,7.0077,10.053,10.437,9.4419,6.1309,6.0806,6.0846,9.7618,8.9917,7.7464,11.678,21.143,16.856,5.7031,17.16,5.0306,25.309,46.213,28.119,8.5446,10.332,1.1602,7.9137,3.0641,2.3121,9.2756,9.447,15.522,18.343,31.932,23.839,29.305,9.1346,11.398,8.2074,14.593,11.245,5.6169,40.269,42.641,49.713,139.39,159.32,878.74,145.6,60.537,51.784,57.73,79.321,23.441,7.2887,5.9149
14.694,9.2403,5.4332,6.4859,14.65,12.247,6.4618,3.1271,4.7002,9.4174,9.6749,6.2598,3.2499,7.6279,8.7445,3.1552,6.2122,11.373,10.469,5.4172,11.659,12.818,14.975,19.919,15.253,15.592,25.309,46.213,34.69,21.467,18.828,6.7457,6.1321,14.198,9.4078,13.177,19.501,16.292,23.325,23.388,34.021,34.021,24.796,19.864,8.1797,15.65,17.001,16.291,44.101,29.182,47.972,56.947,45.025,145.6,1266.4,245.36,112.83,36.58,41.143,53.937,27.914,20.41
4.8533,9.4057,7.0508,13.244,13.556,4.5172,5.3634,4.6162,5.2026,9.4801,8.2191,5.7728,3.5965,7.5083,4.1107,5.2383,3.9285,9.1683,17.218,8.663,7.1858,7.2861,5.5269,13.903,17.391,14.448,7.2926,46.213,27.291,15.945,8.9048,8.9992,7.9586,11.887,11.945,15.084,19.376,12.688,22.251,9.5806,21.464,40.151,20.979,19.633,11.106,10.623,16.464,33.867,28.708,26.579,33.195,23.75,26.473,60.537,245.36,1044.5,183.2,40.186,22.386,87.696,20.975,10.211
9.5023,11.891,6.1308,6.2874,8.6442,8.502,5.1815,6.0231,6.5343,5.4976,9.5161,5.0196,7.2978,8.1608,6.1312,7.0856,6.2593,5.9763,11.231,10.994,10.622,10.771,7.8025,16.333,16.632,17.589,25.44,17.399,19.804,15.99,12.172,9.5688,6.9245,3.4471,9.5158,14.648,13.025,16.82,19.957,18.849,38.944,19.944,12.92,9.3857,7.8975,18.447,9.2595,15.767,25.788,20.894,26.276,28.333,25.169,51.784,112.83,183.2,870.08,99.021,62.466,117.47,16.433,17.773
9.807,2.3021,0.90435,3.2432,4.0551,3.3754,3.2051,6.2069,6.7371,10.767,6.8773,6.7269,12.359,8.9758,3.685,3.1306,6.458,9.5948,6.1787,6.5754,5.157,13.722,17.97,13.941,24.199,15.562,26.157,17.906,23.143,6.6099,11.429,2.6924,3.0616,5.9335,7.149,6.3717,12.33,14.374,11.587,49.255,32.671,10.302,7.8463,5.2876,3.6249,4.3349,6.9532,9.776,13.331,11.915,13.234,37.731,40.295,57.73,36.58,40.186,99.021,785.62,259.43,62.738,7.5544,4.5954
9.807,2.4736,1.4541,5.2063,6.5366,1.0935,1.7307,3.3498,6.7136,5.5028,7.1779,17.603,14.796,9.0793,5.9603,4.2251,4.7536,4.4298,4.9817,12.575,8.3238,14.786,22.057,10.666,21.355,16.688,31.561,172.72,41.488,3.5344,7.3269,2.8889,3.0616,5.6966,7.1954,15.39,18.168,14.544,20.822,47.332,35.079,11.587,10.115,7.0885,2.9196,4.189,4.2011,3.4873,14.309,21.152,7.4949,25.579,60.74,79.321,41.143,22.386,62.466,259.43,1100.2,112.04,11.926,14.538
16.568,18.881,13.83,16.498,17.456,10.475,9.974,3.2181,4.836,7.0364,7.6608,17.706,1.6722,6.9744,8.1797,3.2466,7.2893,4.2346,7.1377,9.2549,13.927,8.0913,11.516,15.863,40.708,35.766,20.149,172.72,45.646,40.229,20.831,16.508,9.3745,35.934,16.443,12.219,20.897,24.146,31.898,7.1147,25.716,28.289,31.363,18.875,33.357,13.288,29.354,36.42,21.772,3.5287,47.139,24.508,15.431,23.441,53.937,87.696,117.47,62.738,112.04,1821,273.43,68.101
30.894,26.421,23.217,21.541,9.3077,5.8684,4.6578,3.006,3.011,7.0364,1.431,3.0069,1.5619,4.8846,4.5838,4.5486,3.4034,5.9288,8.8827,9.2549,11.141,7.5545,3.5834,4.2285,6.7002,11.12,20.149,172.72,11.611,18.746,25.887,20.537,23.321,20.092,28.116,20.515,8.1293,12.137,26.053,4.9808,19.19,23.444,29.257,35.205,33.708,27.259,32.363,27.774,10.149,13.182,11.479,8.8022,4.8038,7.2887,27.914,20.975,16.433,7.5544,11.926,273.43,2042.4,734.55
67.73,10.716,25.123,22.476,11.324,9.5172,3.7738,10.956,3.6587,7.0364,1.431,7.3089,3.7959,3.9569,11.137,3.6845,4.1378,4.8086,5.4021,4.2032,4.517,22.961,4.3576,10.291,5.4359,9.0211,20.149,172.72,18.844,15.227,31.532,20.537,35.478,24.486,18.67,38.847,15.82,8.4345,18.108,8.0783,19.19,23.444,27.384,18.37,6.3134,12.072,18.183,30.068,37.088,4.0063,9.3085,4.2798,3.8918,5.9149,20.41,10.211,17.773,4.5954,14.538,68.101,734.55,3688
