1	2	391.49
1	3	91.66
1	4	74.534
1	5	40.308
1	6	16.704
1	7	4.4743
1	8	6.0162
1	9	14.557
1	10	16.444
1	11	9.1993
1	12	7.7687
1	13	2.7346
1	14	4.1389
1	15	6.5661
1	16	5.0657
1	17	13.064
1	18	12.083
1	19	12.083
1	20	5.2486
1	21	10.869
1	22	15.828
1	23	14.202
1	24	17.616
1	25	17.574
1	26	6.8548
1	27	4.8333
1	28	3.4992
1	29	13.665
1	30	27.645
1	31	11.52
1	32	21.105
1	33	14.28
1	34	12.745
1	35	12.745
1	36	10.335
1	37	14.018
1	38	4.3007
1	39	2.2841
1	40	6.6836
1	41	7.3115
1	42	1.9503
1	43	3.8855
1	44	2.1451
1	45	2.1016
1	46	8.5107
1	47	18.484
1	48	3.6393
1	49	13.569
1	50	1.9942
1	51	1.9942
1	52	1.914
1	53	1.914
1	54	4.0417
1	55	4.0417
1	56	2.1681
1	57	6.7689
1	58	26.411
1	59	12.271
1	60	14.927
1	61	14.927
1	62	9.4216
1	63	9.4216
1	64	9.4216
1	65	6.0374
1	66	6.0374
1	67	5.4404
1	68	5.4404
1	69	4.496
1	70	1.9451
1	71	7.6074
1	72	5.0478
1	73	5.0478
1	74	6.0788
1	75	7.6019
1	76	3.9323
1	77	10.539
1	78	37.559
1	79	5.8914
1	80	37.695
2	3	358.05
2	4	70.93
2	5	72.511
2	6	5.2793
2	7	2.12
2	8	5.6976
2	9	5.5249
2	10	5.1994
2	11	23.299
2	12	25.894
2	13	5.1909
2	14	3.9178
2	15	12.445
2	16	14.434
2	17	14.434
2	18	11.454
2	19	21.895
2	20	21.895
2	21	2.5745
2	22	7.4963
2	23	8.0739
2	24	2.7884
2	25	4.7601
2	26	6.4948
2	27	9.1643
2	28	13.314
2	29	26.026
2	30	39.609
2	31	38.436
2	32	12.034
2	33	6.7334
2	34	6.7334
2	35	2.7774
2	36	9.7587
2	37	9.7587
2	38	2.0374
2	39	4.3294
2	40	6.3547
2	41	2.3128
2	42	2.3128
2	43	1.839
2	44	4.064
2	45	4.064
2	46	2.0152
2	47	12.527
2	48	3.4629
2	49	2.1418
2	50	2.1418
2	51	2.1418
2	52	1.8127
2	53	1.8127
2	54	1.9148
2	55	1.6727
2	56	1.6727
2	57	6.4356
2	58	21.55
2	59	14.559
2	60	14.189
2	61	14.189
2	62	14.189
2	63	14.189
2	64	1.9419
2	65	1.9419
2	66	1.9419
2	67	1.7165
2	68	1.7165
2	69	2.1305
2	70	2.1305
2	71	2.4047
2	72	2.4047
2	73	1.7666
2	74	5.7765
2	75	5.7765
2	76	11.25
2	77	3.3445
2	78	21.551
2	79	16.923
2	80	28.733
3	4	190.33
3	5	80.414
3	6	14.618
3	7	2.3446
3	8	2.1021
3	9	3.0572
3	10	5.7518
3	11	22.582
3	12	32.815
3	13	11.506
3	14	17.346
3	15	10.338
3	16	26.648
3	17	13.727
3	18	7.6095
3	19	7.6095
3	20	11.026
3	21	5.7015
3	22	24.9
3	23	8.9441
3	24	9.2611
3	25	2.635
3	26	7.1883
3	27	7.6084
3	28	11.067
3	29	21.643
3	30	14.659
3	31	42.67
3	32	42.67
3	33	42.67
3	34	42.67
3	35	42.67
3	36	42.67
3	37	8.8311
3	38	2.2565
3	39	4.7971
3	40	3.5226
3	41	2.5623
3	42	2.0436
3	43	4.0719
3	44	4.5015
3	45	4.4133
3	46	6.7015
3	47	8.3315
3	48	3.8389
3	49	3.8389
3	50	6.2705
3	51	1.7509
3	52	2.0062
3	53	2.0062
3	54	2.1193
3	55	2.1193
3	56	2.2744
3	57	24.96
3	58	27.889
3	59	12.897
3	60	26.156
3	61	5.6977
3	62	4.9429
3	63	4.7077
3	64	4.7077
3	65	6.3442
3	66	6.3442
3	67	6.3442
3	68	6.3442
3	69	6.3442
3	70	6.3442
3	71	5.327
3	72	2.6532
3	73	2.6532
3	74	6.3991
3	75	16.072
3	76	4.165
3	77	3.7069
3	78	15.937
3	79	18.823
3	80	87.718
4	5	312.42
4	6	26.236
4	7	12.819
4	8	11.475
4	9	18.306
4	10	18.641
4	11	33.89
4	12	51.652
4	13	15.809
4	14	10.754
4	15	27.382
4	16	24.004
4	17	17.125
4	18	6.3161
4	19	12.091
4	20	10.991
4	21	9.9145
4	22	14.424
4	23	22.233
4	24	15.447
4	25	10.493
4	26	2.3812
4	27	7.5718
4	28	14.83
4	29	29.083
4	30	14.899
4	31	33.866
4	32	15.552
4	33	3.6582
4	34	3.6582
4	35	1.531
4	36	1.531
4	37	8.7821
4	38	2.2404
4	39	4.7712
4	40	5.3029
4	41	5.1131
4	42	2.0247
4	43	4.0318
4	44	1.1175
4	45	2.194
4	46	4.4345
4	47	16.616
4	48	15.436
4	49	5.876
4	50	2.0685
4	51	0.86381
4	52	0.86381
4	53	1.0422
4	54	3.1512
4	55	2.7456
4	56	2.7456
4	57	16.089
4	58	24.054
4	59	8.0544
4	60	10.485
4	61	5.6807
4	62	7.3693
4	63	2.341
4	64	3.1942
4	65	9.4951
4	66	5.1185
4	67	2.8204
4	68	2.4534
4	69	1.1732
4	70	1.0111
4	71	1.3259
4	72	6.6136
4	73	1.9388
4	74	8.0101
4	75	14.177
4	76	10.526
4	77	7.4707
4	78	16.252
4	79	12.826
4	80	20.128
5	6	71.929
5	7	34.785
5	8	15.57
5	9	57.767
5	10	32.913
5	11	44.422
5	12	33.137
5	13	14.838
5	14	17.287
5	15	15.707
5	16	33.654
5	17	19.648
5	18	18.849
5	19	27.749
5	20	17.34
5	21	19.51
5	22	21.288
5	23	22.118
5	24	26.577
5	25	16.557
5	26	13.666
5	27	7.2404
5	28	31.871
5	29	24.992
5	30	25.565
5	31	35.255
5	32	22.92
5	33	22.92
5	34	7.5803
5	35	5.2673
5	36	12.21
5	37	18.465
5	38	11.568
5	39	16.424
5	40	30.387
5	41	7.3316
5	42	7.3316
5	43	9.2554
5	44	7.6945
5	45	6.294
5	46	6.3608
5	47	22.234
5	48	15.475
5	49	5.3952
5	50	4.7472
5	51	4.7472
5	52	2.2786
5	53	1.1957
5	54	1.1957
5	55	4.2027
5	56	1.2976
5	57	26.636
5	58	18.37
5	59	7.3925
5	60	6.0104
5	61	6.5177
5	62	7.0474
5	63	8.0589
5	64	8.555
5	65	10.892
5	66	7.34
5	67	5.3943
5	68	5.6314
5	69	2.6934
5	70	4.6436
5	71	4.5636
5	72	13.656
5	73	4.4524
5	74	5.5105
5	75	16.237
5	76	12.048
5	77	4.2803
5	78	18.587
5	79	10.988
5	80	23.045
6	7	217.82
6	8	102.83
6	9	95.674
6	10	33.95
6	11	18.02
6	12	7.2416
6	13	17.043
6	14	26.868
6	15	11.875
6	16	7.45
6	17	26.255
6	18	26.378
6	19	16.855
6	20	11.476
6	21	13.778
6	22	11.447
6	23	6.1826
6	24	8.6259
6	25	9.1221
6	26	19.022
6	27	24.562
6	28	12.977
6	29	5.0994
6	30	5.0994
6	31	6.4877
6	32	34.072
6	33	17.628
6	34	41.119
6	35	26.588
6	36	7.3304
6	37	9.1423
6	38	8.548
6	39	6.6325
6	40	8.6487
6	41	12.464
6	42	10.524
6	43	13.959
6	44	9.3077
6	45	12.958
6	46	8.4627
6	47	8.6744
6	48	14.852
6	49	13.032
6	50	10.016
6	51	7.7485
6	52	8.9294
6	53	7.2102
6	54	15.998
6	55	10.762
6	56	7.8565
6	57	6.2427
6	58	2.807
6	59	4.4943
6	60	7.3189
6	61	2.9661
6	62	5.1182
6	63	4.8793
6	64	4.4249
6	65	2.204
6	66	3.5544
6	67	2.601
6	68	9.3831
6	69	8.1593
6	70	7.0177
6	71	2.7659
6	72	3.6833
6	73	8.0683
6	74	6.7106
6	75	2.8404
6	76	7.3934
6	77	6.5492
6	78	6.5492
6	79	2.2678
6	80	2.2678
7	8	168.33
7	9	100.12
7	10	39.868
7	11	18.89
7	12	10.431
7	13	19.213
7	14	17.868
7	15	14.264
7	16	4.4602
7	17	15.241
7	18	18.941
7	19	3.3647
7	20	12.997
7	21	10.214
7	22	8.0062
7	23	9.0477
7	24	2.5837
7	25	8.7509
7	26	12.557
7	27	18.238
7	28	13.483
7	29	6.1128
7	30	4.2077
7	31	3.4604
7	32	18.636
7	33	14.128
7	34	36.704
7	35	25.614
7	36	5.8918
7	37	9.7926
7	38	9.9633
7	39	12.593
7	40	13.841
7	41	13.526
7	42	11.225
7	43	11.745
7	44	7.4497
7	45	15.239
7	46	3.6956
7	47	3.085
7	48	3.243
7	49	7.8346
7	50	14.368
7	51	16.795
7	52	11.041
7	53	13.912
7	54	12.867
7	55	11.158
7	56	13.797
7	57	2.9984
7	58	2.247
7	59	2.247
7	60	2.247
7	61	0.79033
7	62	1.3649
7	63	3.9036
7	64	6.4969
7	65	4.4075
7	66	6.4106
7	67	4.1782
7	68	2.0451
7	69	7.8134
7	70	5.604
7	71	2.9497
7	72	5.8922
7	73	3.7584
7	74	3.5774
7	75	4.5482
7	76	5.9199
7	77	2.0925
7	78	9.1966
7	79	1.8216
7	80	1.8216
8	9	145.77
8	10	47.808
8	11	18.514
8	12	8.3003
8	13	12.174
8	14	28.22
8	15	11.899
8	16	11.974
8	17	15.335
8	18	21.334
8	19	9.0382
8	20	9.5727
8	21	9.8367
8	22	2.0447
8	23	7.3539
8	24	3.8539
8	25	5.8691
8	26	17.139
8	27	16.31
8	28	12.997
8	29	1.8242
8	30	1.8242
8	31	1.8242
8	32	21.125
8	33	21.595
8	34	39.318
8	35	35.879
8	36	18.384
8	37	10.942
8	38	5.0092
8	39	8.8874
8	40	9.7303
8	41	15.281
8	42	11.036
8	43	8.996
8	44	6.1028
8	45	9.2622
8	46	8.8044
8	47	2.7582
8	48	1.935
8	49	12.256
8	50	10.27
8	51	11.995
8	52	10.853
8	53	13.985
8	54	14.636
8	55	16.31
8	56	14.579
8	57	3.5772
8	58	1.0055
8	59	2.407
8	60	1.3128
8	61	7.0692
8	62	1.8304
8	63	6.9816
8	64	5.2771
8	65	4.7314
8	66	3.1847
8	67	2.3327
8	68	6.0971
8	69	8.1521
8	70	5.0095
8	71	8.572
8	72	7.2435
8	73	5.2787
8	74	5.2787
8	75	4.0702
8	76	1.0595
8	77	3.7472
8	78	2.061
8	79	1.6312
8	80	1.6312
9	10	157.91
9	11	87.274
9	12	33.353
9	13	24.149
9	14	35.983
9	15	26.175
9	16	17.547
9	17	29.995
9	18	23.022
9	19	30.878
9	20	21.049
9	21	12.378
9	22	7.5024
9	23	6.479
9	24	12.418
9	25	8.6066
9	26	11.271
9	27	24.832
9	28	21.732
9	29	8.0028
9	30	5.4935
9	31	15.844
9	32	29.242
9	33	18.547
9	34	14.417
9	35	27.923
9	36	7.7194
9	37	18.144
9	38	10.607
9	39	8.6943
9	40	9.06
9	41	15.865
9	42	10.308
9	43	7.3308
9	44	13.022
9	45	12.792
9	46	6.461
9	47	9.0975
9	48	9.9005
9	49	9.4097
9	50	11.285
9	51	4.3943
9	52	7.946
9	53	11.375
9	54	13.766
9	55	5.9849
9	56	14.819
9	57	9.1581
9	58	2.9401
9	59	3.5287
9	60	3.5287
9	61	4.1446
9	62	8.9475
9	63	11.087
9	64	4.6467
9	65	3.465
9	66	8.3932
9	67	2.7351
9	68	10.728
9	69	6.8375
9	70	5.8854
9	71	5.8008
9	72	3.8619
9	73	9.1655
9	74	9.3718
9	75	5.9493
9	76	9.2884
9	77	9.2884
9	78	3.0002
9	79	4.7477
9	80	8.876
10	11	344.69
10	12	54.169
10	13	39.462
10	14	41.893
10	15	29.314
10	16	21.98
10	17	25.835
10	18	25.954
10	19	12.437
10	20	15.075
10	21	28.111
10	22	7.0528
10	23	14.205
10	24	16.974
10	25	10.787
10	26	12.226
10	27	25.078
10	28	20.425
10	29	12.535
10	30	12.535
10	31	6.3838
10	32	15.289
10	33	7.4798
10	34	7.4798
10	35	9.4641
10	36	7.2667
10	37	12.06
10	38	10.747
10	39	10.626
10	40	7.3016
10	41	11.406
10	42	7.6158
10	43	8.2772
10	44	3.8272
10	45	8.2683
10	46	5.317
10	47	10.456
10	48	10.64
10	49	6.4394
10	50	7.0843
10	51	7.0993
10	52	3.402
10	53	4.286
10	54	2.8819
10	55	5.6312
10	56	3.8678
10	57	14.764
10	58	4.1473
10	59	3.3152
10	60	5.4108
10	61	6.8189
10	62	5.0482
10	63	6.4158
10	64	4.3709
10	65	5.43
10	66	4.3877
10	67	5.7949
10	68	1.6806
10	69	4.0152
10	70	4.1482
10	71	3.636
10	72	4.5382
10	73	7.2887
10	74	7.7097
10	75	9.7901
10	76	5.8237
10	77	12.873
10	78	12.873
10	79	2.234
10	80	2.7821
11	12	277.37
11	13	71.155
11	14	34.837
11	15	44.907
11	16	45.416
11	17	31.774
11	18	15.614
11	19	28.052
11	20	26.548
11	21	12.026
11	22	9.544
11	23	8.0112
11	24	10.759
11	25	12.161
11	26	12.867
11	27	7.7971
11	28	18.683
11	29	22.568
11	30	5.7999
11	31	21.522
11	32	20.639
11	33	2.8132
11	34	5.0957
11	35	5.9151
11	36	4.0959
11	37	13.569
11	38	7.7816
11	39	9.2109
11	40	12.325
11	41	10.871
11	42	1.5614
11	43	13.213
11	44	5.1758
11	45	6.7767
11	46	8.5578
11	47	14.985
11	48	11.968
11	49	3.6272
11	50	1.5951
11	51	2.6622
11	52	3.0633
11	53	2.4117
11	54	2.4117
11	55	1.4105
11	56	5.2361
11	57	9.6913
11	58	4.6632
11	59	8.7215
11	60	6.0914
11	61	7.6837
11	62	3.7934
11	63	4.5195
11	64	7.3902
11	65	4.8942
11	66	5.9298
11	67	4.3495
11	68	9.4757
11	69	6.3416
11	70	6.241
11	71	6.1456
11	72	5.1129
11	73	3.7378
11	74	6.2008
11	75	12.576
11	76	1.6352
11	77	4.3471
11	78	9.5006
11	79	2.5017
11	80	9.3789
12	13	159.92
12	14	47.053
12	15	57.875
12	16	63.584
12	17	17.016
12	18	13.811
12	19	24.039
12	20	16.388
12	21	15.492
12	22	10.247
12	23	16.208
12	24	24.556
12	25	16.954
12	26	9.4728
12	27	3.7648
12	28	23.929
12	29	28.863
12	30	7.3856
12	31	21.381
12	32	15.461
12	33	15.461
12	34	13.152
12	35	13.152
12	36	5.2928
12	37	18.931
12	38	6.6865
12	39	1.186
12	40	12.288
12	41	8.8931
12	42	1.0072
12	43	2.0063
12	44	7.7798
12	45	4.363
12	46	4.4101
12	47	30.278
12	48	19.16
12	49	2.3389
12	50	2.3389
12	51	2.5813
12	52	4.9439
12	53	4.9439
12	54	3.1374
12	55	0.91094
12	56	3.3715
12	57	21.31
12	58	9.9505
12	59	9.6035
12	60	10.423
12	61	5.647
12	62	8.5502
12	63	4.6562
12	64	3.1781
12	65	4.7197
12	66	5.0923
12	67	4.6799
12	68	2.4393
12	69	2.3326
12	70	2.0112
12	71	1.3182
12	72	7.8874
12	73	2.8927
12	74	1.5916
12	75	10.05
12	76	10.442
12	77	12.975
12	78	4.0275
12	79	3.1761
12	80	7.9874
13	14	185.22
13	15	130.34
13	16	42.279
13	17	51.85
13	18	36.484
13	19	16.654
13	20	38.741
13	21	18.483
13	22	16.976
13	23	17.313
13	24	15.966
13	25	13.524
13	26	12.265
13	27	14.74
13	28	19.198
13	29	30.153
13	30	30.153
13	31	21.303
13	32	12.241
13	33	12.241
13	34	9.0472
13	35	3.155
13	36	7.2649
13	37	11.053
13	38	8.455
13	39	7.3747
13	40	14.627
13	41	2.6384
13	42	2.7767
13	43	1.3816
13	44	7.6697
13	45	6.7809
13	46	9.8896
13	47	11.426
13	48	9.3233
13	49	8.8663
13	50	7.085
13	51	4.1346
13	52	4.7617
13	53	2.8562
13	54	4.3203
13	55	5.0138
13	56	2.3294
13	57	13.556
13	58	4.1517
13	59	8.8749
13	60	14.456
13	61	8.7912
13	62	6.747
13	63	6.4321
13	64	6.5683
13	65	6.5327
13	66	7.9093
13	67	5.1512
13	68	5.0586
13	69	4.8372
13	70	4.8573
13	71	5.4671
13	72	10.917
13	73	5.9847
13	74	8.8315
13	75	4.1994
13	76	5.8252
13	77	3.8725
13	78	5.6473
13	79	11.146
13	80	2.7838
14	15	160.92
14	16	26.051
14	17	26.338
14	18	27.797
14	19	37.241
14	20	21.125
14	21	15.918
14	22	10.526
14	23	11.361
14	24	9.5305
14	25	11.415
14	26	12.777
14	27	19.375
14	28	13.398
14	29	5.6429
14	30	7.7729
14	31	6.3881
14	32	13.73
14	33	3.699
14	34	10.104
14	35	7.0655
14	36	8.0948
14	37	10.5
14	38	8.0161
14	39	6.1005
14	40	9.1146
14	41	7.8685
14	42	6.7101
14	43	5.6536
14	44	2.284
14	45	6.7311
14	46	3.964
14	47	4.2599
14	48	4.9844
14	49	7.8018
14	50	4.2213
14	51	4.3988
14	52	6.0822
14	53	4.2573
14	54	9.1291
14	55	3.2613
14	56	4.6204
14	57	0.92109
14	58	4.1446
14	59	5.7879
14	60	4.0545
14	61	8.0077
14	62	5.0245
14	63	3.593
14	64	3.257
14	65	5.6837
14	66	3.9312
14	67	1.9178
14	68	4.3945
14	69	6.5983
14	70	6.19
14	71	2.7155
14	72	4.0686
14	73	6.9166
14	74	6.5955
14	75	9.4399
14	76	2.1852
14	77	5.7966
14	78	12.758
14	79	3.3656
14	80	3.3656
15	16	139.64
15	17	53.111
15	18	29.859
15	19	49.531
15	20	30.329
15	21	25.374
15	22	23.522
15	23	18.101
15	24	21.509
15	25	21.429
15	26	8.7425
15	27	8.2496
15	28	15.226
15	29	11.957
15	30	12.344
15	31	25.363
15	32	16.473
15	33	8.8934
15	34	21.608
15	35	10.062
15	36	10.062
15	37	18.041
15	38	7.3281
15	39	7.7837
15	40	5.8068
15	41	7.3183
15	42	2.4754
15	43	3.2921
15	44	4.5616
15	45	7.1591
15	46	2.7127
15	47	9.0586
15	48	9.5296
15	49	4.8061
15	50	2.5414
15	51	1.415
15	52	3.2566
15	53	4.2749
15	54	2.5888
15	55	2.2386
15	56	1.8412
15	57	8.8114
15	58	6.5961
15	59	7.8978
15	60	10.808
15	61	11.611
15	62	5.0164
15	63	4.7843
15	64	4.3427
15	65	6.4808
15	66	7.3446
15	67	2.3081
15	68	4.0089
15	69	2.8681
15	70	0.82301
15	71	3.2505
15	72	5.4071
15	73	3.9413
15	74	6.5693
15	75	5.0038
15	76	6.9408
15	77	6.1425
15	78	3.3773
15	79	8.0113
15	80	8.0113
16	17	275.79
16	18	67.772
16	19	108.15
16	20	47.38
16	21	32.536
16	22	34.17
16	23	20.814
16	24	21.738
16	25	13.398
16	26	16.709
16	27	9.6633
16	28	28.506
16	29	46.635
16	30	9.5846
16	31	27.675
16	32	28.397
16	33	4.6432
16	34	4.6432
16	35	3.906
16	36	3.906
16	37	13.062
16	38	11.424
16	39	1.5225
16	40	9.0519
16	41	6.5335
16	42	5.1592
16	43	3.8504
16	44	1.425
16	45	2.7999
16	46	2.8276
16	47	3.5374
16	48	12.359
16	49	11.977
16	50	5.2646
16	51	3.293
16	52	1.2636
16	53	1.3263
16	54	4.0117
16	55	3.4939
16	56	1.4425
16	57	11.439
16	58	20.552
16	59	8.24
16	60	8.24
16	61	5.4424
16	62	3.1331
16	63	7.4666
16	64	5.4242
16	65	10.108
16	66	10.108
16	67	3.589
16	68	1.5658
16	69	7.4881
16	70	7.4881
16	71	10.155
16	72	13.518
16	73	3.7073
16	74	6.1488
16	75	10.393
16	76	8.1098
16	77	7.1864
16	78	5.2338
16	79	4.133
16	80	5.1662
17	18	316.31
17	19	168.47
17	20	47.242
17	21	37.04
17	22	16.834
17	23	26.657
17	24	20.28
17	25	15.022
17	26	38.916
17	27	39.216
17	28	30.494
17	29	35.937
17	30	35.937
17	31	30.475
17	32	32.802
17	33	17.802
17	34	17.802
17	35	15.026
17	36	8.6396
17	37	7.1775
17	38	9.148
17	39	9.7517
17	40	14.523
17	41	6.2821
17	42	6.6068
17	43	8.2188
17	44	1.8254
17	45	7.1736
17	46	7.2422
17	47	2.2673
17	48	12.696
17	49	12.696
17	50	3.372
17	51	8.433
17	52	4.8566
17	53	3.3988
17	54	3.4278
17	55	4.473
17	56	5.5438
17	57	14.678
17	58	14.678
17	59	5.2824
17	60	5.2824
17	61	6.9763
17	62	6.0224
17	63	5.7413
17	64	6.946
17	65	2.5923
17	66	2.0919
17	67	1.5322
17	68	4.0132
17	69	3.8377
17	70	3.3021
17	71	4.3383
17	72	6.4979
17	73	1.5819
17	74	1.5819
17	75	3.337
17	76	6.946
17	77	6.1535
17	78	13.475
17	79	5.323
17	80	6.6372
18	19	189.84
18	20	60.506
18	21	44.34
18	22	16.12
18	23	16.961
18	24	16.817
18	25	23.718
18	26	24.367
18	27	30.412
18	28	34.863
18	29	19.886
18	30	9.1079
18	31	13.125
18	32	25.529
18	33	13.098
18	34	15.857
18	35	9.2285
18	36	12.722
18	37	13.224
18	38	7.4135
18	39	10.778
18	40	8.5684
18	41	10.032
18	42	5.4735
18	43	12.711
18	44	6.7237
18	45	5.2854
18	46	6.6705
18	47	5.8489
18	48	7.0244
18	49	5.6519
18	50	3.1047
18	51	7.2463
18	52	5.3661
18	53	6.2591
18	54	3.1567
18	55	5.489
18	56	5.4443
18	57	6.495
18	58	3.6507
18	59	8.7596
18	60	3.1734
18	61	7.7118
18	62	2.9576
18	63	3.5247
18	64	7.6733
18	65	2.8656
18	66	6.9358
18	67	1.6929
18	68	3.6958
18	69	4.2401
18	70	3.6477
18	71	7.1926
18	72	3.9909
18	73	6.4074
18	74	3.8774
18	75	2.463
18	76	5.1284
18	77	4.5393
18	78	4.5393
18	79	1.9681
18	80	2.4498
19	20	238.61
19	21	69.575
19	22	23.826
19	23	21.419
19	24	17.897
19	25	15.179
19	26	30.967
19	27	14.603
19	28	26.914
19	29	31.706
19	30	31.706
19	31	17.94
19	32	25.802
19	33	25.802
19	34	25.802
19	35	4.441
19	36	30.754
19	37	16.98
19	38	19.458
19	39	3.4519
19	40	46.206
19	41	7.4066
19	42	5.8495
19	43	5.8292
19	44	9.7
19	45	15.873
19	46	15.873
19	47	16.054
19	48	33.651
19	49	6.8
19	50	5.9885
19	51	2.5027
19	52	8.6273
19	53	3.0193
19	54	3.0447
19	55	2.6441
19	56	16.329
19	57	5.1897
19	58	11.662
19	59	4.6613
19	60	7.605
19	61	7.605
19	62	7.605
19	63	6.7717
19	64	3.0783
19	65	3.0783
19	66	7.4104
19	67	8.1651
19	68	3.5463
19	69	3.5463
19	70	2.9199
19	71	15.351
19	72	3.8316
19	73	5.5972
19	74	13.939
19	75	17.695
19	76	17.695
19	77	17.695
19	78	11.873
19	79	11.873
19	80	11.873
20	21	168.09
20	22	54.054
20	23	36.927
20	24	30.503
20	25	25.84
20	26	28.901
20	27	28.177
20	28	42.805
20	29	26.414
20	30	4.9464
20	31	16.296
20	32	24.922
20	33	9.5442
20	34	13.002
20	35	5.0397
20	36	5.0397
20	37	9.633
20	38	9.562
20	39	5.4798
20	40	15.154
20	41	5.0428
20	42	6.6343
20	43	7.2709
20	44	12.465
20	45	4.3193
20	46	4.3634
20	47	9.1029
20	48	10.194
20	49	5.4002
20	50	6.7902
20	51	2.834
20	52	7.8273
20	53	3.424
20	54	1.3816
20	55	5.3955
20	56	7.4107
20	57	7.0728
20	58	2.648
20	59	5.2946
20	60	5.1908
20	61	7.4674
20	62	6.4496
20	63	8.4552
20	64	6.2811
20	65	4.1636
20	66	2.5241
20	67	3.0849
20	68	6.4433
20	69	4.6166
20	70	3.3121
20	71	8.7088
20	72	8.6932
20	73	2.5389
20	74	7.3873
20	75	4.0172
20	76	8.3611
20	77	6.1666
20	78	2.7035
20	79	4.2753
20	80	2.6631
21	22	149.97
21	23	79.937
21	24	42.924
21	25	43.399
21	26	36.12
21	27	30.662
21	28	35.3
21	29	22.292
21	30	10.225
21	31	10.511
21	32	12.064
21	33	7.3325
21	34	8.8893
21	35	6.21
21	36	6.21
21	37	8.902
21	38	9.0626
21	39	11.264
21	40	12.007
21	41	8.6451
21	42	5.4487
21	43	4.0689
21	44	3.013
21	45	4.439
21	46	5.2292
21	47	4.6801
21	48	5.2523
21	49	5.543
21	50	2.0889
21	51	2.322
21	52	2.0062
21	53	4.9149
21	54	7.7931
21	55	3.0745
21	56	4.5712
21	57	12.137
21	58	5.4573
21	59	7.6311
21	60	8.9071
21	61	3.8394
21	62	6.6271
21	63	5.5292
21	64	7.88
21	65	8.5648
21	66	4.3208
21	67	5.6938
21	68	4.9691
21	69	10.286
21	70	2.7225
21	71	7.1621
21	72	4.4712
21	73	5.8676
21	74	4.3458
21	75	11.047
21	76	7.1875
21	77	17.812
21	78	5.5935
21	79	2.2113
21	80	2.2113
22	23	302.24
22	24	95.967
22	25	47.687
22	26	19.864
22	27	13.641
22	28	38.512
22	29	50.434
22	30	7.4364
22	31	18.345
22	32	8.7921
22	33	8.7921
22	34	8.7921
22	35	4.5292
22	36	4.5292
22	37	10.099
22	38	5.5021
22	39	5.8548
22	40	5.2426
22	41	3.7748
22	42	4.9591
22	43	3.9534
22	44	3.29
22	45	5.384
22	46	6.5243
22	47	5.4501
22	48	5.7344
22	49	2.3083
22	50	2.3083
22	51	2.3083
22	52	1.9518
22	53	4.0987
22	54	1.034
22	55	0.89609
22	56	2.2163
22	57	3.5341
22	58	9.9298
22	59	3.1704
22	60	15.574
22	61	6.9865
22	62	3.6184
22	63	1.1502
22	64	3.13
22	65	3.1174
22	66	1.2597
22	67	2.7685
22	68	6.0266
22	69	2.3019
22	70	1.9803
22	71	2.6063
22	72	2.6024
22	73	0.94855
22	74	6.3258
22	75	4.0183
22	76	4.1835
22	77	3.701
22	78	12.207
22	79	6.437
22	80	7.9957
23	24	188.49
23	25	55.611
23	26	36.124
23	27	21.392
23	28	29.029
23	29	28.516
23	30	16.041
23	31	19.798
23	32	7.885
23	33	5.109
23	34	4.6444
23	35	4.3294
23	36	7.4478
23	37	6.2037
23	38	9.4797
23	39	6.7369
23	40	7.5378
23	41	5.4285
23	42	2.8507
23	43	4.2563
23	44	4.7277
23	45	1.5484
23	46	2.3445
23	47	13.712
23	48	8.242
23	49	6.6258
23	50	2.9117
23	51	2.9117
23	52	2.0973
23	53	2.9357
23	54	1.4809
23	55	1.2863
23	56	5.5825
23	57	10.159
23	58	11.421
23	59	9.1301
23	60	5.5887
23	61	8.0371
23	62	5.2002
23	63	4.1324
23	64	5.9944
23	65	5.6012
23	66	1.8078
23	67	3.3071
23	68	2.5999
23	69	4.9697
23	70	4.2744
23	71	4.6843
23	72	5.6138
23	73	3.4121
23	74	9.0957
23	75	4.3342
23	76	3.0081
23	77	11.984
23	78	2.9253
23	79	9.2456
23	80	5.7483
24	25	218.32
24	26	39.603
24	27	18.666
24	28	42.644
24	29	56.704
24	30	22.207
24	31	20.607
24	32	13.176
24	33	2.6963
24	34	2.6963
24	35	4.5335
24	36	4.5335
24	37	8.6661
24	38	6.6261
24	39	8.8221
24	40	10.489
24	41	1.8929
24	42	1.4955
24	43	4.4673
24	44	4.9573
24	45	2.434
24	46	3.279
24	47	16.402
24	48	8.5939
24	49	2.6059
24	50	4.5857
24	51	1.914
24	52	1.4677
24	53	3.8518
24	54	0.77676
24	55	1.3514
24	56	2.5066
24	57	6.6287
24	58	8.9303
24	59	11.927
24	60	5.8307
24	61	6.3066
24	62	10.898
24	63	8.6556
24	64	3.1462
24	65	7.0293
24	66	2.8396
24	67	4.168
24	68	0.9072
24	69	6.0715
24	70	4.4817
24	71	5.8856
24	72	5.8755
24	73	9.3074
24	74	8.3118
24	75	12.041
24	76	6.2638
24	77	11.094
24	78	9.0915
24	79	4.7912
24	80	4.7912
25	26	111.76
25	27	58.501
25	28	61.881
25	29	45.855
25	30	14.18
25	31	19.457
25	32	18.194
25	33	9.0954
25	34	9.0954
25	35	4.8098
25	36	4.8098
25	37	8.2739
25	38	5.6133
25	39	8.214
25	40	16.69
25	41	3.2078
25	42	1.8981
25	43	5.0435
25	44	4.1963
25	45	6.1802
25	46	7.63
25	47	10.422
25	48	17.034
25	49	3.6799
25	50	1.9436
25	51	2.7034
25	52	3.1116
25	53	1.9602
25	54	2.6368
25	55	1.7152
25	56	2.8268
25	57	14.63
25	58	13.905
25	59	8.0824
25	60	8.2601
25	61	8.0151
25	62	8.4591
25	63	4.3997
25	64	3.9937
25	65	6.9528
25	66	7.2253
25	67	4.1202
25	68	4.6101
25	69	2.9355
25	70	1.2632
25	71	5.8161
25	72	7.4652
25	73	2.421
25	74	4.029
25	75	5.1147
25	76	5.3234
25	77	7.0653
25	78	7.753
25	79	6.132
25	80	6.132
26	27	219.32
26	28	117.62
26	29	47.872
26	30	4.2972
26	31	8.8342
26	32	31.748
26	33	14.422
26	34	3.7491
26	35	9.5979
26	36	9.0232
26	37	11.675
26	38	11.451
26	39	14.216
26	40	11.108
26	41	9.4545
26	42	7.4541
26	43	5.7141
26	44	7.6094
26	45	5.6029
26	46	8.176
26	47	5.5136
26	48	7.7313
26	49	8.6731
26	50	7.0478
26	51	4.9019
26	52	7.335
26	53	4.7396
26	54	10.163
26	55	6.2173
26	56	12.172
26	57	12.253
26	58	6.8851
26	59	3.6645
26	60	1.4993
26	61	4.0375
26	62	6.2754
26	63	7.313
26	64	7.8435
26	65	3.6031
26	66	9.464
26	67	8.0041
26	68	2.0898
26	69	7.3173
26	70	5.7249
26	71	7.5332
26	72	6.0181
26	73	8.2262
26	74	13.707
26	75	6.9668
26	76	4.8352
26	77	7.4826
26	78	18.795
26	79	18.795
26	80	2.3104
27	28	126.91
27	29	33.08
27	30	4.5492
27	31	5.6146
27	32	29.644
27	33	15.328
27	34	19.912
27	35	13.893
27	36	12.785
27	37	11.511
27	38	11.482
27	39	11.493
27	40	12.848
27	41	8.4869
27	42	9.1321
27	43	7.8889
27	44	10.097
27	45	7.2672
27	46	12.016
27	47	5.0139
27	48	8.1961
27	49	9.2101
27	50	5.6155
27	51	6.7729
27	52	7.1929
27	53	1.2588
27	54	5.7153
27	55	6.0539
27	56	9.5171
27	57	6.4967
27	58	2.4324
27	59	6.8013
27	60	6.3624
27	61	6.8537
27	62	5.9207
27	63	9.173
27	64	7.0477
27	65	2.8671
27	66	6.9558
27	67	3.968
27	68	9.6096
27	69	7.7642
27	70	6.684
27	71	7.1946
27	72	7.1828
27	73	8.15
27	74	15.504
27	75	2.4607
27	76	6.4018
27	77	5.6634
27	78	4.9734
27	79	1.9677
27	80	4.8955
28	29	207.31
28	30	53.129
28	31	41.157
28	32	53.391
28	33	16.262
28	34	5.8756
28	35	6.8105
28	36	6.8105
28	37	15.622
28	38	16.941
28	39	15.925
28	40	17.314
28	41	9.1038
28	42	5.4038
28	43	8.0684
28	44	14.915
28	45	10.74
28	46	10.85
28	47	12.325
28	48	15.466
28	49	3.136
28	50	9.1961
28	51	4.6059
28	52	3.5316
28	53	2.78
28	54	0.93399
28	55	3.2556
28	56	7.043
28	57	19.102
28	58	3.5709
28	59	7.1726
28	60	2.3335
28	61	11.379
28	62	6.5572
28	63	11.458
28	64	7.5766
28	65	18.313
28	66	7.9692
28	67	5.8514
28	68	5.459
28	69	4.1773
28	70	9.898
28	71	7.0802
28	72	9.4195
28	73	8.6267
28	74	12.84
28	75	5.4131
28	76	9.3799
28	77	11.648
28	78	10.869
28	79	2.8587
28	80	2.8587
29	30	272.94
29	31	123.66
29	32	38.774
29	33	38.774
29	34	11.53
29	35	2.6717
29	36	2.6717
29	37	17.877
29	38	11.738
29	39	6.2546
29	40	21.61
29	41	6.7015
29	42	3.5387
29	43	8.8033
29	44	15.621
29	45	1.9174
29	46	3.8746
29	47	21.773
29	48	6.7384
29	49	6.1577
29	50	1.805
29	51	1.805
29	52	1.805
29	53	1.805
29	54	3.6644
29	55	3.6644
29	56	3.6644
29	57	21.854
29	58	17.497
29	59	11.267
29	60	13.728
29	61	7.4461
29	62	8.5853
29	63	4.0904
29	64	1.8603
29	65	13.825
29	66	13.825
29	67	3.282
29	68	2.1442
29	69	2.1442
29	70	2.1442
29	71	9.2676
29	72	6.9349
29	73	5.0863
29	74	2.7987
29	75	3.5364
29	76	3.674
29	77	16.317
29	78	7.0881
29	79	16.764
29	80	16.764
30	31	307.56
30	32	39.869
30	33	39.869
30	34	39.869
30	35	16.531
30	36	16.531
30	37	5.2694
30	38	12.119
30	39	8.6006
30	40	8.6006
30	41	4.5994
30	42	10.976
30	43	10.976
30	44	10.976
30	45	3.9552
30	46	3.9983
30	47	19.924
30	48	13.814
30	49	13.814
30	50	13.814
30	51	13.814
30	52	13.814
30	53	13.814
30	54	3.7881
30	55	3.7881
30	56	3.7881
30	57	12.821
30	58	28.671
30	59	11.591
30	60	9.404
30	61	5.1136
30	62	4.4288
30	63	4.22
30	64	4.22
30	65	4.22
30	66	4.22
30	67	4.22
30	68	4.22
30	69	4.2323
30	70	4.2323
30	71	4.7766
30	72	4.7766
30	73	3.5043
30	74	5.751
30	75	5.751
30	76	7.5023
30	77	13.361
30	78	13.361
30	79	45.328
30	80	43.075
31	32	164.39
31	33	16.299
31	34	9.7863
31	35	9.0645
31	36	9.0645
31	37	17.336
31	38	6.6409
31	39	1.7686
31	40	13.074
31	41	3.7885
31	42	1.5023
31	43	5.9789
31	44	6.6281
31	45	3.2531
31	46	1.6434
31	47	18.458
31	48	14.265
31	49	1.7425
31	50	1.7425
31	51	1.7425
31	52	1.7425
31	53	1.5438
31	54	1.5554
31	55	1.5554
31	56	3.3557
31	57	26.453
31	58	38.513
31	59	4.778
31	60	15.527
31	61	14.739
31	62	5.4638
31	63	5.2074
31	64	1.5793
31	65	4.6907
31	66	1.8963
31	67	2.7862
31	68	3.6404
31	69	1.7413
31	70	1.5014
31	71	3.931
31	72	5.8807
31	73	2.8786
31	74	9.4895
31	75	5.9835
31	76	3.1062
31	77	3.1062
31	78	5.9914
31	79	14.139
31	80	29.717
32	33	58.69
32	34	56.8
32	35	14.81
32	36	28.567
32	37	34.643
32	38	13.196
32	39	16.537
32	40	20.776
32	41	19.102
32	42	15.137
32	43	12.954
32	44	10.747
32	45	12.874
32	46	9.4741
32	47	25.141
32	48	16.513
32	49	12.598
32	50	8.8999
32	51	5.5898
32	52	9.6229
32	53	6.7366
32	54	7.9279
32	55	5.8775
32	56	16.843
32	57	19.118
32	58	6.4288
32	59	8.5732
32	60	5.6255
32	61	3.0313
32	62	7.8725
32	63	5.0038
32	64	10.251
32	65	3.3821
32	66	4.1169
32	67	4.0422
32	68	5.2357
32	69	4.9941
32	70	1.0768
32	71	9.9102
32	72	4.2358
32	73	8.2573
32	74	3.4218
32	75	6.4943
32	76	9.0006
32	77	7.9646
32	78	17.41
32	79	10.331
32	80	10.331
33	34	45.647
33	35	45.561
33	36	36.36
33	37	7.678
33	38	1.9436
33	39	12.379
33	40	15.491
33	41	4.4448
33	42	8.7335
33	43	6.9739
33	44	7.7303
33	45	9.4836
33	46	9.5673
33	47	7.2163
33	48	7.2163
33	49	6.1176
33	50	3.5936
33	51	11.985
33	52	25.93
33	53	10.896
33	54	7.3401
33	55	12.623
33	56	7.7953
33	57	7.7953
33	58	7.7953
33	59	7.7953
33	60	7.7953
33	61	9.8717
33	62	4.2555
33	63	4.0628
33	64	1.8373
33	65	2.7582
33	66	4.4641
33	67	4.4641
33	68	2.1272
33	69	2.1272
33	70	6.9627
33	71	4.6003
33	72	2.2956
33	73	4.9982
33	74	4.9982
33	75	4.9982
33	76	11.157
33	77	3.2848
33	78	7.2967
33	79	7.2967
33	80	7.2967
34	35	58.56
34	36	116.89
34	37	4.6665
34	38	3.5433
34	39	11.257
34	40	5.6067
34	41	20.176
34	42	22.302
34	43	9.5519
34	44	9.5519
34	45	10.354
34	46	13.949
34	47	8.7407
34	48	6.1411
34	49	7.4417
34	50	19.718
34	51	8.2443
34	52	37.941
34	53	39.858
34	54	3.3546
34	55	11.539
34	56	21.271
34	57	21.271
34	58	21.271
34	59	21.271
34	60	21.271
34	61	21.271
34	62	3.8744
34	63	3.6968
34	64	13.419
34	65	5.0083
34	66	4.0653
34	67	5.966
34	68	7.7349
34	69	3.6833
34	70	3.1707
34	71	3.1707
34	72	3.1707
34	73	3.0362
34	74	10.15
34	75	6.4406
34	76	6.4406
34	77	5.9243
34	78	5.9243
34	79	5.9243
34	80	12.809
35	36	188.21
35	37	11.93
35	38	14.844
35	39	15.725
35	40	11.706
35	41	24.39
35	42	23.757
35	43	13.35
35	44	8.205
35	45	19.29
35	46	8.9448
35	47	1.0165
35	48	8.5362
35	49	19.055
35	50	23.719
35	51	20.498
35	52	33.841
35	53	27.045
35	54	32.754
35	55	26.909
35	56	27.255
35	57	9.2167
35	58	9.2167
35	59	2.3575
35	60	1.9413
35	61	4.1686
35	62	1.8036
35	63	5.1602
35	64	8.6042
35	65	4.6545
35	66	2.834
35	67	5.5584
35	68	9.8989
35	69	6.8595
35	70	6.6526
35	71	3.8919
35	72	2.9117
35	73	7.081
35	74	1.1777
35	75	1.4921
35	76	9.3071
35	77	5.489
35	78	3.0123
35	79	2.383
35	80	2.383
36	37	14.985
36	38	5.6837
36	39	9.0305
36	40	4.5086
36	41	9.72
36	42	20.425
36	43	5.1038
36	44	5.6441
36	45	2.7676
36	46	2.7676
36	47	2.7676
36	48	2.7676
36	49	11.934
36	50	15.808
36	51	15.403
36	52	7.6081
36	53	18.643
36	54	10.764
36	55	16.168
36	56	11.364
36	57	11.364
36	58	11.364
36	59	11.364
36	60	11.364
36	61	11.364
36	62	9.3177
36	63	2.966
36	64	2.6863
36	65	2.6863
36	66	3.2632
36	67	2.3905
36	68	3.1031
36	69	5.9077
36	70	5.0791
36	71	6.7133
36	72	3.346
36	73	7.2965
36	74	7.2965
36	75	5.1858
36	76	5.1858
36	77	4.7686
36	78	4.7686
36	79	4.7686
36	80	4.7686
37	38	268.15
37	39	86
37	40	79.586
37	41	36.766
37	42	13.484
37	43	24.115
37	44	27.448
37	45	16.132
37	46	17.098
37	47	20.408
37	48	27.213
37	49	27.336
37	50	13.912
37	51	7.3581
37	52	11.267
37	53	12.573
37	54	9.7055
37	55	16.079
37	56	18.147
37	57	25.183
37	58	12.709
37	59	18.021
37	60	7.4279
37	61	8.9658
37	62	14.654
37	63	9.8669
37	64	8.9728
37	65	23.361
37	66	8.132
37	67	9.971
37	68	9.46
37	69	8.1918
37	70	7.7679
37	71	12.092
37	72	17.624
37	73	7.4417
37	74	10.134
37	75	14.268
37	76	10.386
37	77	13.116
37	78	8.6452
37	79	6.8426
37	80	8.5123
38	39	136.36
38	40	72.244
38	41	41.083
38	42	23.246
38	43	18.881
38	44	12.551
38	45	16.411
38	46	17.772
38	47	14.833
38	48	22.881
38	49	15.753
38	50	11.669
38	51	9.7512
38	52	16.558
38	53	9.5362
38	54	10.192
38	55	8.8035
38	56	15.67
38	57	23.082
38	58	8.639
38	59	4.3076
38	60	5.6649
38	61	12.168
38	62	14.459
38	63	13.79
38	64	9.6756
38	65	13.583
38	66	8.2519
38	67	7.0645
38	68	9.1884
38	69	6.8843
38	70	9.7007
38	71	15.612
38	72	10.623
38	73	10.839
38	74	6.8831
38	75	8.736
38	76	7.9529
38	77	9.0438
38	78	13.263
38	79	13.263
38	80	4.3449
39	40	144.63
39	41	65.58
39	42	29.881
39	43	32.627
39	44	21.599
39	45	28.066
39	46	20.783
39	47	16.566
39	48	13.273
39	49	20.051
39	50	14.114
39	51	12.262
39	52	10.169
39	53	16.609
39	54	12.568
39	55	14.015
39	56	24.404
39	57	10.228
39	58	5.7446
39	59	10.103
39	60	6.0112
39	61	14.567
39	62	15.371
39	63	6.6626
39	64	13.297
39	65	9.0276
39	66	12.4
39	67	8.014
39	68	15.364
39	69	9.3373
39	70	19.513
39	71	17.361
39	72	12.812
39	73	15.392
39	74	17.396
39	75	9.2979
39	76	10.886
39	77	10.711
39	78	2.3525
39	79	2.3525
39	80	2.3525
40	41	184.37
40	42	29.189
40	43	36.771
40	44	37.915
40	45	30.696
40	46	38.539
40	47	37.588
40	48	45.893
40	49	16.958
40	50	14.929
40	51	15.4
40	52	12.65
40	53	12.394
40	54	20.529
40	55	11.643
40	56	15.333
40	57	30.359
40	58	13.617
40	59	6.8329
40	60	8.9161
40	61	10.845
40	62	10.42
40	63	9.9323
40	64	15.352
40	65	24.18
40	66	14.128
40	67	8.7781
40	68	12.49
40	69	10.943
40	70	11.143
40	71	22.497
40	72	21.32
40	73	13.145
40	74	9.5201
40	75	13.761
40	76	12.514
40	77	11.102
40	78	17.288
40	79	10.913
40	80	3.4191
41	42	128.49
41	43	65.23
41	44	53.246
41	45	38.196
41	46	47.384
41	47	22.025
41	48	27.267
41	49	28.013
41	50	17.702
41	51	16.357
41	52	12.754
41	53	21.04
41	54	16.078
41	55	17.863
41	56	31.05
41	57	19.744
41	58	7.3888
41	59	2.957
41	60	2.957
41	61	9.5576
41	62	18.013
41	63	9.3028
41	64	12.996
41	65	8.7204
41	66	16.449
41	67	12.638
41	68	13.5
41	69	17.194
41	70	18.505
41	71	11.349
41	72	16.993
41	73	8.8647
41	74	10.803
41	75	17.434
41	76	6.4771
41	77	13.77
41	78	15.084
41	79	3.9717
41	80	2.4768
42	43	134.47
42	44	44.697
42	45	46.506
42	46	30.432
42	47	8.0285
42	48	10.334
42	49	27.787
42	50	29.971
42	51	30.025
42	52	24.002
42	53	33.273
42	54	25.954
42	55	23.321
42	56	27.722
42	57	6.0774
42	58	4.8793
42	59	3.1114
42	60	2.5535
42	61	6.8591
42	62	7.1069
42	63	9.037
42	64	11.785
42	65	5.3588
42	66	8.6679
42	67	5.8982
42	68	14.2
42	69	17.501
42	70	14.573
42	71	7.0381
42	72	4.4721
42	73	13.492
42	74	8.5433
42	75	3.9498
42	76	6.1683
42	77	5.4523
42	78	4.0048
42	79	1.5851
42	80	1.5851
43	44	119.2
43	45	72.132
43	46	39.912
43	47	21.998
43	48	24.335
43	49	32.837
43	50	23.971
43	51	21.284
43	52	23.526
43	53	14.12
43	54	14.256
43	55	20.204
43	56	22.73
43	57	20.764
43	58	7.7753
43	59	8.5154
43	60	6.3725
43	61	6.1507
43	62	6.4951
43	63	14.08
43	64	10.224
43	65	7.6314
43	66	16.691
43	67	10.883
43	68	11.204
43	69	14.051
43	70	11.129
43	71	10.84
43	72	10.82
43	73	12.048
43	74	8.5109
43	75	6.8815
43	76	6.1388
43	77	9.9466
43	78	7.9748
43	79	4.7351
43	80	4.7351
44	45	151.31
44	46	68.454
44	47	48.79
44	48	54.958
44	49	25.082
44	50	19.885
44	51	15.216
44	52	20.171
44	53	19.509
44	54	11.251
44	55	13.629
44	56	18.633
44	57	26.843
44	58	10.77
44	59	8.5963
44	60	14.101
44	61	9.8563
44	62	9.8218
44	63	12.489
44	64	8.4992
44	65	10.152
44	66	10.267
44	67	15.552
44	68	15.699
44	69	11.861
44	70	9.1337
44	71	19.803
44	72	14.824
44	73	9.7778
44	74	10.295
44	75	7.6251
44	76	10.204
44	77	8.0239
44	78	6.6171
44	79	12.21
44	80	4.3338
45	46	101.93
45	47	14.51
45	48	28.486
45	49	40.577
45	50	28.676
45	51	24.369
45	52	22.352
45	53	24.559
45	54	17.072
45	55	23.393
45	56	35.429
45	57	13.17
45	58	3.1702
45	59	5.0674
45	60	4.1476
45	61	8.1869
45	62	6.4253
45	63	11.03
45	64	12.229
45	65	11.624
45	66	12.748
45	67	9.8298
45	68	16.698
45	69	15.945
45	70	14.776
45	71	12.495
45	72	14.553
45	73	16.175
45	74	13.473
45	75	5.3448
45	76	6.6749
45	77	4.9249
45	78	6.4925
45	79	5.1292
45	80	5.1292
46	47	87.206
46	48	56.563
46	49	29.835
46	50	18.061
46	51	21.456
46	52	15.779
46	53	14.911
46	54	13.378
46	55	12.06
46	56	20.268
46	57	22.82
46	58	5.3402
46	59	2.5587
46	60	5.5967
46	61	10.527
46	62	13.632
46	63	11.147
46	64	16.285
46	65	11.748
46	66	13.572
46	67	13.419
46	68	12.978
46	69	13.623
46	70	13.32
46	71	15.429
46	72	18.898
46	73	17.86
46	74	10.212
46	75	8.641
46	76	5.6202
46	77	21.896
46	78	10.949
46	79	5.1879
46	80	5.1879
47	48	204.19
47	49	21.012
47	50	6.8509
47	51	7.4322
47	52	5.9235
47	53	2.764
47	54	6.2741
47	55	4.2324
47	56	14.195
47	57	51.086
47	58	34.675
47	59	19.213
47	60	15.72
47	61	16.938
47	62	20.324
47	63	10.853
47	64	9.1493
47	65	22.044
47	66	16.128
47	67	5.6013
47	68	13.811
47	69	8.5337
47	70	6.6792
47	71	20.193
47	72	22.782
47	73	5.1188
47	74	21.275
47	75	22.924
47	76	11.219
47	77	4.9716
47	78	16.344
47	79	6.4515
47	80	13.409
48	49	113.53
48	50	23.076
48	51	14.464
48	52	17.546
48	53	13.57
48	54	13.68
48	55	9.3477
48	56	14.67
48	57	59.699
48	58	33.458
48	59	16.424
48	60	21.917
48	61	22.395
48	62	25.07
48	63	16.293
48	64	8.8948
48	65	16.151
48	66	13.075
48	67	11.359
48	68	17.071
48	69	6.5249
48	70	8.4385
48	71	20.908
48	72	20.853
48	73	7.1902
48	74	16.345
48	75	18.775
48	76	7.8046
48	77	10.385
48	78	11.305
48	79	17.838
48	80	11.195
49	50	129.55
49	51	88.809
49	52	70.138
49	53	49.501
49	54	36.885
49	55	36.439
49	56	29.694
49	57	23.216
49	58	4.5345
49	59	6.3226
49	60	13.379
49	61	11.966
49	62	15.856
49	63	15.125
49	64	9.5549
49	65	11.579
49	66	16.602
49	67	12.718
49	68	15.831
49	69	24.93
49	70	12.431
49	71	10.422
49	72	9.6584
49	73	13.529
49	74	18.956
49	75	9.1706
49	76	5.9647
49	77	11.595
49	78	4.6431
49	79	3.6763
49	80	2.2807
50	51	133.02
50	52	92.802
50	53	55.779
50	54	42.646
50	55	34.849
50	56	32.773
50	57	10.67
50	58	1.9959
50	59	1.588
50	60	3.9374
50	61	11.938
50	62	7.2871
50	63	8.6905
50	64	13.686
50	65	8.6297
50	66	11.469
50	67	12.174
50	68	8.4841
50	69	10.96
50	70	10.934
50	71	13.109
50	72	9.1544
50	73	9.0425
50	74	12.716
50	75	4.0352
50	76	1.0495
50	77	3.7076
50	78	8.18
50	79	1.6198
50	80	2.0072
51	52	114.73
51	53	61.144
51	54	40.161
51	55	44.236
51	56	32.415
51	57	10.399
51	58	5.8345
51	59	1.9867
51	60	3.2987
51	61	8.2068
51	62	8.6202
51	63	10.163
51	64	9.6702
51	65	5.8989
51	66	9.0628
51	67	7.052
51	68	16.697
51	69	15.391
51	70	14.919
51	71	9.8484
51	72	6.0017
51	73	10.315
51	74	10.619
51	75	5.0542
51	76	0.8761
51	77	6.1902
51	78	5.1342
51	79	5.1342
51	80	1.676
52	53	123.38
52	54	70.92
52	55	50.044
52	56	35.212
52	57	11.102
52	58	2.8747
52	59	2.287
52	60	5.0445
52	61	8.7686
52	62	6.4188
52	63	8.3506
52	64	13.663
52	65	3.7683
52	66	8.5751
52	67	12.612
52	68	8.1501
52	69	6.6477
52	70	13.845
52	71	14.483
52	72	9.4225
52	73	10.516
52	74	12.211
52	75	4.8431
52	76	2.0148
52	77	6.2278
52	78	3.9249
52	79	1.555
52	80	1.9274
53	54	115.48
53	55	76.331
53	56	53.212
53	57	8.965
53	58	5.0293
53	59	6.4019
53	60	1.3242
53	61	9.9153
53	62	9.8041
53	63	11.107
53	64	14.88
53	65	4.7481
53	66	10.293
53	67	9.4631
53	68	14.058
53	69	18.029
53	70	15.54
53	71	7.9339
53	72	10.551
53	73	13.442
53	74	11.217
53	75	3.0497
53	76	6.3442
53	77	5.6022
53	78	6.1773
53	79	1.6315
53	80	4.0451
54	55	145.39
54	56	85.332
54	57	13.56
54	58	2.0278
54	59	6.4557
54	60	4.0059
54	61	7.8585
54	62	9.2753
54	63	13.567
54	64	15.559
54	65	7.9823
54	66	8.4398
54	67	18.637
54	68	14.183
54	69	15.255
54	70	16.188
54	71	10.673
54	72	6.6526
54	73	15.99
54	74	4.8475
54	75	4.0981
54	76	4.2615
54	77	1.8816
54	78	4.1456
54	79	4.1456
54	80	2.0381
55	56	125.61
55	57	12.563
55	58	2.6475
55	59	7.0234
55	60	2.3136
55	61	11.778
55	62	8.0303
55	63	12.257
55	64	16.214
55	65	9.6916
55	66	15.697
55	67	13.15
55	68	16.041
55	69	21.917
55	70	23.247
55	71	12.144
55	72	10.967
55	73	12.599
55	74	10.533
55	75	2.6784
55	76	2.7884
55	77	6.5692
55	78	12.691
55	79	2.8709
55	80	2.8709
56	57	57.145
56	58	7.6231
56	59	8.7008
56	60	7.1046
56	61	18.386
56	62	13.222
56	63	22.061
56	64	23.435
56	65	11.106
56	66	10.343
56	67	15.647
56	68	13.216
56	69	22.736
56	70	14.667
56	71	9.2887
56	72	9.9899
56	73	19.254
56	74	19.944
56	75	8.817
56	76	4.5903
56	77	8.1238
56	78	11.154
56	79	5.2933
56	80	2.1927
57	58	234.19
57	59	64.925
57	60	69.932
57	61	41.432
57	62	35.827
57	63	20.091
57	64	17.356
57	65	47.55
57	66	20.894
57	67	16.966
57	68	12.629
57	69	10.054
57	70	12.13
57	71	21.615
57	72	41.993
57	73	11.626
57	74	16.506
57	75	26.106
57	76	30.749
57	77	28.866
57	78	34.998
57	79	19.339
57	80	19.339
58	59	270.01
58	60	179.59
58	61	31.472
58	62	30.78
58	63	9.0266
58	64	9.2389
58	65	13.728
58	66	9.8747
58	67	4.5347
58	68	8.2776
58	69	3.3909
58	70	0.97436
58	71	16.608
58	72	15.292
58	73	8.4059
58	74	3.0863
58	75	17.545
58	76	10.121
58	77	10.79
58	78	27.383
58	79	18.5
58	80	46.491
59	60	368.39
59	61	53.633
59	62	40.639
59	63	16.216
59	64	8.1792
59	65	28.059
59	66	8.862
59	67	5.7736
59	68	3.7782
59	69	3.6132
59	70	2.3325
59	71	9.1913
59	72	12.236
59	73	4.471
59	74	17.321
59	75	26.686
59	76	17.97
59	77	18.809
59	78	12.662
59	79	15.011
59	80	18.734
60	61	134.21
60	62	71.254
60	63	26.573
60	64	20.172
60	65	49.882
60	66	19.423
60	67	14.311
60	68	10.811
60	69	4.4234
60	70	4.4234
60	71	10.028
60	72	11.669
60	73	6.0975
60	74	20.193
60	75	15.334
60	76	7.9731
60	77	14.097
60	78	30.764
60	79	28.439
60	80	30.478
61	62	156.71
61	63	60.398
61	64	44.024
61	65	44.121
61	66	20.01
61	67	16.59
61	68	24.151
61	69	14.318
61	70	12.327
61	71	25.209
61	72	20.674
61	73	11.811
61	74	18.545
61	75	22.145
61	76	10.079
61	77	24.224
61	78	13.973
61	79	11.046
61	80	11.013
62	63	133.88
62	64	77.9
62	65	64.172
62	66	26.331
62	67	18.755
62	68	17.261
62	69	21.969
62	70	17.138
62	71	17.886
62	72	24.064
62	73	12.454
62	74	15.09
62	75	19.158
62	76	21.188
62	77	9.9214
62	78	9.6893
62	79	13.416
62	80	9.5281
63	64	175.37
63	65	50.539
63	66	26.544
63	67	33.685
63	68	19.885
63	69	20.289
63	70	20.286
63	71	16.315
63	72	21.467
63	73	18.895
63	74	19.775
63	75	13.696
63	76	14.252
63	77	14.705
63	78	20.764
63	79	10.956
63	80	6.8114
64	65	66.063
64	66	47.606
64	67	35.371
64	68	29.883
64	69	20.186
64	70	22.481
64	71	16.157
64	72	18.814
64	73	23.486
64	74	23.697
64	75	8.3063
64	76	11.89
64	77	14.332
64	78	8.4252
64	79	1.6667
64	80	1.6667
65	66	146.63
65	67	49.899
65	68	30.648
65	69	18.626
65	70	14.515
65	71	27.117
65	72	32.076
65	73	17.569
65	74	26.757
65	75	18.51
65	76	20.859
65	77	19.88
65	78	24.883
65	79	22.143
65	80	6.1352
66	67	213.54
66	68	69.071
66	69	37.225
66	70	30.225
66	71	38.981
66	72	27.551
66	73	19.502
66	74	25.576
66	75	8.7347
66	76	23.368
66	77	11.474
66	78	12.602
66	79	5.9876
66	80	4.9646
67	68	111.23
67	69	46.655
67	70	27.545
67	71	26.795
67	72	20.792
67	73	16.43
67	74	16.612
67	75	14.67
67	76	9.5394
67	77	15.17
67	78	15.17
67	79	4.4171
67	80	3.6485
68	69	126.94
68	70	70.284
68	71	62.16
68	72	34.91
68	73	32.824
68	74	18.839
68	75	10.767
68	76	16.189
68	77	13.214
68	78	12.084
68	79	3.8267
68	80	2.3798
69	70	156.85
69	71	80.126
69	72	41.497
69	73	36.214
69	74	21.603
69	75	16.015
69	76	20.248
69	77	23.186
69	78	4.6276
69	79	1.8304
69	80	4.5522
70	71	122.63
70	72	38.909
70	73	45.551
70	74	30.242
70	75	12.82
70	76	8.2162
70	77	7.2658
70	78	25.981
70	79	4.745
70	80	3.9248
71	72	145.07
71	73	58.739
71	74	54.983
71	75	28.427
71	76	18.823
71	77	24.992
71	78	20.895
71	79	10.324
71	80	5.1409
72	73	138.12
72	74	89.426
72	75	48.964
72	76	36.196
72	77	23.748
72	78	20.821
72	79	22.61
72	80	10.25
73	74	140.46
73	75	50.106
73	76	28.551
73	77	38.316
73	78	21.099
73	79	6.0687
73	80	3.763
74	75	199.71
74	76	87.595
74	77	54.636
74	78	43.959
74	79	14.882
74	80	18.614
75	76	224.9
75	77	89.048
75	78	94.729
75	79	52.825
75	80	15.647
76	77	319.21
76	78	200.56
76	79	70.798
76	80	40.616
77	78	287.71
77	79	66.079
77	80	43.338
78	79	203.57
78	80	101.82
79	80	745.85
