1	2	210.14
1	3	113.77
1	4	49.489
1	5	39.751
1	6	18.793
1	7	41.944
1	8	38.006
1	9	17.073
1	10	20.855
1	11	6.786
1	12	4.1227
1	13	6.8763
1	14	8.3532
1	15	8.0897
1	16	11.427
1	17	8.5775
1	18	11.299
1	19	6.5435
1	20	11.832
1	21	13.172
1	22	3.3243
1	23	7.1311
1	24	3.4176
1	25	8.9352
1	26	8.9352
1	27	9.3138
1	28	8.5801
1	29	4.3107
1	30	4.2552
1	31	8.2666
1	32	4.6299
1	33	8.4412
1	34	7.3277
1	35	7.3277
1	36	2.1874
1	37	7.5639
1	38	10.351
1	39	9.3099
1	40	13.218
1	41	13.662
1	42	5.6466
1	43	7.5616
1	44	3.4682
1	45	12.8
1	46	4.493
1	47	4.9002
1	48	3.3548
1	49	3.3548
1	50	3.1988
1	51	2.5625
1	52	1.2057
1	53	6.1482
1	54	5.271
1	55	5.439
1	56	10.026
1	57	3.0953
1	58	2.0593
1	59	2.9574
1	60	8.5715
1	61	7.9299
1	62	2.6615
1	63	3.448
1	64	4.771
1	65	1.2842
1	66	3.4549
1	67	2.0302
1	68	4.0206
1	69	5.9504
1	70	13.194
1	71	5.5513
1	72	7.3381
1	73	8.0241
1	74	4.5898
1	75	19.615
1	76	15.918
1	77	8.5604
1	78	22.97
1	79	55.744
2	3	363.95
2	4	71.322
2	5	60.144
2	6	36.248
2	7	42.358
2	8	54.245
2	9	36.394
2	10	12.629
2	11	3.4262
2	12	3.4262
2	13	1.3898
2	14	7.3915
2	15	4.0888
2	16	2.3085
2	17	14.418
2	18	13.691
2	19	6.5954
2	20	4.7744
2	21	9.9737
2	22	9.9737
2	23	3.6034
2	24	6.9051
2	25	13.518
2	26	9.1493
2	27	14.096
2	28	8.6644
2	29	2.9051
2	30	5.7378
2	31	11.69
2	32	9.3646
2	33	5.1138
2	34	7.3967
2	35	9.0958
2	36	11.039
2	37	3.8196
2	38	23.498
2	39	15.652
2	40	21.322
2	41	6.886
2	42	5.7038
2	43	5.0888
2	44	10.509
2	45	10.769
2	46	4.5344
2	47	4.5344
2	48	4.5344
2	49	4.5344
2	50	1.0774
2	51	1.0774
2	52	2.4393
2	53	4.6622
2	54	8.8697
2	55	3.6593
2	56	4.0487
2	57	4.0487
2	58	8.3104
2	59	8.3104
2	60	5.1973
2	61	2.0032
2	62	1.3441
2	63	1.3441
2	64	4.8204
2	65	1.2973
2	66	1.2973
2	67	1.2973
2	68	4.064
2	69	4.0085
2	70	6.6582
2	71	8.3986
2	72	12.343
2	73	10.793
2	74	13.891
2	75	12.372
2	76	8.0194
2	77	5.75
2	78	17.339
2	79	51.868
3	4	256.7
3	5	114.71
3	6	46.398
3	7	47.118
3	8	28.796
3	9	26.573
3	10	8.5884
3	11	13.963
3	12	9.042
3	13	6.7909
3	14	5.1542
3	15	2.2166
3	16	5.6443
3	17	16.509
3	18	24.219
3	19	16.216
3	20	9.7542
3	21	5.4297
3	22	5.4297
3	23	4.4076
3	24	7.0361
3	25	5.5287
3	26	13.669
3	27	9.5981
3	28	19.441
3	29	4.7261
3	30	2.332
3	31	8.166
3	32	11.423
3	33	11.121
3	34	3.0182
3	35	3.0182
3	36	9.023
3	37	4.6721
3	38	14.946
3	39	10.228
3	40	10.911
3	41	14.091
3	42	4.6487
3	43	4.6487
3	44	4.2829
3	45	7.0304
3	46	9.2636
3	47	1.3452
3	48	2.7592
3	49	1.905
3	50	0.87885
3	51	3.163
3	52	3.9624
3	53	5.0548
3	54	1.4481
3	55	5.9751
3	56	9.9125
3	57	9.9125
3	58	3.3986
3	59	4.8743
3	60	2.8208
3	61	3.2638
3	62	5.4825
3	63	5.6781
3	64	9.8145
3	65	5.2884
3	66	2.8445
3	67	2.8445
3	68	1.1019
3	69	6.5288
3	70	5.4433
3	71	6.867
3	72	12.109
3	73	6.6191
3	74	3.7909
3	75	8.0997
3	76	6.5805
3	77	16.53
3	78	16.53
3	79	7.0832
4	5	307.97
4	6	67.115
4	7	44.382
4	8	48.425
4	9	24.377
4	10	26.785
4	11	13.618
4	12	5.5104
4	13	9.9434
4	14	5.8721
4	15	3.2431
4	16	9.18
4	17	11.501
4	18	9.0626
4	19	5.2634
4	20	7.6144
4	21	2.6498
4	22	16.053
4	23	10.044
4	24	8.2324
4	25	5.3905
4	26	3.6414
4	27	13.119
4	28	3.4485
4	29	4.6054
4	30	6.8115
4	31	11.946
4	32	3.7103
4	33	6.7812
4	34	11.768
4	35	19.376
4	36	8.7894
4	37	12.16
4	38	10.39
4	39	17.435
4	40	8.5042
4	41	10.987
4	42	6.7951
4	43	12.175
4	44	8.3512
4	45	3.4223
4	46	3.6078
4	47	2.6247
4	48	1.7963
4	49	1.7963
4	50	2.5797
4	51	1.0299
4	52	1.9323
4	53	2.4607
4	54	5.6466
4	55	2.9171
4	56	8.0735
4	57	3.7423
4	58	1.6632
4	59	5.9517
4	60	4.1239
4	61	4.7731
4	62	6.4306
4	63	4.1535
4	64	1.9139
4	65	2.0674
4	66	0.92685
4	67	3.2697
4	68	1.0745
4	69	4.765
4	70	1.7656
4	71	8.9162
4	72	15.726
4	73	10.74
4	74	7.3868
4	75	13.79
4	76	6.4084
4	77	11.496
4	78	4.6305
4	79	10.351
5	6	209.78
5	7	73.763
5	8	79.717
5	9	40.374
5	10	22.179
5	11	4.9191
5	12	5.3133
5	13	7.9786
5	14	2.0196
5	15	2.6057
5	16	8.8398
5	17	13.83
5	18	13.121
5	19	6.3352
5	20	11.443
5	21	9.5585
5	22	9.5585
5	23	9.5585
5	24	14.874
5	25	8.6452
5	26	14.597
5	27	2.2523
5	28	16.6
5	29	6.9439
5	30	5.4839
5	31	11.19
5	32	8.9518
5	33	4.8965
5	34	7.086
5	35	11.645
5	36	19.056
5	37	10.971
5	38	12.522
5	39	18
5	40	10.234
5	41	19.827
5	42	8.1899
5	43	17.069
5	44	6.7064
5	45	8.2521
5	46	13.044
5	47	3.1596
5	48	3.2435
5	49	3.2435
5	50	2.0643
5	51	3.7168
5	52	3.7168
5	53	7.4274
5	54	6.7988
5	55	15.777
5	56	3.8791
5	57	8.9841
5	58	7.9732
5	59	4.2926
5	60	6.6291
5	61	3.8342
5	62	2.5753
5	63	1.667
5	64	6.9182
5	65	6.9182
5	66	6.9182
5	67	3.9286
5	68	1.2951
5	69	9.5873
5	70	2.1288
5	71	10.739
5	72	16.574
5	73	12.94
5	74	2.2228
5	75	16.625
5	76	7.7082
5	77	8.2965
5	78	5.5653
5	79	4.1506
6	7	253.26
6	8	66.669
6	9	39.615
6	10	36.309
6	11	20.63
6	12	11.118
6	13	11.923
6	14	5.4202
6	15	7.0067
6	16	17.189
6	17	8.312
6	18	18.388
6	19	38.201
6	20	21.992
6	21	17.181
6	22	7.7276
6	23	4.1239
6	24	10.881
6	25	10.396
6	26	4.3618
6	27	13.51
6	28	7.4576
6	29	9.1355
6	30	9.8338
6	31	17.227
6	32	10.699
6	33	11.736
6	34	8.5037
6	35	7.0189
6	36	13.99
6	37	13.131
6	38	10.548
6	39	10.824
6	40	6.1644
6	41	7.96
6	42	4.906
6	43	10.227
6	44	6.0268
6	45	2.4781
6	46	1.3065
6	47	1.8911
6	48	2.5801
6	49	2.6705
6	50	2.4624
6	51	1.4796
6	52	6.2549
6	53	4.4436
6	54	6.1168
6	55	4.2039
6	56	10.444
6	57	8.9631
6	58	2.3859
6	59	2.5672
6	60	6.9423
6	61	3.4424
6	62	4.6161
6	63	9.9845
6	64	5.5206
6	65	0.7421
6	66	3.3239
6	67	2.3432
6	68	3.8705
6	69	6.8969
6	70	3.8392
6	71	8.079
6	72	7.1139
6	73	9.3445
6	74	4.0086
6	75	14.289
6	76	9.3033
6	77	3.3383
6	78	16.849
6	79	17.513
7	8	175.53
7	9	65.168
7	10	27.044
7	11	19.773
7	12	7.9948
7	13	16.008
7	14	6.0681
7	15	6.0968
7	16	10.353
7	17	14.858
7	18	30.787
7	19	8.5207
7	20	13.824
7	21	6.404
7	22	17.267
7	23	5.7667
7	24	14.38
7	25	13.062
7	26	8.7865
7	27	9.063
7	28	13.897
7	29	9.287
7	30	16.492
7	31	8.5609
7	32	7.478
7	33	8.7474
7	34	14.253
7	35	11.75
7	36	7.1003
7	37	9.7938
7	38	5.0446
7	39	4.0293
7	40	12.039
7	41	2.2213
7	42	7.3109
7	43	4.9018
7	44	5.6147
7	45	2.7675
7	46	2.9173
7	47	2.1148
7	48	5.0547
7	49	1.4955
7	50	2.0687
7	51	6.6245
7	52	9.3341
7	53	6.954
7	54	5.696
7	55	4.7013
7	56	2.5972
7	57	5.0148
7	58	5.3424
7	59	5.7448
7	60	2.2177
7	61	6.4145
7	62	2.5838
7	63	5.5815
7	64	6.1729
7	65	1.6615
7	66	2.2335
7	67	1.968
7	68	4.33
7	69	1.284
7	70	4.2847
7	71	9.0181
7	72	3.1765
7	73	10.427
7	74	2.9838
7	75	11.159
7	76	7.7824
7	77	7.445
7	78	7.5076
7	79	11.165
8	9	269.12
8	10	45.128
8	11	11.033
8	12	11.033
8	13	4.4825
8	14	1.1367
8	15	1.465
8	16	2.4802
8	17	21.629
8	18	14.66
8	19	28.207
8	20	2.56
8	21	7.1398
8	22	7.1931
8	23	11.63
8	24	20.392
8	25	12.07
8	26	24.599
8	27	15.126
8	28	6.977
8	29	7.7999
8	30	1.5403
8	31	19.724
8	32	2.516
8	33	10.979
8	34	7.9299
8	35	22.711
8	36	14.194
8	37	8.2075
8	38	5.5885
8	39	16.76
8	40	25.663
8	41	7.3675
8	42	21.419
8	43	2.7328
8	44	7.5189
8	45	11.538
8	46	12.139
8	47	1.7724
8	48	2.4334
8	49	1.256
8	50	1.256
8	51	1.393
8	52	1.3122
8	53	11.677
8	54	7.6109
8	55	5.8935
8	56	6.5291
8	57	3.358
8	58	4.4691
8	59	1.6054
8	60	11.161
8	61	4.3016
8	62	1.446
8	63	5.6081
8	64	5.1757
8	65	2.7915
8	66	5.0107
8	67	5.0107
8	68	4.367
8	69	6.4465
8	70	11.879
8	71	14.98
8	72	10.577
8	73	20.216
8	74	4.958
8	75	5.2941
8	76	4.2854
8	77	9.2172
8	78	6.167
8	79	6.167
9	10	184.37
9	11	41.548
9	12	17.684
9	13	9.7402
9	14	11.414
9	15	6.9365
9	16	19.143
9	17	35.123
9	18	35.006
9	19	12.718
9	20	22.936
9	21	17.003
9	22	21.487
9	23	17.23
9	24	23.123
9	25	15.889
9	26	8.75
9	27	12.033
9	28	15.218
9	29	12.939
9	30	9.117
9	31	8.5217
9	32	10.419
9	33	6.531
9	34	16.55
9	35	7.7972
9	36	5.6523
9	37	4.8758
9	38	5.0182
9	39	18.043
9	40	13.691
9	41	13.264
9	42	10.915
9	43	9.7623
9	44	4.4705
9	45	9.6365
9	46	11.61
9	47	11.579
9	48	4.3147
9	49	0.74519
9	50	2.7483
9	51	6.5973
9	52	6.1945
9	53	5.9305
9	54	14.74
9	55	8.1915
9	56	5.1737
9	57	8.9919
9	58	6.654
9	59	1.9071
9	60	7.7252
9	61	2.5539
9	62	3.4318
9	63	8.8896
9	64	9.2175
9	65	9.1017
9	66	2.9661
9	67	1.307
9	68	3.448
9	69	3.8324
9	70	8.5253
9	71	14.357
9	72	1.5806
9	73	8.6455
9	74	11.878
9	75	6.3435
9	76	10.325
9	77	12.963
9	78	7.4698
9	79	8.3337
10	11	223.44
10	12	61.253
10	13	52.567
10	14	25.112
10	15	19.064
10	16	48.554
10	17	38.572
10	18	16.051
10	19	23.29
10	20	23.504
10	21	35.035
10	22	40.155
10	23	29.069
10	24	24.215
10	25	7.9336
10	26	5.3428
10	27	4.9544
10	28	7.6033
10	29	9.1502
10	30	9.0305
10	31	10.539
10	32	8.1911
10	33	2.392
10	34	7.7935
10	35	19.254
10	36	1.5543
10	37	5.357
10	38	14.719
10	39	4.4026
10	40	3.7602
10	41	2.4273
10	42	12.003
10	43	3.5749
10	44	7.3712
10	45	1.5137
10	46	1.596
10	47	6.9436
10	48	10.28
10	49	2.4557
10	50	8.3087
10	51	7.252
10	52	11.073
10	53	7.6135
10	54	6.2321
10	55	7.7096
10	56	4.2617
10	57	8.7769
10	58	7.3034
10	59	5.2402
10	60	4.8544
10	61	7.0217
10	62	4.7134
10	63	10.993
10	64	6.7547
10	65	12.731
10	66	4.89
10	67	5.0301
10	68	6.634
10	69	7.0263
10	70	14.072
10	71	5.9145
10	72	3.4773
10	73	5.7032
10	74	8.1634
10	75	3.4906
10	76	3.4906
10	77	3.4906
10	78	4.1027
10	79	3.0514
11	12	180.6
11	13	79.789
11	14	42.526
11	15	51.016
11	16	39.418
11	17	36.326
11	18	19.57
11	19	11.382
11	20	27.304
11	21	30.373
11	22	51.872
11	23	25.655
11	24	14.744
11	25	5.163
11	26	6.0714
11	27	9.3985
11	28	9.8822
11	29	9.0701
11	30	9.7623
11	31	6.6546
11	32	6.6424
11	33	2.9137
11	34	2.1107
11	35	1.742
11	36	2.5281
11	37	6.5251
11	38	1.4967
11	39	3.579
11	40	1.5306
11	41	1.9756
11	42	4.8726
11	43	4.8726
11	44	1.9949
11	45	1.23
11	46	1.2978
11	47	10.337
11	48	16.031
11	49	12.637
11	50	10.426
11	51	8.0903
11	52	6.2124
11	53	13.231
11	54	1.0128
11	55	4.176
11	56	1.154
11	57	3.5663
11	58	4.7509
11	59	2.5537
11	60	6.8933
11	61	3.4198
11	62	5.3591
11	63	5.951
11	64	5.4819
11	65	7.3819
11	66	7.9365
11	67	4.0821
11	68	7.6857
11	69	2.2812
11	70	11.445
11	71	9.6212
11	72	5.6561
11	73	1.5464
11	74	2.6577
11	75	1.4204
11	76	1.4204
11	77	4.9803
11	78	4.9803
11	79	2.4851
12	13	128.22
12	14	51.208
12	15	64.295
12	16	37.157
12	17	20.058
12	18	5.2781
12	19	6.1528
12	20	14.368
12	21	15.346
12	22	54.406
12	23	17.39
12	24	11.119
12	25	3.1358
12	26	2.1011
12	27	1.0863
12	28	0.99854
12	29	9.3241
12	30	3.9416
12	31	5.3781
12	32	2.1446
12	33	3.1415
12	34	3.1415
12	35	1.4127
12	36	1.0227
12	37	6.1523
12	38	3.6364
12	39	4.3499
12	40	4.3499
12	41	4.3499
12	42	4.3499
12	43	1.1744
12	44	0.80648
12	45	2.9865
12	46	2.1011
12	47	6.074
12	48	9.8304
12	49	14.493
12	50	11.377
12	51	11.28
12	52	6.1259
12	53	4.2751
12	54	0.81919
12	55	2.5335
12	56	2.7973
12	57	1.4413
12	58	0.95997
12	59	4.1257
12	60	3.1827
12	61	3.6843
12	62	3.7089
12	63	4.0087
12	64	1.1076
12	65	8.9398
12	66	7.4727
12	67	8.9355
12	68	11.174
12	69	7.3784
12	70	3.0882
12	71	6.4975
12	72	4.5773
12	73	1.2525
12	74	3.2276
12	75	8.0509
12	76	8.0509
12	77	8.0509
12	78	8.0509
12	79	2.0147
13	14	101.71
13	15	81.898
13	16	57.446
13	17	20.102
13	18	11.616
13	19	9.2383
13	20	16.615
13	21	20.004
13	22	56.082
13	23	19.1
13	24	11.138
13	25	6.2834
13	26	2.8095
13	27	2.1787
13	28	5.0035
13	29	9.3324
13	30	7.8863
13	31	4.6178
13	32	3.2203
13	33	3.1475
13	34	1.7104
13	35	2.8303
13	36	2.0481
13	37	10.574
13	38	1.2129
13	39	1.4513
13	40	3.7268
13	41	3.7268
13	42	2.6289
13	43	1.1778
13	44	1.6153
13	45	0.99616
13	46	4.2063
13	47	8.3694
13	48	10.892
13	49	11.328
13	50	7.4524
13	51	6.5485
13	52	7.2502
13	53	7.1278
13	54	1.6412
13	55	4.2334
13	56	3.7426
13	57	2.1698
13	58	3.8583
13	59	2.759
13	60	3.9832
13	61	8.3023
13	62	4.9637
13	63	3.2126
13	64	3.3274
13	65	4.7838
13	66	3.7491
13	67	8.4964
13	68	8.7031
13	69	4.6124
13	70	6.1805
13	71	6.1805
13	72	5.7282
13	73	5.7282
13	74	3.2334
13	75	3.2334
13	76	3.7547
13	77	1.3484
13	78	2.7245
13	79	2.0181
14	15	172.3
14	16	57.246
14	17	22.394
14	18	9.6085
14	19	11.707
14	20	14.298
14	21	15.172
14	22	34.291
14	23	16.354
14	24	8.4406
14	25	3.1813
14	26	4.2579
14	27	1.654
14	28	1.5176
14	29	4.5417
14	30	5.4697
14	31	5.8329
14	32	4.0607
14	33	1.1935
14	34	3.8931
14	35	4.3052
14	36	4.3052
14	37	2.6721
14	38	1.8414
14	39	3.3062
14	40	0.94402
14	41	1.2191
14	42	1.9921
14	43	0.8936
14	44	1.8368
14	45	0.7555
14	46	3.1917
14	47	4.0365
14	48	8.2452
14	49	13.501
14	50	13.928
14	51	6.3122
14	52	5.9056
14	53	3.7763
14	54	2.4893
14	55	1.2851
14	56	2.1289
14	57	5.489
14	58	5.489
14	59	5.7523
14	60	5.7523
14	61	3.4943
14	62	2.3518
14	63	6.0882
14	64	5.0423
14	65	5.4382
14	66	3.6519
14	67	6.4341
14	68	5.6485
14	69	3.4937
14	70	3.1262
14	71	0.9879
14	72	0.8693
14	73	1.9031
14	74	0.81843
14	75	0.87354
14	76	4.284
14	77	1.0255
14	78	1.0255
14	79	1.0255
15	16	122.77
15	17	27.543
15	18	12.426
15	19	12.426
15	20	10.837
15	21	19.559
15	22	41.168
15	23	20.296
15	24	3.8929
15	25	5.1266
15	26	3.4321
15	27	5.3251
15	28	1.9579
15	29	4.5687
15	30	3.8625
15	31	2.2592
15	32	3.1525
15	33	2.3096
15	34	1.6745
15	35	1.3859
15	36	1.0033
15	37	3.4456
15	38	1.1893
15	39	5.6869
15	40	5.6869
15	41	1.5712
15	42	1.2871
15	43	3.454
15	44	1.5811
15	45	1.5811
15	46	2.0613
15	47	5.2097
15	48	8.1104
15	49	16.837
15	50	14.058
15	51	6.9804
15	52	11.456
15	53	4.1896
15	54	4.1896
15	55	1.6557
15	56	1.6557
15	57	2.8257
15	58	5.6468
15	59	3.3703
15	60	2.3395
15	61	5.4172
15	62	1.2118
15	63	1.5718
15	64	3.2561
15	65	4.6727
15	66	6.2768
15	67	5.9912
15	68	4.2575
15	69	4.5206
15	70	8.08
15	71	8.08
15	72	1.1227
15	73	1.1227
15	74	1.1227
15	75	1.1227
15	76	1.8402
15	77	1.8402
15	78	1.8402
15	79	1.8402
16	17	202.64
16	18	45.651
16	19	20.459
16	20	33.133
16	21	43.493
16	22	64.739
16	23	19.345
16	24	21.177
16	25	5.22
16	26	7.0115
16	27	1.8107
16	28	13.313
16	29	12.204
16	30	9.8464
16	31	3.8407
16	32	1.7866
16	33	13.087
16	34	13.087
16	35	4.7001
16	36	6.8091
16	37	8.7937
16	38	4.0315
16	39	2.4121
16	40	2.0633
16	41	7.9927
16	42	6.5597
16	43	3.9168
16	44	5.3735
16	45	3.3123
16	46	1.7478
16	47	10.125
16	48	6.9069
16	49	6.2804
16	50	9.0932
16	51	14.86
16	52	4.6428
16	53	5.9315
16	54	4.0931
16	55	4.0931
16	56	4.6675
16	57	6.0138
16	58	3.2067
16	59	3.4419
16	60	2.651
16	61	6.1387
16	62	7.2243
16	63	6.6795
16	64	3.691
16	65	5.9688
16	66	5.3472
16	67	5.4989
16	68	6.2079
16	69	6.1381
16	70	6.1381
16	71	8.6452
16	72	5.7129
16	73	5.7129
16	74	3.582
16	75	3.582
16	76	3.1167
16	77	4.4766
16	78	4.4766
16	79	6.702
17	18	283.96
17	19	89.36
17	20	133.8
17	21	51.406
17	22	35.694
17	23	22.631
17	24	28.3
17	25	13.069
17	26	17.66
17	27	6.8135
17	28	16.729
17	29	6.9874
17	30	9.652
17	31	9.6611
17	32	11.262
17	33	16.444
17	34	7.1357
17	35	20.539
17	36	6.3996
17	37	11.058
17	38	12.61
17	39	15.098
17	40	10.312
17	41	3.3292
17	42	5.4974
17	43	7.3784
17	44	3.3766
17	45	8.3061
17	46	19.705
17	47	19.103
17	48	7.6273
17	49	5.6493
17	50	3.1272
17	51	6.2448
17	52	11.727
17	53	16.435
17	54	18.836
17	55	10.602
17	56	15.653
17	57	16.624
17	58	8.0552
17	59	2.8865
17	60	11.677
17	61	11.585
17	62	1.2994
17	63	6.7172
17	64	11.609
17	65	11.277
17	66	1.1237
17	67	1.1237
17	68	6.5181
17	69	9.6428
17	70	15.007
17	71	2.7031
17	72	7.1572
17	73	2.6062
17	74	2.6062
17	75	7.1776
17	76	11.655
17	77	11.655
17	78	5.6138
17	79	12.551
18	19	358.07
18	20	81.962
18	21	53.144
18	22	17.895
18	23	10.941
18	24	22.32
18	25	30.958
18	26	5.7934
18	27	16.118
18	28	19.784
18	29	13.247
18	30	8.7148
18	31	15.246
18	32	12.44
18	33	6.4898
18	34	8.457
18	35	9.2804
18	36	6.7301
18	37	10.17
18	38	13.947
18	39	28.694
18	40	16.296
18	41	10.529
18	42	4.3404
18	43	7.7489
18	44	11.999
18	45	6.5683
18	46	17.289
18	47	8.7838
18	48	6.0049
18	49	0.88569
18	50	4.086
18	51	8.8495
18	52	7.4013
18	53	11.811
18	54	17.565
18	55	15.339
18	56	6.1602
18	57	4.7554
18	58	3.1631
18	59	6.8118
18	60	7.9039
18	61	1.5233
18	62	3.0636
18	63	2.6503
18	64	7.3332
18	65	2.9567
18	66	3.5336
18	67	3.8909
18	68	10.294
18	69	4.5771
18	70	10.152
18	71	14.971
18	72	3.7638
18	73	14.421
18	74	3.5312
18	75	1.887
18	76	15.342
18	77	15.342
18	78	15.342
18	79	6.6095
19	20	200.85
19	21	88.364
19	22	37.128
19	23	3.9937
19	24	42.057
19	25	39.888
19	26	10.142
19	27	20.816
19	28	19.191
19	29	19.294
19	30	12.697
19	31	22.19
19	32	15.548
19	33	7.5505
19	34	24.557
19	35	20.124
19	36	24.417
19	37	16.924
19	38	11.543
19	39	27.698
19	40	11.787
19	41	7.616
19	42	25.247
19	43	5.638
19	44	15.512
19	45	4.7629
19	46	15.042
19	47	7.3091
19	48	7.3091
19	49	7.3091
19	50	2.3917
19	51	5.7419
19	52	10.808
19	53	17.192
19	54	7.8526
19	55	12.164
19	56	4.4888
19	57	3.4641
19	58	3.4641
19	59	19.865
19	60	11.505
19	61	13.305
19	62	8.9442
19	63	7.7114
19	64	7.7114
19	65	5.7548
19	66	5.7548
19	67	5.7548
19	68	5.7548
19	69	13.294
19	70	14.718
19	71	12.381
19	72	16.378
19	73	5.9655
19	74	5.1209
19	75	16.405
19	76	8.8643
19	77	12.708
19	78	12.708
19	79	12.708
20	21	183.4
20	22	51.028
20	23	17.271
20	24	33.034
20	25	19.829
20	26	13.382
20	27	9.3935
20	28	15.564
20	29	11.55
20	30	15.953
20	31	14.642
20	32	11.171
20	33	10.876
20	34	2.9511
20	35	9.7154
20	36	5.2967
20	37	9.1438
20	38	8.3511
20	39	4.9961
20	40	6.4026
20	41	11.022
20	42	15.907
20	43	15.907
20	44	5.5837
20	45	12.026
20	46	3.6234
20	47	13.162
20	48	5.4011
20	49	3.7368
20	50	6.8944
20	51	5.1607
20	52	6.7809
20	53	17.289
20	54	14.165
20	55	5.8459
20	56	6.4714
20	57	3.7493
20	58	4.9975
20	59	2.387
20	60	8.2739
20	61	4.7887
20	62	8.5941
20	63	11.108
20	64	7.6772
20	65	6.2154
20	66	7.4295
20	67	0.81926
20	68	6.4637
20	69	3.1893
20	70	10.647
20	71	4.4744
20	72	5.9226
20	73	2.157
20	74	1.8553
20	75	1.981
20	76	9.6553
20	77	4.6231
20	78	9.3093
20	79	6.9288
21	22	269.04
21	23	37.969
21	24	30.597
21	25	27.611
21	26	10.143
21	27	7.8481
21	28	9.6176
21	29	12.824
21	30	9.4828
21	31	9.2485
21	32	9.2485
21	33	11.343
21	34	4.1052
21	35	10.163
21	36	14.729
21	37	8.4766
21	38	8.4766
21	39	8.4766
21	40	8.9196
21	41	8.9196
21	42	9.4722
21	43	5.6611
21	44	3.8805
21	45	4.7774
21	46	5.0392
21	47	9.1451
21	48	12.496
21	49	9.097
21	50	1.1976
21	51	25.807
21	52	5.3747
21	53	15.42
21	54	7.879
21	55	7.879
21	56	7.879
21	57	5.2189
21	58	6.9617
21	59	6.9617
21	60	11.49
21	61	4.4343
21	62	2.9872
21	63	15.44
21	64	13.333
21	65	10.079
21	66	7.7424
21	67	2.2755
21	68	7.4794
21	69	17.714
21	70	9.868
21	71	6.2299
21	72	5.4904
21	73	12.005
21	74	10.328
21	75	10.328
21	76	4.4871
21	77	9.6642
21	78	9.6642
21	79	9.6642
22	23	58.634
22	24	36.766
22	25	2.5346
22	26	8.5565
22	27	10.575
22	28	9.7265
22	29	12.99
22	30	9.6073
22	31	3.744
22	32	5.2307
22	33	5.2307
22	34	4.1508
22	35	4.1508
22	36	7.4358
22	37	4.2879
22	38	2.9309
22	39	7.0314
22	40	2.9995
22	41	3.876
22	42	3.1948
22	43	5.723
22	44	3.9266
22	45	3.9266
22	46	2.5445
22	47	14.805
22	48	20.262
22	49	13.144
22	50	15.752
22	51	8.712
22	52	8.1744
22	53	10.412
22	54	1.991
22	55	2.0575
22	56	2.2768
22	57	2.2768
22	58	4.6902
22	59	3.3564
22	60	1.9388
22	61	4.4876
22	62	7.5562
22	63	1.9527
22	64	5.399
22	65	8.7436
22	66	3.9202
22	67	5.7599
22	68	9.0934
22	69	11.203
22	70	7.4705
22	71	7.4705
22	72	7.4705
22	73	3.0301
22	74	5.2087
22	75	5.2087
22	76	5.2087
22	77	5.2087
22	78	5.2087
22	79	9.7358
23	24	113.59
23	25	21.752
23	26	10.041
23	27	11.331
23	28	10.395
23	29	16.427
23	30	15.333
23	31	5.9951
23	32	12.523
23	33	9.1986
23	34	2.2209
23	35	5.5147
23	36	1.3273
23	37	3.4351
23	38	6.2862
23	39	5.6538
23	40	1.6118
23	41	1.6118
23	42	11.936
23	43	4.5924
23	44	4.1942
23	45	2.5832
23	46	5.4535
23	47	10.866
23	48	4.0427
23	49	10.532
23	50	7.7538
23	51	7.7362
23	52	10.133
23	53	9.2396
23	54	3.1946
23	55	4.4033
23	56	2.4336
23	57	3.7641
23	58	7.538
23	59	5.3787
23	60	5.168
23	61	4.7878
23	62	4.8417
23	63	5.2134
23	64	4.3197
23	65	5.4419
23	66	4.1792
23	67	4.9079
23	68	9.686
23	69	15.539
23	70	8.0056
23	71	6.7515
23	72	1.4847
23	73	1.4847
23	74	2.7957
23	75	2.9809
23	76	2.4355
23	77	3.4953
23	78	3.5314
23	79	3.5314
24	25	128.78
24	26	27.959
24	27	39.258
24	28	32.351
24	29	28.223
24	30	15.555
24	31	22.025
24	32	10.693
24	33	12.725
24	34	17.018
24	35	14.058
24	36	13.996
24	37	15.343
24	38	12.057
24	39	12.633
24	40	10.798
24	41	11.952
24	42	9.8135
24	43	8.7836
24	44	9.0439
24	45	7.4331
24	46	14.375
24	47	15.142
24	48	7.7483
24	49	4.6906
24	50	3.705
24	51	14.075
24	52	13.202
24	53	9.7657
24	54	12.242
24	55	6.3157
24	56	5.8147
24	57	7.1911
24	58	5.988
24	59	10.289
24	60	9.9165
24	61	9.1827
24	62	8.4836
24	63	7.9932
24	64	9.6642
24	65	5.2049
24	66	3.3309
24	67	0.58711
24	68	4.6449
24	69	6.8897
24	70	11.52
24	71	9.6987
24	72	9.9654
24	73	4.6729
24	74	4.0145
24	75	5.7172
24	76	2.329
24	77	6.6872
24	78	10.127
24	79	5.0098
25	26	249.53
25	27	94.049
25	28	44.114
25	29	19.664
25	30	15.091
25	31	26.425
25	32	24.652
25	33	25.702
25	34	19.519
25	35	22.924
25	36	26.665
25	37	18.722
25	38	29.559
25	39	37.766
25	40	26.183
25	41	15.608
25	42	17.184
25	43	11.528
25	44	7.9177
25	45	17.854
25	46	22.238
25	47	12.439
25	48	4.2569
25	49	3.5287
25	50	1.6281
25	51	1.9519
25	52	0.91677
25	53	9.3452
25	54	16.056
25	55	13.81
25	56	12.229
25	57	4.7216
25	58	6.2906
25	59	5.6374
25	60	13.04
25	61	4.5266
25	62	4.0598
25	63	3.937
25	64	7.2591
25	65	2.9369
25	66	0.87786
25	67	0.77424
25	68	1.0191
25	69	4.5227
25	70	8.3742
25	71	19.013
25	72	24.225
25	73	14.254
25	74	14
25	75	7.4743
25	76	6.0685
25	77	15.244
25	78	13.15
25	79	13.073
26	27	181.93
26	28	56.056
26	29	17.558
26	30	17.307
26	31	18.593
26	32	10.604
26	33	21.605
26	34	24.413
26	35	23.31
26	36	17.989
26	37	9.6801
26	38	17.304
26	39	17.519
26	40	19.092
26	41	10.566
26	42	11.543
26	43	15.532
26	44	16.848
26	45	12.023
26	46	17.313
26	47	9.193
26	48	2.8494
26	49	1.1874
26	50	1.6398
26	51	2.6166
26	52	2.4491
26	53	7.038
26	54	9.0099
26	55	13.953
26	56	7.1995
26	57	7.158
26	58	6.3678
26	59	2.2745
26	60	8.7449
26	61	10.128
26	62	2.7288
26	63	5.2917
26	64	7.3067
26	65	4.6015
26	66	1.7665
26	67	2.5954
26	68	1.365
26	69	5.0591
26	70	2.261
26	71	19.983
26	72	5.0312
26	73	8.2529
26	74	9.4701
26	75	5.0531
26	76	6.1836
26	77	10.365
26	78	2.9912
26	79	8.8613
27	28	251.81
27	29	38.588
27	30	22.384
27	31	37.963
27	32	29.268
27	33	41.463
27	34	23.223
27	35	31.1
27	36	27.794
27	37	10.495
27	38	28.755
27	39	12.288
27	40	14.708
27	41	18.991
27	42	13.408
27	43	8.0107
27	44	15.101
27	45	1.6893
27	46	12.476
27	47	10.357
27	48	3.5407
27	49	2.7612
27	50	2.7612
27	51	4.0608
27	52	3.8067
27	53	4.8519
27	54	12.542
27	55	8.6313
27	56	9.5563
27	57	6.1544
27	58	9.85
27	59	4.6985
27	60	8.1323
27	61	9.4168
27	62	4.2298
27	63	8.1941
27	64	9.4352
27	65	4.0778
27	66	2.7416
27	67	2.7416
27	68	1.0588
27	69	7.8338
27	70	1.7456
27	71	19.81
27	72	9.7137
27	73	6.3666
27	74	5.4793
27	75	5.8471
27	76	12.68
27	77	4.5543
27	78	4.5543
27	79	13.645
28	29	141.9
28	30	57.624
28	31	69.813
28	32	47.059
28	33	20.914
28	34	32.067
28	35	28.671
28	36	30.368
28	37	20.671
28	38	24.594
28	39	15.857
28	40	17.426
28	41	17.504
28	42	20.552
28	43	11.044
28	44	13.891
28	45	20.223
28	46	13.128
28	47	11.899
28	48	4.0625
28	49	1.6878
28	50	0.77774
28	51	7.4567
28	52	1.7481
28	53	14.503
28	54	12.82
28	55	2.6463
28	56	5.8519
28	57	9.0455
28	58	3.0145
28	59	4.315
28	60	9.9712
28	61	5.7714
28	62	4.8531
28	63	5.0233
28	64	5.2058
28	65	5.6147
28	66	4.1928
28	67	1.4784
28	68	2.9199
28	69	8.6534
28	70	4.8213
28	71	14.203
28	72	8.9389
28	73	7.8205
28	74	1.6809
28	75	5.3835
28	76	11.691
28	77	12.589
28	78	8.4664
28	79	3.1441
29	30	175.23
29	31	73.086
29	32	42.606
29	33	32.835
29	34	17.858
29	35	20.672
29	36	10.689
29	37	22.958
29	38	11.406
29	39	13.649
29	40	9.0775
29	41	18.418
29	42	15.1
29	43	11.039
29	44	5.0586
29	45	10.411
29	46	9.8857
29	47	10.315
29	48	8.6493
29	49	4.4795
29	50	5.6769
29	51	4.3413
29	52	9.3161
29	53	11.181
29	54	11.131
29	55	7.0592
29	56	3.8951
29	57	8.2759
29	58	7.0111
29	59	7.8986
29	60	8.3201
29	61	8.6653
29	62	4.5179
29	63	5.0281
29	64	5.7896
29	65	4.3564
29	66	3.9012
29	67	3.4363
29	68	2.5964
29	69	7.7196
29	70	11.838
29	71	4.0767
29	72	2.3921
29	73	5.2387
29	74	8.9918
29	75	3.6062
29	76	7.8358
29	77	2.8129
29	78	2.8427
29	79	6.3175
30	31	175.86
30	32	65.242
30	33	28.34
30	34	31.718
30	35	14.578
30	36	14.762
30	37	27.164
30	38	12.508
30	39	13.477
30	40	16.64
30	41	13.222
30	42	10.834
30	43	8.4651
30	44	4.1589
30	45	13.36
30	46	6.5031
30	47	7.0408
30	48	8.5245
30	49	7.1659
30	50	4.5724
30	51	6.724
30	52	6.8899
30	53	8.0911
30	54	5.9121
30	55	5.2223
30	56	10.557
30	57	5.9314
30	58	10.852
30	59	8.491
30	60	1.6416
30	61	10.446
30	62	7.629
30	63	10.746
30	64	10.746
30	65	4.9059
30	66	6.5887
30	67	3.3843
30	68	5.7622
30	69	10.477
30	70	12.742
30	71	5.3667
30	72	4.7199
30	73	10.344
30	74	6.6509
30	75	7.1154
30	76	11.602
30	77	11.602
30	78	2.8059
30	79	6.2354
31	32	217.29
31	33	53.961
31	34	49.378
31	35	20.391
31	36	11.081
31	37	20.138
31	38	17.497
31	39	15.706
31	40	23.873
31	41	19.267
31	42	14.241
31	43	14.158
31	44	10.692
31	45	7.1907
31	46	12.644
31	47	7.3241
31	48	4.9972
31	49	3.2407
31	50	3.2407
31	51	7.1659
31	52	6.7223
31	53	10.308
31	54	5.9215
31	55	8.1436
31	56	5.6242
31	57	5.2153
31	58	5.7908
31	59	7.4652
31	60	12.471
31	61	6.6629
31	62	4.4762
31	63	10.631
31	64	8.0123
31	65	1.4386
31	66	3.2223
31	67	2.8398
31	68	2.9953
31	69	4.444
31	70	9.9086
31	71	9.3805
31	72	6.8872
31	73	7.5342
31	74	6.4736
31	75	2.7666
31	76	6.7593
31	77	4.8531
31	78	4.8531
31	79	4.8457
32	33	138.85
32	34	92.058
32	35	54.778
32	36	17.214
32	37	19.23
32	38	28.581
32	39	17.113
32	40	22.995
32	41	10.798
32	42	24.313
32	43	7.9051
32	44	16.297
32	45	11.74
32	46	15.924
32	47	15.333
32	48	2.6101
32	49	2.7055
32	50	1.6618
32	51	2.9956
32	52	2.8113
32	53	9.5988
32	54	9.6542
32	55	15.646
32	56	9.4131
32	57	7.2733
32	58	8.0722
32	59	5.7818
32	60	16.076
32	61	3.1006
32	62	6.2366
32	63	5.399
32	64	11.187
32	65	7.0156
32	66	0.89744
32	67	3.1609
32	68	7.3157
32	69	7.7685
32	70	6.9314
32	71	10.952
32	72	5.7779
32	73	8.4401
32	74	9.0521
32	75	5.8064
32	76	9.4754
32	77	6.7995
32	78	9.1689
32	79	13.58
33	34	344.66
33	35	100.59
33	36	36.481
33	37	37.916
33	38	32.76
33	39	26.72
33	40	24.374
33	41	13.768
33	42	21.019
33	43	15.917
33	44	8.9389
33	45	15.911
33	46	7.7499
33	47	10.294
33	48	3.1944
33	49	2.6528
33	50	1.8342
33	51	2.1984
33	52	4.8118
33	53	7.0231
33	54	6.0501
33	55	12.481
33	56	11.5
33	57	6.2202
33	58	9.4748
33	59	5.089
33	60	9.8045
33	61	3.4051
33	62	3.0523
33	63	7.9011
33	64	6.8231
33	65	3.6783
33	66	2.6369
33	67	2.9059
33	68	2.2962
33	69	5.6747
33	70	5.0611
33	71	7.9802
33	72	8.4434
33	73	9.2319
33	74	9.2595
33	75	8.4789
33	76	13.799
33	77	3.3036
33	78	3.3319
33	79	9.8936
34	35	233.14
34	36	68.265
34	37	32.954
34	38	38.781
34	39	30.946
34	40	23.125
34	41	34.127
34	42	24.601
34	43	18.851
34	44	17.267
34	45	18.613
34	46	14.018
34	47	8.1337
34	48	1.3895
34	49	1.3895
34	50	1.3279
34	51	3.1861
34	52	2.9924
34	53	3.8201
34	54	8.7601
34	55	9.034
34	56	7.4918
34	57	1.929
34	58	5.1379
34	59	7.368
34	60	12.791
34	61	7.4016
34	62	3.3142
34	63	12.877
34	64	2.9671
34	65	3.1966
34	66	1.4326
34	67	5.0519
34	68	4.9949
34	69	7.4039
34	70	2.7462
34	71	13.856
34	72	12.216
34	73	10.019
34	74	8.6065
34	75	9.1971
34	76	19.932
34	77	3.5771
34	78	7.2098
34	79	26.808
35	36	294.41
35	37	62.23
35	38	95.587
35	39	73.112
35	40	46.083
35	41	31.506
35	42	29.003
35	43	15.556
35	44	26.72
35	45	13.131
35	46	23.061
35	47	10.08
35	48	1.1518
35	49	1.1921
35	50	1.1921
35	51	3.9583
35	52	2.4812
35	53	6.3153
35	54	14.441
35	55	9.312
35	56	10.319
35	57	6.372
35	58	12.732
35	59	3.046
35	60	15.854
35	61	2.0381
35	62	6.8578
35	63	1.7716
35	64	12.255
35	65	6.6149
35	66	1.1871
35	67	1.0475
35	68	1.3776
35	69	2.0352
35	70	2.0352
35	71	8.5342
35	72	22.612
35	73	10.972
35	74	9.4346
35	75	2.5187
35	76	2.5187
35	77	17.575
35	78	11.769
35	79	21.985
36	37	240.94
36	38	123.44
36	39	71.746
36	40	33.538
36	41	30.592
36	42	21.018
36	43	24.433
36	44	16.792
36	45	15.893
36	46	11.719
36	47	10.95
36	48	7.4894
36	49	2.5842
36	50	0.7945
36	51	7.6323
36	52	1.793
36	53	3.4293
36	54	13.093
36	55	12.17
36	56	10.465
36	57	5.7723
36	58	7.6875
36	59	9.9178
36	60	12.76
36	61	11.807
36	62	3.9673
36	63	6.4209
36	64	7.1042
36	65	4.7843
36	66	0.85788
36	67	0.75594
36	68	0.99734
36	69	7.3799
36	70	6.5527
36	71	16.561
36	72	14.581
36	73	13.957
36	74	11.979
36	75	5.4815
36	76	11.888
36	77	12.784
36	78	8.5857
36	79	3.2008
37	38	141.76
37	39	47.886
37	40	25.61
37	41	13.227
37	42	5.4299
37	43	16.221
37	44	14.455
37	45	12.334
37	46	15.91
37	47	9.4315
37	48	5.7219
37	49	1.4877
37	50	6.1685
37	51	5.7449
37	52	6.9211
37	53	7.854
37	54	7.906
37	55	5.8278
37	56	6.4447
37	57	11.958
37	58	3.9867
37	59	7.6031
37	60	5.4861
37	61	7.6236
37	62	6.8411
37	63	6.6362
37	64	7.6385
37	65	4.1212
37	66	4.4313
37	67	2.6047
37	68	4.2826
37	69	2.5392
37	70	7.0843
37	71	1.788
37	72	1.5763
37	73	6.8939
37	74	4.4478
37	75	6.3311
37	76	6.3311
37	77	5.5573
37	78	11.218
37	79	11.218
38	39	369.68
38	40	81.616
38	41	60.261
38	42	27.387
38	43	24.454
38	44	16.826
38	45	26.345
38	46	19.811
38	47	8.6437
38	48	1.9722
38	49	3.0549
38	50	1.88
38	51	3.3897
38	52	4.2538
38	53	10.846
38	54	9.2978
38	55	12.797
38	56	10.611
38	57	5.4596
38	58	3.6324
38	59	14.342
38	60	10.584
38	61	1.7483
38	62	3.5205
38	63	7.6028
38	64	4.2079
38	65	2.265
38	66	3.0468
38	67	2.6852
38	68	3.5465
38	69	5.2488
38	70	5.8158
38	71	12.244
38	72	28.035
38	73	11.795
38	74	8.0921
38	75	6.4843
38	76	3.5102
38	77	17.612
38	78	25.324
38	79	15.128
39	40	262.78
39	41	79.395
39	42	41.742
39	43	31.936
39	44	18.305
39	45	36.07
39	46	19.009
39	47	6.8983
39	48	5.8984
39	49	7.3153
39	50	4.5038
39	51	2.7034
39	52	1.2716
39	53	6.4908
39	54	3.7126
39	55	11.476
39	56	16.925
39	57	16.925
39	58	6.5198
39	59	4.6843
39	60	12.666
39	61	16.748
39	62	5.6184
39	63	3.64
39	64	5.0342
39	65	4.0654
39	66	2.4301
39	67	2.4301
39	68	2.4301
39	69	2.095
39	70	9.312
39	71	20.53
39	72	12.942
39	73	11.317
39	74	7.288
39	75	7.7944
39	76	16.852
39	77	3.0251
39	78	12.179
39	79	27.216
40	41	372.28
40	42	61.128
40	43	45.519
40	44	28.162
40	45	34.613
40	46	46.573
40	47	14.748
40	48	6.0635
40	49	6.2699
40	50	2.8948
40	51	6.9468
40	52	6.5347
40	53	11.094
40	54	17.437
40	55	13.09
40	56	10.868
40	57	9.7868
40	58	11.168
40	59	4.0082
40	60	13.923
40	61	5.368
40	62	6.0143
40	63	1.5558
40	64	8.611
40	65	2.3215
40	66	2.0823
40	67	2.7551
40	68	2.4196
40	69	3.5768
40	70	3.9641
40	71	12.502
40	72	11.028
40	73	16.87
40	74	4.139
40	75	6.6298
40	76	28.676
40	77	15.426
40	78	10.338
40	79	15.452
41	42	250.01
41	43	58.783
41	44	58.58
41	45	24.833
41	46	41.856
41	47	17.14
41	48	5.2195
41	49	5.2195
41	50	2.493
41	51	2.493
41	52	4.2175
41	53	7.1614
41	54	18.427
41	55	4.2246
41	56	11.695
41	57	9.0275
41	58	12.019
41	59	8.6283
41	60	7.9895
41	61	9.2429
41	62	1.5533
41	63	6.0271
41	64	5.5592
41	65	5.5592
41	66	5.3775
41	67	2.3723
41	68	2.3723
41	69	4.6186
41	70	12.809
41	71	22.602
41	72	11.402
41	73	21.795
41	74	10.7
41	75	2.8569
41	76	9.264
41	77	9.9714
41	78	20.047
41	79	14.972
42	43	164.32
42	44	69.74
42	45	49.14
42	46	51.821
42	47	31.267
42	48	2.1338
42	49	5.5258
42	50	4.0758
42	51	4.8949
42	52	8.0429
42	53	11.748
42	54	15.167
42	55	17.38
42	56	15.358
42	57	5.9323
42	58	7.8998
42	59	7.0784
42	60	6.5571
42	61	15.175
42	62	8.9114
42	63	9.9043
42	64	9.127
42	65	3.6833
42	66	3.3
42	67	2.9076
42	68	1.2798
42	69	9.4957
42	70	8.4588
42	71	18.691
42	72	9.4057
42	73	10.293
42	74	15.465
42	75	9.4446
42	76	7.6883
42	77	19.311
42	78	11.136
42	79	16.54
43	44	182.65
43	45	73.116
43	46	52.08
43	47	22.403
43	48	7.6532
43	49	4.9785
43	50	2.7524
43	51	6.585
43	52	2.0562
43	53	11.798
43	54	15.077
43	55	12.457
43	56	10.34
43	57	9.3258
43	58	3.5554
43	59	2.5412
43	60	11.723
43	61	6.7881
43	62	4.5757
43	63	7.3859
43	64	2.0406
43	65	4.4099
43	66	5.9288
43	67	1.7429
43	68	5.7228
43	69	6.7761
43	70	3.7778
43	71	16.687
43	72	10.511
43	73	11.486
43	74	11.864
43	75	8.4378
43	76	3.4357
43	77	9.87
43	78	4.9757
43	79	7.3917
44	45	333.24
44	46	115.4
44	47	33.622
44	48	3.9336
44	49	4.0782
44	50	3.7601
44	51	3.0076
44	52	7.7642
44	53	5.4113
44	54	14.495
44	55	10.677
44	56	11.798
44	57	10.938
44	58	12.141
44	59	6.9608
44	60	7.0483
44	61	11.654
44	62	2.3476
44	63	11.155
44	64	9.8097
44	65	1.5093
44	66	3.3807
44	67	0.59597
44	68	4.7159
44	69	2.3325
44	70	11.695
44	71	11.478
44	72	17.339
44	73	15.807
44	74	8.1464
44	75	8.7062
44	76	9.4469
44	77	11.87
44	78	6.8438
44	79	12.701
45	46	288.96
45	47	47.362
45	48	7.282
45	49	4.1798
45	50	3.0863
45	51	8.3468
45	52	7.8516
45	53	14.484
45	54	20.404
45	55	24.981
45	56	14.527
45	57	10.093
45	58	5.9687
45	59	8.5714
45	60	18.638
45	61	12.935
45	62	4.8186
45	63	11.25
45	64	12.102
45	65	7.4381
45	66	7.5003
45	67	2.938
45	68	3.8824
45	69	12.955
45	70	9.5926
45	71	20.178
45	72	21.33
45	73	7.7796
45	74	6.6734
45	75	8.9195
45	76	17.39
45	77	14.556
45	78	20.956
45	79	18.722
46	47	137.42
46	48	14.528
46	49	8.8337
46	50	6.5212
46	51	16.651
46	52	12.896
46	53	24.672
46	54	28.233
46	55	20.815
46	56	36.815
46	57	9.4744
46	58	9.4567
46	59	13.572
46	60	17.04
46	61	12.128
46	62	12.211
46	63	15.825
46	64	12.77
46	65	6.874
46	66	4.4018
46	67	0.77598
46	68	5.1225
46	69	18.205
46	70	11.781
46	71	34.01
46	72	16.852
46	73	12.288
46	74	3.5137
46	75	15.014
46	76	12.201
46	77	6.5605
46	78	8.81
46	79	19.712
47	48	71.011
47	49	22.453
47	50	19.506
47	51	51.012
47	52	40.518
47	53	50.054
47	54	36.089
47	55	15.101
47	56	14.465
47	57	13.759
47	58	4.5858
47	59	21.327
47	60	16.114
47	61	8.779
47	62	11.807
47	63	24.837
47	64	18.474
47	65	10.672
47	66	14.023
47	67	8.9885
47	68	11.1
47	69	17.555
47	70	13.459
47	71	18.539
47	72	5.444
47	73	13.399
47	74	2.5592
47	75	10.931
47	76	2.2269
47	77	4.7967
47	78	6.4557
47	79	14.369
48	49	124.81
48	50	87.064
48	51	73.871
48	52	40.213
48	53	24.274
48	54	12.662
48	55	8.9407
48	56	8.3554
48	57	7.0508
48	58	9.4056
48	59	10.639
48	60	3.8775
48	61	12.725
48	62	12.085
48	63	13.039
48	64	9.9007
48	65	13.101
48	66	17.813
48	67	14.163
48	68	17.14
48	69	14.222
48	70	10.048
48	71	7.403
48	72	3.7247
48	73	3.7247
48	74	2.6298
48	75	1.8717
48	76	3.0577
48	77	3.0577
48	78	2.2212
48	79	1.6421
49	50	156.18
49	51	68.916
49	52	35.662
49	53	13.148
49	54	5.5274
49	55	7.8656
49	56	1.5842
49	57	11.037
49	58	10.665
49	59	7.0031
49	60	3.3487
49	61	7.7635
49	62	15.247
49	63	9.4709
49	64	4.6673
49	65	12.656
49	66	15.877
49	67	13.203
49	68	13.076
49	69	7.7289
49	70	7.7837
49	71	2.1854
49	72	2.1854
49	73	1.0523
49	74	3.6327
49	75	2.8998
49	76	1.58
49	77	1.1353
49	78	2.2925
49	79	1.6981
50	51	90.298
50	52	44.076
50	53	13.776
50	54	4.4599
50	55	2.6369
50	56	2.9178
50	57	9.0347
50	58	7.5511
50	59	12.895
50	60	3.0868
50	61	8.5859
50	62	15.967
50	63	6.2358
50	64	9.4649
50	65	10.717
50	66	18.364
50	67	15.454
50	68	17.833
50	69	12.123
50	70	7.9805
50	71	4.0363
50	72	4.0363
50	73	2.9147
50	74	2.9147
50	75	0.89189
50	76	2.9189
50	77	4.1933
50	78	2.1194
50	79	4.7045
51	52	118.27
51	53	43.093
51	54	21.4
51	55	16.567
51	56	6.9747
51	57	19.554
51	58	12.596
51	59	14.139
51	60	8.8965
51	61	22.327
51	62	12.141
51	63	19.444
51	64	12.39
51	65	11.142
51	66	17.462
51	67	13.191
51	68	21.402
51	69	20.598
51	70	8.6361
51	71	4.8466
51	72	5.3366
51	73	3.5026
51	74	2.0095
51	75	5.3618
51	76	7.0032
51	77	5.0309
51	78	2.5424
51	79	3.7622
52	53	95.32
52	54	33.004
52	55	24.405
52	56	11.42
52	57	20.182
52	58	16.807
52	59	21.051
52	60	6.9594
52	61	12.086
52	62	12.431
52	63	7.718
52	64	16.469
52	65	18.756
52	66	13.058
52	67	9.4463
52	68	17.905
52	69	14.532
52	70	26.18
52	71	6.841
52	72	5.0162
52	73	5.4941
52	74	1.8876
52	75	5.0451
52	76	3.2955
52	77	4.7341
52	78	4.7341
52	79	1.7696
53	54	241.74
53	55	64.15
53	56	40.578
53	57	27.324
53	58	29.937
53	59	26.085
53	60	25.816
53	61	21.628
53	62	19.992
53	63	22.407
53	64	22.297
53	65	14.63
53	66	11.314
53	67	11.013
53	68	12.5
53	69	24.792
53	70	14.963
53	71	20.353
53	72	10.232
53	73	11.209
53	74	13.214
53	75	3.8563
53	76	2.0942
53	77	7.5144
53	78	7.5144
53	79	7.5144
54	55	254.77
54	56	59.931
54	57	40.74
54	58	35.775
54	59	19.443
54	60	29.649
54	61	20.114
54	62	9.5423
54	63	23.68
54	64	27.04
54	65	12.271
54	66	6.8735
54	67	4.8471
54	68	9.5828
54	69	14.198
54	70	14.48
54	71	23.267
54	72	14.643
54	73	12.813
54	74	13.758
54	75	7.3468
54	76	14.345
54	77	15.441
54	78	3.4594
54	79	5.1462
55	56	219.11
55	57	47.836
55	58	42.104
55	59	31.962
55	60	33.731
55	61	23.19
55	62	9.8625
55	63	11.682
55	64	26.411
55	65	7.1293
55	66	2.84
55	67	4.3841
55	68	6.5845
55	69	13.409
55	70	6.7977
55	71	23.993
55	72	10.587
55	73	14.872
55	74	11.379
55	75	9.1112
55	76	2.4698
55	77	12.425
55	78	7.156
55	79	2.657
56	57	140.92
56	58	84.876
56	59	25.255
56	60	48.879
56	61	24.266
56	62	16.369
56	63	17.606
56	64	21.07
56	65	12.267
56	66	3.9256
56	67	2.0775
56	68	9.9951
56	69	13.453
56	70	21.036
56	71	34.127
56	72	13.378
56	73	20.1
56	74	9.4437
56	75	6.7145
56	76	2.7365
56	77	9.8317
56	78	7.9357
56	79	2.9424
57	58	230.98
57	59	79.681
57	60	47.654
57	61	22.918
57	62	21.105
57	63	21.767
57	64	15.029
57	65	12.878
57	66	13.366
57	67	8.5744
57	68	15.45
57	69	11.424
57	70	15.078
57	71	13.171
57	72	6.456
57	73	8.4619
57	74	9.7243
57	75	5.1831
57	76	12.671
57	77	6.0696
57	78	3.06
57	79	4.5417
58	59	141.81
58	60	62.264
58	61	29.144
58	62	19.733
58	63	32.631
58	64	15.016
58	65	17.195
58	66	9.7352
58	67	9.3089
58	68	6.5484
58	69	17.957
58	70	16.979
58	71	15.579
58	72	6.8774
58	73	7.5064
58	74	8.0978
58	75	1.7243
58	76	2.8116
58	77	10.105
58	78	12.223
58	79	6.048
59	60	144.17
59	61	50.692
59	62	41.552
59	63	33.757
59	64	19.126
59	65	22.605
59	66	12.731
59	67	11.734
59	68	14.072
59	69	9.9213
59	70	12.182
59	71	11.19
59	72	4.9304
59	73	5.3905
59	74	10.44
59	75	4.9479
59	76	4.0363
59	77	14.491
59	78	11.702
59	79	2.17
60	61	186.32
60	62	35.492
60	63	38.036
60	64	42.876
60	65	11.161
60	66	7.997
60	67	7.0461
60	68	10.857
60	69	17.278
60	70	14.125
60	71	17.833
60	72	11.42
60	73	10.938
60	74	13.415
60	75	5.7364
60	76	18.69
60	77	21.803
60	78	6.7755
60	79	10.048
61	62	205.6
61	63	105.43
61	64	59.237
61	65	29.306
61	66	22.391
61	67	10.886
61	68	13.466
61	69	18.653
61	70	32.666
61	71	15.002
61	72	14.86
61	73	9.035
61	74	12.415
61	75	9.9491
61	76	10.808
61	77	7.7576
61	78	15.665
61	79	15.665
62	63	193.88
62	64	48.37
62	65	31.969
62	66	35.927
62	67	18.368
62	68	21.083
62	69	21.403
62	70	27.906
62	71	11.328
62	72	3.3287
62	73	7.277
62	74	7.3121
62	75	3.3402
62	76	10.908
62	77	9.1417
62	78	2.6376
62	79	15.636
63	64	222.93
63	65	40.537
63	66	21.524
63	67	13.043
63	68	21.099
63	69	31.293
63	70	55.543
63	71	29.347
63	72	4.3094
63	73	4.7137
63	74	10.803
63	75	8.6554
63	76	4.6978
63	77	6.746
63	78	6.8066
63	79	12.631
64	65	153.38
64	66	38.065
64	67	17.999
64	68	28.064
64	69	38.46
64	70	30.383
64	71	33.833
64	72	21.856
64	73	8.6969
64	74	11.207
64	75	7.9856
64	76	9.7543
64	77	9.3389
64	78	4.7145
64	79	3.4956
65	66	124.92
65	67	45.112
65	68	56.333
65	69	53.343
65	70	27.893
65	71	18.219
65	72	1.0703
65	73	8.1916
65	74	4.0312
65	75	5.3744
65	76	1.7545
65	77	7.5635
65	78	7.64
65	79	7.64
66	67	121.2
66	68	73.845
66	69	43.936
66	70	25.011
66	71	14.16
66	72	2.8794
66	73	6.2971
66	74	7.2312
66	75	2.8917
66	76	4.7244
66	77	1.1316
66	78	1.1316
66	79	6.7678
67	68	185.58
67	69	77.399
67	70	34.953
67	71	7.6846
67	72	3.3828
67	73	3.6999
67	74	5.578
67	75	4.2465
67	76	5.5571
67	77	2.9937
67	78	2.9937
67	79	2.9849
68	69	186.11
68	70	63.251
68	71	19.005
68	72	3.348
68	73	12.215
68	74	5.2461
68	75	4.487
68	76	5.4857
68	77	3.9403
68	78	2.6549
68	79	7.8598
69	70	173.86
69	71	52.53
69	72	9.9079
69	73	18.083
69	74	12.4
69	75	14.928
69	76	8.0933
69	77	7.7423
69	78	3.9071
69	79	17.417
70	71	197.75
70	72	23.816
70	73	24.056
70	74	22.343
70	75	29.372
70	76	23.874
70	77	17.105
70	78	4.3068
70	79	9.6457
71	72	291.71
71	73	70.857
71	74	67.335
71	75	27.86
71	76	26.357
71	77	29.718
71	78	32.614
71	79	16.224
72	73	287.6
72	74	86.11
72	75	46.993
72	76	23.256
72	77	26.195
72	78	47.961
72	79	28.627
73	74	368.2
73	75	136.37
73	76	152.4
73	77	57.238
73	78	68.064
73	79	31.273
74	75	358.33
74	76	146.45
74	77	66.991
74	78	49.448
74	79	20.144
75	76	182.89
75	77	69.043
75	78	62.308
75	79	39.425
76	77	413.24
76	78	116.32
76	79	40.684
77	78	277.69
77	79	58.351
78	79	594.66
