1	2	147.02
1	3	104.81
1	4	81.155
1	5	190.34
1	6	11.469
1	7	49.629
1	8	12.246
1	9	13.414
1	10	22.906
1	11	32.947
1	12	10.885
1	13	45.704
1	14	23.94
1	15	54.714
1	16	9.1205
1	17	72.367
1	18	17.18
1	19	17.18
1	20	29.291
1	21	5.9892
1	22	11.319
1	23	11.744
1	24	6.1438
1	25	4.6266
1	26	3.6151
1	27	4.4356
1	28	4.4356
1	29	17.697
1	30	5.1031
1	31	5.1031
1	32	5.1031
1	33	31.515
1	34	31.515
1	35	45.523
1	36	5.9038
1	37	5.9038
1	38	10.817
1	39	13.464
1	40	8.0612
1	41	10.884
1	42	10.884
1	43	12.543
1	44	12.543
1	45	28.856
1	46	28.856
1	47	28.856
1	48	37.628
1	49	38.59
1	50	18.664
1	51	13.491
1	52	8.3095
1	53	47.722
1	54	47.722
1	55	41.813
1	56	27.958
1	57	13.262
2	3	498.35
2	4	81.655
2	5	83.941
2	6	35.903
2	7	23.382
2	8	69.193
2	9	25.262
2	10	14.329
2	11	62.239
2	12	27.291
2	13	7.1717
2	14	15.043
2	15	6.8532
2	16	28.593
2	17	15.141
2	18	32.486
2	19	22.281
2	20	6.1153
2	21	3.7366
2	22	7.0623
2	23	3.6603
2	24	3.6603
2	25	3.6603
2	26	3.6603
2	27	3.6603
2	28	4.0966
2	29	4.0966
2	30	4.0966
2	31	4.0966
2	32	4.0966
2	33	3.9386
2	34	17.725
2	35	5.7038
2	36	3.6894
2	37	23.075
2	38	40.687
2	39	40.687
2	40	40.309
2	41	20.474
2	42	8.1599
2	43	11.762
2	44	42.076
2	45	42.076
2	46	44.621
2	47	21.882
2	48	23.601
2	49	16.14
2	50	5.8536
2	51	5.8536
2	52	5.2
2	53	5.2
2	54	9.2667
2	55	8.7173
2	56	4.3773
2	57	4.3773
3	4	502.94
3	5	93.121
3	6	89.789
3	7	59.395
3	8	48.036
3	9	5.842
3	10	16.325
3	11	36.388
3	12	18.788
3	13	29.702
3	14	15.665
3	15	14.15
3	16	23.691
3	17	21.071
3	18	45.754
3	19	7.8693
3	20	7.8693
3	21	5.0678
3	22	5.0678
3	23	5.0678
3	24	5.0678
3	25	5.0678
3	26	1.5061
3	27	1.5061
3	28	1.5061
3	29	5.0388
3	30	5.0388
3	31	5.0388
3	32	5.0388
3	33	5.373
3	34	8.1679
3	35	3.9184
3	36	5.0163
3	37	5.35
3	38	18.693
3	39	11.747
3	40	10.339
3	41	28.296
3	42	11.191
3	43	5.3393
3	44	36.931
3	45	12.494
3	46	25.693
3	47	15.105
3	48	32.808
3	49	5.6112
3	50	4.0327
3	51	2.876
3	52	3.5556
3	53	5.1437
3	54	19.415
3	55	2.9817
3	56	5.998
3	57	11.484
4	5	350.15
4	6	82.001
4	7	71.106
4	8	35.111
4	9	25.625
4	10	14.415
4	11	71.485
4	12	20.673
4	13	21.766
4	14	11.449
4	15	15.572
4	16	30.379
4	17	17.309
4	18	8.3099
4	19	34.253
4	20	9.264
4	21	8.4198
4	22	2.6539
4	23	2.7492
4	24	2.7492
4	25	2.7492
4	26	2.7492
4	27	4.1506
4	28	3.0934
4	29	3.0934
4	30	3.0934
4	31	3.0934
4	32	3.0934
4	33	2.9682
4	34	17.943
4	35	12.949
4	36	8.3261
4	37	17.582
4	38	5.1401
4	39	12.884
4	40	7.6058
4	41	20.723
4	42	20.723
4	43	5.9035
4	44	24.178
4	45	13.73
4	46	5.645
4	47	11.068
4	48	17.975
4	49	12.295
4	50	4.4362
4	51	4.4362
4	52	11.772
4	53	11.319
4	54	7.0764
4	55	3.2899
4	56	3.2899
4	57	25.242
5	6	529.38
5	7	111.62
5	8	75.823
5	9	90.579
5	10	42.564
5	11	74.689
5	12	18.285
5	13	38.452
5	14	47.185
5	15	36.746
5	16	30.697
5	17	33.982
5	18	48.794
5	19	30.19
5	20	10.926
5	21	3.3189
5	22	3.1364
5	23	3.1364
5	24	6.8125
5	25	2.5381
5	26	1.9844
5	27	2.4573
5	28	2.4573
5	29	3.2876
5	30	2.8385
5	31	3.1304
5	32	3.1304
5	33	3.5068
5	34	15.888
5	35	20.356
5	36	9.835
5	37	34.521
5	38	18.182
5	39	37.89
5	40	17.976
5	41	18.329
5	42	18.329
5	43	10.458
5	44	18.947
5	45	16.192
5	46	13.313
5	47	13.055
5	48	7.0638
5	49	50.731
5	50	15.688
5	51	3.753
5	52	9.2636
5	53	13.36
5	54	16.658
5	55	3.8847
5	56	3.8847
5	57	7.4409
6	7	368.26
6	8	157.7
6	9	48.672
6	10	41.803
6	11	55.397
6	12	21.289
6	13	29.965
6	14	27.713
6	15	39.164
6	16	53.754
6	17	11.977
6	18	29.075
6	19	12.001
6	20	6.3543
6	21	1.9018
6	22	1.9018
6	23	11.173
6	24	3.9111
6	25	4.299
6	26	3.3652
6	27	2.8088
6	28	2.8088
6	29	5.6863
6	30	4.8958
6	31	3.604
6	32	3.2647
6	33	2.0211
6	34	12.337
6	35	12.337
6	36	7.5453
6	37	8.1113
6	38	21.192
6	39	22.283
6	40	25.942
6	41	17.835
6	42	4.2163
6	43	10.043
6	44	11.246
6	45	22.042
6	46	19.43
6	47	11.414
6	48	12.422
6	49	16.997
6	50	12.197
6	51	8.6592
6	52	5.3567
6	53	5.3567
6	54	14.748
6	55	6.738
6	56	9.0466
6	57	13.026
7	8	479.71
7	9	114.49
7	10	31.778
7	11	83.585
7	12	30.545
7	13	52.337
7	14	38.339
7	15	23.041
7	16	22.539
7	17	25.855
7	18	56.402
7	19	25.953
7	20	20.553
7	21	8.2027
7	22	9.708
7	23	4.023
7	24	8.4348
7	25	1.5544
7	26	1.5544
7	27	1.5179
7	28	6.8502
7	29	6.8502
7	30	5.2852
7	31	5.2852
7	32	3.5259
7	33	8.717
7	34	3.3358
7	35	15.939
7	36	4.0641
7	37	17.509
7	38	15.219
7	39	23.962
7	40	8.3942
7	41	11.536
7	42	9.0931
7	43	2.1626
7	44	6.0662
7	45	13.579
7	46	20.934
7	47	8.2048
7	48	13.432
7	49	22.965
7	50	3.2809
7	51	4.652
7	52	5.7606
7	53	8.3822
7	54	15.915
7	55	15.915
7	56	4.8665
7	57	23.389
8	9	354.16
8	10	60.378
8	11	82.677
8	12	41.619
8	13	31.918
8	14	37.97
8	15	26.625
8	16	19.133
8	17	34.106
8	18	37.184
8	19	44.869
8	20	16.965
8	21	12.202
8	22	9.6248
8	23	5.9815
8	24	8.3636
8	25	1.5402
8	26	1.5402
8	27	1.5402
8	28	1.5402
8	29	1.5402
8	30	1.746
8	31	1.9267
8	32	13.96
8	33	17.282
8	34	19.803
8	35	6.3177
8	36	4.0309
8	37	4.0309
8	38	22.615
8	39	9.4943
8	40	16.636
8	41	7.6159
8	42	4.5044
8	43	19.303
8	44	29.992
8	45	10.085
8	46	20.731
8	47	28.435
8	48	26.569
8	49	4.5435
8	50	22.757
8	51	9.2308
8	52	5.7121
8	53	12.451
8	54	26.24
8	55	14.401
8	56	7.237
8	57	13.899
9	10	398.78
9	11	97.015
9	12	53.796
9	13	43.646
9	14	36.937
9	15	33.26
9	16	45.317
9	17	23.333
9	18	20.36
9	19	28.078
9	20	40.797
9	21	22.19
9	22	31.494
9	23	23.917
9	24	18.249
9	25	13.433
9	26	13.141
9	27	18.059
9	28	19.767
9	29	15.514
9	30	17.165
9	31	18.935
9	32	19.083
9	33	16.511
9	34	36.104
9	35	17.249
9	36	19.788
9	37	14.218
9	38	8.2409
9	39	15.575
9	40	12.123
9	41	24.989
9	42	14.777
9	43	44.478
9	44	19.703
9	45	3.6766
9	46	18.149
9	47	8.8875
9	48	19.38
9	49	39.777
9	50	17.774
9	51	27.746
9	52	21.858
9	53	31.766
9	54	22.975
9	55	20.97
9	56	23.735
9	57	20.274
10	11	177.57
10	12	66.23
10	13	55.507
10	14	35.902
10	15	34.451
10	16	21.257
10	17	23.363
10	18	19.083
10	19	7.9179
10	20	45.075
10	21	37.647
10	22	28.789
10	23	26.229
10	24	32.519
10	25	10.014
10	26	7.8454
10	27	15.264
10	28	20.372
10	29	15.838
10	30	18.821
10	31	12.704
10	32	19.027
10	33	18.139
10	34	13.988
10	35	30.527
10	36	30.182
10	37	10.552
10	38	4.5589
10	39	17.336
10	40	3.3286
10	41	13.842
10	42	21.67
10	43	26.996
10	44	14.739
10	45	8.1414
10	46	5.0202
10	47	19.655
10	48	8.0869
10	49	22.119
10	50	27.512
10	51	34.537
10	52	35.98
10	53	22.564
10	54	35.306
10	55	33.196
10	56	20.31
10	57	25.23
11	12	197.74
11	13	76.656
11	14	51.955
11	15	26.147
11	16	48.106
11	17	34.98
11	18	58.849
11	19	34.724
11	20	18.655
11	21	11.267
11	22	13.31
11	23	5.5185
11	24	5.7833
11	25	5.7833
11	26	5.7833
11	27	4.1725
11	28	3.1219
11	29	11.203
11	30	11.203
11	31	7.9866
11	32	19.159
11	33	11.933
11	34	49.86
11	35	43.389
11	36	13.921
11	37	29.603
11	38	20.705
11	39	19.463
11	40	7.6579
11	41	5.2247
11	42	12.426
11	43	17.773
11	44	16.304
11	45	4.6143
11	46	5.6933
11	47	27.905
11	48	42.4
11	49	37.303
11	50	13.395
11	51	15.954
11	52	3.9432
11	53	3.9432
11	54	35.771
11	55	6.6158
11	56	6.6512
11	57	57.253
12	13	749.25
12	14	59.159
12	15	23.239
12	16	36.257
12	17	33.663
12	18	54.711
12	19	73.7
12	20	26.648
12	21	21.154
12	22	10.017
12	23	3.4579
12	24	5.4404
12	25	6.6294
12	26	1.0381
12	27	3.9131
12	28	1.969
12	29	1.7655
12	30	4.5517
12	31	6.6969
12	32	6.6969
12	33	13.143
12	34	5.7748
12	35	19.288
12	36	13.996
12	37	22.803
12	38	26.342
12	39	29.124
12	40	14.475
12	41	13.324
12	42	11.77
12	43	22.353
12	44	10.576
12	45	14.699
12	46	14.505
12	47	14.202
12	48	19.425
12	49	23.917
12	50	17.034
12	51	16.03
12	52	4.9666
12	53	3.6246
12	54	9.2318
12	55	9.2318
12	56	16.806
12	57	16.199
13	14	132.47
13	15	66.607
13	16	52.968
13	17	51.255
13	18	69.046
13	19	53.661
13	20	46.886
13	21	18.657
13	22	14.129
13	23	14.639
13	24	7.6733
13	25	7.6733
13	26	2.2014
13	27	1.3813
13	28	4.1656
13	29	7.4689
13	30	4.8155
13	31	4.8155
13	32	16.114
13	33	1.9854
13	34	21.342
13	35	34.907
13	36	16.654
13	37	4.0068
13	38	27.8
13	39	8.7683
13	40	5.1007
13	41	10.544
13	42	12.437
13	43	7.8781
13	44	11.129
13	45	12.409
13	46	7.6512
13	47	7.494
13	48	12.293
13	49	29.43
13	50	5.9918
13	51	16.94
13	52	7.8691
13	53	11.484
13	54	29.174
13	55	8.8302
13	56	8.8755
13	57	17.094
14	15	330.77
14	16	177.56
14	17	112.57
14	18	60.584
14	19	25.077
14	20	29.828
14	21	13.897
14	22	11.267
14	23	7.7826
14	24	8.16
14	25	9.0211
14	26	1.1765
14	27	4.4094
14	28	11.056
14	29	9.9122
14	30	5.119
14	31	11.289
14	32	23.883
14	33	12.656
14	34	19.371
14	35	15.412
14	36	3.9317
14	37	12.703
14	38	25.774
14	39	23.174
14	40	21.679
14	41	14.887
14	42	8.806
14	43	23.022
14	44	11.728
14	45	6.5706
14	46	16.216
14	47	7.9428
14	48	4.3304
14	49	44.446
14	50	12.699
14	51	6.7602
14	52	8.3689
14	53	8.3689
14	54	15.391
14	55	9.3729
14	56	7.069
14	57	13.583
15	16	431.97
15	17	236.73
15	18	159.47
15	19	28.479
15	20	26.806
15	21	10.646
15	22	8.4079
15	23	5.2233
15	24	9.1315
15	25	9.3447
15	26	1.0457
15	27	1.0457
15	28	3.9549
15	29	7.1004
15	30	7.6254
15	31	11.79
15	32	9.204
15	33	22.671
15	34	17.399
15	35	8.3225
15	36	5.2868
15	37	7.6388
15	38	13.246
15	39	20.933
15	40	19.398
15	41	16.741
15	42	7.8868
15	43	9.3784
15	44	21.257
15	45	17.73
15	46	10.93
15	47	24.976
15	48	31.223
15	49	20.015
15	50	11.423
15	51	4.0316
15	52	9.9911
15	53	3.6432
15	54	13.915
15	55	2.1022
15	56	4.2252
15	57	4.0709
16	17	431.51
16	18	133.24
16	19	57.086
16	20	35.042
16	21	5.9849
16	22	12.765
16	23	5.8761
16	24	16.941
16	25	16.941
16	26	0.88565
16	27	4.4266
16	28	11.648
16	29	4.4814
16	30	2.5687
16	31	2.8373
16	32	18.03
16	33	6.3634
16	34	24.346
16	35	6.9958
16	36	8.9075
16	37	9.6026
16	38	16.687
16	39	24.566
16	40	24.486
16	41	25.291
16	42	13.264
16	43	11.056
16	44	17.778
16	45	19.843
16	46	15.292
16	47	8.9881
16	48	9.8176
16	49	13.423
16	50	28.774
16	51	1.6972
16	52	4.2028
16	53	21.424
16	54	7.7656
16	55	3.5381
16	56	7.1049
16	57	10.251
17	18	470.97
17	19	94.814
17	20	40.212
17	21	40.212
17	22	15.203
17	23	7.8731
17	24	6.1937
17	25	6.1937
17	26	1.187
17	27	2.9738
17	28	4.4687
17	29	4.01
17	30	1.7264
17	31	5.7119
17	32	3.4476
17	33	21.346
17	34	9.7816
17	35	3.1189
17	36	11.948
17	37	21.388
17	38	18.623
17	39	37.51
17	40	19.187
17	41	7.5264
17	42	13.362
17	43	19.077
17	44	41.435
17	45	3.3224
17	46	24.591
17	47	8.0296
17	48	34.975
17	49	13.461
17	50	6.4267
17	51	9.1306
17	52	14.12
17	53	8.202
17	54	15.546
17	55	15.546
17	56	4.7713
17	57	4.7713
18	19	281.29
18	20	39.235
18	21	26.745
18	22	16.85
18	23	5.8216
18	24	6.0992
18	25	4.5468
18	26	4.5468
18	27	2.2014
18	28	3.2869
18	29	3.2869
18	30	2.5455
18	31	2.5455
18	32	10.064
18	33	15.715
18	34	23.812
18	35	13.69
18	36	14.676
18	37	31.057
18	38	27.202
18	39	6.807
18	40	8.0642
18	41	10.977
18	42	13.077
18	43	3.1213
18	44	34.128
18	45	33.936
18	46	23.923
18	47	23.461
18	48	12.711
18	49	13.045
18	50	14.077
18	51	13.45
18	52	12.458
18	53	18
18	54	29.989
18	55	3.4831
18	56	10.501
18	57	10.501
19	20	162.58
19	21	24.693
19	22	23.334
19	23	3.023
19	24	9.5037
19	25	4.7255
19	26	1.8472
19	27	6.8543
19	28	3.4028
19	29	3.0568
19	30	3.0568
19	31	5.8214
19	32	10.412
19	33	16.306
19	34	24.619
19	35	23.66
19	36	15.242
19	37	44.938
19	38	22.543
19	39	7.0476
19	40	25.076
19	41	28.404
19	42	28.404
19	43	28.404
19	44	17.614
19	45	10.037
19	46	12.381
19	47	36.426
19	48	6.5666
19	49	6.7384
19	50	9.726
19	51	20.95
19	52	20.95
19	53	18.633
19	54	7.7445
19	55	7.2248
19	56	18.149
19	57	34.6
20	21	259.77
20	22	124.6
20	23	60.636
20	24	65.214
20	25	16.672
20	26	5.5971
20	27	18.743
20	28	12.354
20	29	20.594
20	30	16.334
20	31	22.552
20	32	13.689
20	33	20.235
20	34	36.22
20	35	32.186
20	36	20.455
20	37	17.035
20	38	14.773
20	39	18.675
20	40	4.327
20	41	5.9738
20	42	14.069
20	43	20.091
20	44	33.18
20	45	10.545
20	46	3.2497
20	47	9.5469
20	48	13.929
20	49	10.715
20	50	7.6433
20	51	30.564
20	52	8.9084
20	53	16.255
20	54	28.967
20	55	18.761
20	56	20.731
20	57	39.942
21	22	202.71
21	23	102.15
21	24	83.02
21	25	26.558
21	26	8.7697
21	27	20.735
21	28	14.643
21	29	23.483
21	30	21.731
21	31	11.578
21	32	14.715
21	33	11.995
21	34	18.522
21	35	22.164
21	36	19.581
21	37	8.1764
21	38	7.051
21	39	8.9683
21	40	2.5638
21	41	3.5678
21	42	8.3471
21	43	17.861
21	44	2.8661
21	45	6.2953
21	46	1.939
21	47	3.795
21	48	3.795
21	49	3.795
21	50	19.758
21	51	24.456
21	52	15.835
21	53	1.9368
21	54	14.948
21	55	24.526
21	56	15.66
21	57	21.662
22	23	130.45
22	24	92.672
22	25	34.495
22	26	11.967
22	27	23.646
22	28	20.819
22	29	16.931
22	30	13.745
22	31	13.53
22	32	9.2941
22	33	12.336
22	34	20.456
22	35	22.439
22	36	19.505
22	37	19.343
22	38	5.0119
22	39	4.2476
22	40	1.2151
22	41	10.138
22	42	3.9538
22	43	8.4843
22	44	2.7098
22	45	4.4717
22	46	3.6704
22	47	3.5923
22	48	3.9533
22	49	4.0494
22	50	8.6406
22	51	15.124
22	52	19.999
22	53	12.849
22	54	23.572
22	55	25.393
22	56	24.383
22	57	22.561
23	24	147.28
23	25	52.165
23	26	11.307
23	27	30.578
23	28	24.613
23	29	29.508
23	30	31.604
23	31	21.01
23	32	12.83
23	33	5.8942
23	34	1.5124
23	35	23.253
23	36	20.196
23	37	14.023
23	38	14.023
23	39	4.4027
23	40	2.5153
23	41	3.4997
23	42	4.0923
23	43	10.738
23	44	2.809
23	45	1.5436
23	46	1.5436
23	47	1.5436
23	48	1.5436
23	49	2.0962
23	50	10.443
23	51	10.44
23	52	23.297
23	53	19.002
23	54	12.21
23	55	30.678
23	56	17.562
23	57	23.363
24	25	97.303
24	26	13.001
24	27	23.536
24	28	33.392
24	29	20.324
24	30	29.859
24	31	22.956
24	32	18.507
24	33	10.304
24	34	23.813
24	35	19.792
24	36	24.054
24	37	10.505
24	38	7.2572
24	39	6.9177
24	40	2.64
24	41	12.847
24	42	12.887
24	43	11.257
24	44	5.8862
24	45	5.8862
24	46	3.9874
24	47	3.9025
24	48	4.2945
24	49	2.1997
24	50	7.8201
24	51	17.522
24	52	17.654
24	53	13.956
24	54	23.04
24	55	27.572
24	56	14.97
24	57	26.735
25	26	11.976
25	27	14.948
25	28	12.522
25	29	11.259
25	30	12.041
25	31	8.6723
25	32	4.9359
25	33	5.2443
25	34	8.1277
25	35	6.6841
25	36	4.9021
25	37	6.1937
25	38	2.6593
25	39	5.1099
25	40	3.8383
25	41	5.3867
25	42	5.3867
25	43	6.7059
25	44	6.7059
25	45	6.7059
25	46	6.7059
25	47	6.7059
25	48	6.7059
25	49	6.7059
25	50	4.5939
25	51	9.5452
25	52	8.8827
25	53	8.7497
25	54	3.791
25	55	13.385
25	56	12.61
25	57	4.9024
26	27	86.105
26	28	55.193
26	29	30.885
26	30	28.314
26	31	21.44
26	32	11.595
26	33	12.332
26	34	9.0917
26	35	10.474
26	36	9.3349
26	37	6.0591
26	38	2.0825
26	39	1.3331
26	40	0.75188
26	41	6.3251
26	42	3.6755
26	43	5.2566
26	44	5.1236
26	45	1.8612
26	46	1.1437
26	47	2.2358
26	48	2.2358
26	49	6.3339
26	50	5.3959
26	51	6.8558
26	52	6.9597
26	53	3.4262
26	54	8.8972
26	55	17.703
26	56	15.146
26	57	5.1178
27	28	176.81
27	29	72.838
27	30	76.094
27	31	62.51
27	32	30.214
27	33	30.283
27	34	14.828
27	35	15.3
27	36	16.536
27	37	22.681
27	38	5.2155
27	39	3.3201
27	40	9.4735
27	41	5.2775
27	42	12.344
27	43	16.137
27	44	8.4889
27	45	3.4919
27	46	5.7376
27	47	2.8067
27	48	1.544
27	49	3.1648
27	50	12.368
27	51	14.946
27	52	20.501
27	53	14.316
27	54	18.436
27	55	32.136
27	56	30.612
27	57	20.831
28	29	173.96
28	30	105.28
28	31	84.514
28	32	43.65
28	33	35.703
28	34	18.898
28	35	24.658
28	36	35.363
28	37	13.623
28	38	7.8566
28	39	9.9671
28	40	8.5991
28	41	5.9595
28	42	20.998
28	43	17.725
28	44	12.688
28	45	1.7528
28	46	6.488
28	47	8.4638
28	48	8.4638
28	49	9.5106
28	50	8.4717
28	51	21.46
28	52	31.048
28	53	28.049
28	54	19.335
28	55	34.801
28	56	18.766
28	57	16.908
29	30	150.23
29	31	135.71
29	32	53.887
29	33	63.119
29	34	40.099
29	35	31.004
29	36	25.227
29	37	22.417
29	38	5.2875
29	39	4.4719
29	40	9.001
29	41	19.608
29	42	18.836
29	43	16.91
29	44	5.6947
29	45	7.864
29	46	1.9395
29	47	9.4909
29	48	6.2436
29	49	6.4029
29	50	25.84
29	51	13.893
29	52	15.904
29	53	25.178
29	54	29.751
29	55	24.554
29	56	25.801
29	57	28.168
30	31	187.62
30	32	51.956
30	33	39.533
30	34	25.204
30	35	25.359
30	36	24.828
30	37	10.527
30	38	3.0293
30	39	5.7711
30	40	6.623
30	41	9.1971
30	42	14.38
30	43	17.059
30	44	2.4556
30	45	8.1144
30	46	3.3359
30	47	4.8964
30	48	4.8964
30	49	5.5128
30	50	10.45
30	51	20.168
30	52	15.925
30	53	16.643
30	54	21.361
30	55	41.188
30	56	24.078
30	57	18.629
31	32	147.31
31	33	69.372
31	34	23.43
31	35	26.634
31	36	36.343
31	37	19.358
31	38	8.3633
31	39	12.739
31	40	7.3146
31	41	32.149
31	42	21.826
31	43	20.755
31	44	10.832
31	45	1.4928
31	46	1.8401
31	47	5.4028
31	48	3.9557
31	49	16.22
31	50	14.42
31	51	25.304
31	52	25.108
31	53	16.545
31	54	23.567
31	55	26.477
31	56	25.518
31	57	12.333
32	33	259.11
32	34	58.583
32	35	17.849
32	36	27.581
32	37	31.527
32	38	15.216
32	39	15.368
32	40	20.087
32	41	24.599
32	42	18.141
32	43	15.541
32	44	48.658
32	45	13.571
32	46	13.391
32	47	9.836
32	48	14.318
32	49	7.3436
32	50	23.62
32	51	9.2881
32	52	11.502
32	53	30.129
32	54	12.75
32	55	15.472
32	56	13.609
32	57	14.961
33	34	197.1
33	35	48.738
33	36	40.783
33	37	49.919
33	38	20.634
33	39	19.04
33	40	16.414
33	41	49.332
33	42	22.257
33	43	23.288
33	44	12.137
33	45	13.394
33	46	8.2534
33	47	10.099
33	48	13.306
33	49	18.187
33	50	32.342
33	51	23.846
33	52	21.125
33	53	32.99
33	54	34.34
33	55	17.823
33	56	21.469
33	57	16.136
34	35	207.14
34	36	85.778
34	37	102.69
34	38	46.029
34	39	43.612
34	40	23.204
34	41	34.891
34	42	13.721
34	43	39.147
34	44	46.031
34	45	25.664
34	46	25.334
34	47	24.801
34	48	20.3
34	49	20.833
34	50	42.198
34	51	24.591
34	52	28.278
34	53	31.639
34	54	52.262
34	55	16.439
34	56	31.254
34	57	53.064
35	36	424.3
35	37	183.92
35	38	57.785
35	39	52.177
35	40	22.156
35	41	22.245
35	42	49.113
35	43	59.333
35	44	26.481
35	45	14.724
35	46	21.166
35	47	8.8853
35	48	19.46
35	49	13.296
35	50	26.088
35	51	51.876
35	52	37.308
35	53	57.523
35	54	34.663
35	55	29.741
35	56	54.369
35	57	47.301
36	37	224.78
36	38	47.235
36	39	48.865
36	40	15.294
36	41	21.231
36	42	33.179
36	43	45.423
36	44	17.002
36	45	10.928
36	46	3.8459
36	47	7.5315
36	48	8.2799
36	49	12.724
36	50	51.259
36	51	48.641
36	52	56.398
36	53	28.846
36	54	39.443
36	55	27.719
36	56	43.333
36	57	55.866
37	38	321.67
37	39	114.33
37	40	75.222
37	41	61.161
37	42	81.457
37	43	56.032
37	44	66.138
37	45	10.125
37	46	24.981
37	47	32.634
37	48	26.65
37	49	41.021
37	50	65.292
37	51	27.84
37	52	25.837
37	53	41.669
37	54	57.887
37	55	14.463
37	56	19.391
37	57	18.609
38	39	514.26
38	40	105.93
38	41	86.317
38	42	46.967
38	43	22.341
38	44	57.873
38	45	38.09
38	46	25.293
38	47	21.232
38	48	30.954
38	49	35.717
38	50	22.651
38	51	18.007
38	52	24.787
38	53	10.842
38	54	27.562
38	55	20.864
38	56	6.2878
38	57	8.0729
39	40	293.07
39	41	100.54
39	42	44.617
39	43	44.883
39	44	32.968
39	45	18.49
39	46	41.039
39	47	17.875
39	48	9.7494
39	49	14.997
39	50	28.598
39	51	2.5383
39	52	9.423
39	53	9.1394
39	54	23.082
39	55	7.9323
39	56	7.9598
39	57	25.475
40	41	328.89
40	42	68.65
40	43	54.292
40	44	54.48
40	45	53.742
40	46	42.423
40	47	33.736
40	48	19.919
40	49	49.627
40	50	47.751
40	51	13.135
40	52	18.103
40	53	13.235
40	54	37.286
40	55	13.713
40	56	1.5326
40	57	5.9225
41	42	162.37
41	43	64.034
41	44	79.632
41	45	71.079
41	46	29.23
41	47	35.782
41	48	39.075
41	49	32.069
41	50	28.627
41	51	24.315
41	52	7.529
41	53	29.23
41	54	32.465
41	55	8.4398
41	56	14.847
41	57	16.325
42	43	304.77
42	44	82.067
42	45	52.42
42	46	21.555
42	47	8.4389
42	48	32.357
42	49	47.435
42	50	60.755
42	51	28.516
42	52	14.732
42	53	51.658
42	54	55.031
42	55	29.741
42	56	22.447
42	57	33.705
43	44	204.97
43	45	53.177
43	46	30.712
43	47	20.044
43	48	26.437
43	49	24.836
43	50	43.319
43	51	42.789
43	52	40.504
43	53	34.801
43	54	47.222
43	55	42.471
43	56	46.14
43	57	41.173
44	45	201.6
44	46	138.79
44	47	124.71
44	48	67.666
44	49	94.671
44	50	77.156
44	51	12.98
44	52	8.017
44	53	40.593
44	54	7.2653
44	55	16.824
44	56	16.903
44	57	25.851
45	46	293.44
45	47	135.8
45	48	72.44
45	49	60.167
45	50	55.581
45	51	14.303
45	52	6.6431
45	53	16.122
45	54	12.285
45	55	14.895
45	56	3.7434
45	57	21.613
46	47	261.05
46	48	93.622
46	49	52.404
46	50	40.506
46	51	8.8182
46	52	13.654
46	53	31.819
46	54	30.314
46	55	6.8837
46	56	4.6172
46	57	13.331
47	48	354.26
47	49	102.66
47	50	48.832
47	51	10.789
47	52	8.0185
47	53	23.366
47	54	19.805
47	55	6.7388
47	56	13.561
47	57	13.057
48	49	321.35
48	50	70.1
48	51	42.683
48	52	26.402
48	53	8.5161
48	54	32.291
48	55	12.319
48	56	22.297
48	57	14.264
49	50	308.19
49	51	48.651
49	52	33.114
49	53	30.574
49	54	66.263
49	55	12.629
49	56	40.666
49	57	53.671
50	51	220.75
50	52	113.27
50	53	112.22
50	54	83.211
50	55	52.167
50	56	39.752
50	57	83.534
51	52	390.32
51	53	167.31
51	54	96.044
51	55	73.393
51	56	69.963
51	57	81.237
52	53	240.03
52	54	118.76
52	55	76.854
52	56	72.569
52	57	67.095
53	54	389.63
53	55	128.48
53	56	69.189
53	57	66.647
54	55	243.33
54	56	114.92
54	57	95.974
55	56	276.22
55	57	228.16
56	57	515.65
