1	2	105.7
1	3	107.58
1	4	34.629
1	5	24.496
1	6	31.009
1	7	33.946
1	8	20.135
1	9	29.7
1	10	37.635
1	11	21.936
1	12	20.863
1	13	13.913
1	14	24.574
1	15	18.073
1	16	18.073
1	17	25.133
1	18	16.494
1	19	15.806
1	20	15.106
1	21	8.4846
1	22	3.3055
1	23	9.1885
1	24	8.8314
1	25	5.7329
1	26	3.7601
1	27	9.4373
1	28	13.42
1	29	11.65
1	30	8.1083
1	31	9.1432
1	32	11.402
1	33	12.673
1	34	6.8802
1	35	3.9963
1	36	3.9482
1	37	7.0216
1	38	5.2531
1	39	7.6924
1	40	5.73
1	41	3.0156
1	42	9.002
1	43	12.498
1	44	8.3283
1	45	9.1681
1	46	8.9207
1	47	7.4954
1	48	5.2862
1	49	3.8584
1	50	7.4051
1	51	8.3901
1	52	4.1541
1	53	5.8895
1	54	7.7391
1	55	7.3227
1	56	6.2492
1	57	8.0172
1	58	3.536
1	59	6.0618
1	60	5.0826
1	61	6.0734
1	62	4.5371
1	63	1.9141
1	64	7.0547
1	65	2.1244
1	66	5.4417
1	67	5.4214
1	68	1.3475
1	69	4.2425
1	70	6.4972
1	71	4.9266
1	72	6.3217
1	73	9.9965
1	74	9.173
1	75	9.6692
1	76	18.152
1	77	23.289
2	3	95.56
2	4	31.494
2	5	18.035
2	6	33.757
2	7	36.144
2	8	29.554
2	9	32.556
2	10	11.816
2	11	9.6359
2	12	14.525
2	13	7.4516
2	14	12.478
2	15	32.43
2	16	54.693
2	17	20.192
2	18	11.525
2	19	8.7922
2	20	3.6977
2	21	6.4323
2	22	5.5327
2	23	8.8451
2	24	7.4789
2	25	8.8341
2	26	12.773
2	27	15.951
2	28	7.2891
2	29	9.0825
2	30	10.057
2	31	7.2252
2	32	4.2272
2	33	6.624
2	34	8.3549
2	35	9.7693
2	36	9.6446
2	37	9.8317
2	38	8.5508
2	39	9.0886
2	40	7.2093
2	41	5.0248
2	42	5.0899
2	43	4.6253
2	44	4.0388
2	45	4.4529
2	46	2.2515
2	47	5.199
2	48	7.3452
2	49	7.1854
2	50	4.6973
2	51	3.9033
2	52	6.7584
2	53	4.5651
2	54	4.2883
2	55	1.1278
2	56	2.7135
2	57	6.0866
2	58	3.445
2	59	3.6879
2	60	3.5371
2	61	7.5639
2	62	9.1186
2	63	4.0467
2	64	1.9851
2	65	5.9624
2	66	3.8145
2	67	8.1178
2	68	5.2169
2	69	7.4258
2	70	4.9869
2	71	3.4396
2	72	7.1435
2	73	4.4202
2	74	6.3798
2	75	14.057
2	76	7.232
2	77	32.334
3	4	143.74
3	5	43.476
3	6	46.076
3	7	36.04
3	8	21.769
3	9	21.125
3	10	24.85
3	11	14.033
3	12	16.058
3	13	22.125
3	14	22.88
3	15	14.733
3	16	14.733
3	17	18.017
3	18	21.362
3	19	11.817
3	20	12.639
3	21	3.8426
3	22	7.0728
3	23	11.573
3	24	9.4471
3	25	5.737
3	26	4.0409
3	27	9.1291
3	28	10.111
3	29	6.3544
3	30	5.8004
3	31	8.6918
3	32	10.822
3	33	8.4711
3	34	4.8934
3	35	6.6558
3	36	2.3477
3	37	3.3455
3	38	4.9952
3	39	5.9103
3	40	7.7719
3	41	8.5771
3	42	4.0639
3	43	5.3332
3	44	5.326
3	45	3.2609
3	46	6.9222
3	47	8.2894
3	48	4.2316
3	49	6.8847
3	50	3.8418
3	51	8.9794
3	52	6.4187
3	53	5.1345
3	54	4.3983
3	55	8.6734
3	56	6.1154
3	57	4.3005
3	58	4.5337
3	59	10.79
3	60	3.1676
3	61	2.4128
3	62	2.3231
3	63	4.5783
3	64	2.5292
3	65	2.0277
3	66	2.9195
3	67	3.3189
3	68	3.8657
3	69	3.5389
3	70	3.7082
3	71	5.2764
3	72	2.814
3	73	6.4711
3	74	4.5218
3	75	6.8863
3	76	12.034
3	77	12.034
4	5	172.35
4	6	85.482
4	7	40.811
4	8	20.048
4	9	32.83
4	10	37.971
4	11	15.355
4	12	28.752
4	13	17.093
4	14	21.45
4	15	10.835
4	16	10.835
4	17	21.116
4	18	13.868
4	19	12.618
4	20	16.436
4	21	13.608
4	22	8.3288
4	23	11.28
4	24	5.8269
4	25	4.8113
4	26	4.7335
4	27	3.7265
4	28	8.1396
4	29	6.9055
4	30	8.9019
4	31	6.6539
4	32	11.494
4	33	7.985
4	34	4.3364
4	35	5.0342
4	36	6.6318
4	37	3.4382
4	38	4.9005
4	39	3.9737
4	40	4.8087
4	41	6.0767
4	42	4.8142
4	43	8.4007
4	44	7.6984
4	45	9.2479
4	46	8.1762
4	47	3.4985
4	48	7.2151
4	49	3.7801
4	50	3.3916
4	51	5.2847
4	52	4.0705
4	53	6.5949
4	54	7.1535
4	55	7.5211
4	56	5.9067
4	57	5.609
4	58	4.7524
4	59	5.0927
4	60	4.8023
4	61	2.2662
4	62	2.7207
4	63	1.0711
4	64	3.5547
4	65	2.9731
4	66	3.998
4	67	5.856
4	68	3.3944
4	69	4.7513
4	70	4.3653
4	71	4.1401
4	72	3.3208
4	73	7.6396
4	74	4.1484
4	75	1.4776
4	76	5.455
4	77	5.455
5	6	107.8
5	7	49.888
5	8	25.66
5	9	24.231
5	10	24.836
5	11	17.235
5	12	18.039
5	13	23.868
5	14	22.963
5	15	8.7285
5	16	8.7285
5	17	14.655
5	18	11.178
5	19	10.665
5	20	11.377
5	21	11.446
5	22	12.068
5	23	6.199
5	24	6.3965
5	25	5.0523
5	26	4.6861
5	27	4.5177
5	28	10.092
5	29	8.8046
5	30	8.887
5	31	7.0029
5	32	5.1283
5	33	8.0305
5	34	4.6366
5	35	5.4095
5	36	4.4513
5	37	4.7591
5	38	6.3137
5	39	5.6033
5	40	3.1028
5	41	7.7199
5	42	9.8968
5	43	10.669
5	44	6.167
5	45	7.4165
5	46	8.1992
5	47	9.5376
5	48	5.7915
5	49	5.6571
5	50	4.5525
5	51	5.6749
5	52	4.6803
5	53	4.8673
5	54	4.6867
5	55	4.9304
5	56	5.2677
5	57	4.5324
5	58	3.8196
5	59	8.6924
5	60	3.8592
5	61	2.2886
5	62	3.5274
5	63	2.6073
5	64	2.4002
5	65	2.4047
5	66	5.5389
5	67	1.049
5	68	2.2929
5	69	2.8768
5	70	4.8338
5	71	2.2234
5	72	2.1336
5	73	3.6795
5	74	2.8567
5	75	5.34
5	76	4.3894
5	77	23.568
6	7	133.43
6	8	52.727
6	9	50.413
6	10	38.213
6	11	19.055
6	12	25.23
6	13	11.04
6	14	18.186
6	15	15.947
6	16	15.947
6	17	7.4231
6	18	14.202
6	19	9.2267
6	20	5.4936
6	21	11.119
6	22	7.2653
6	23	6.3058
6	24	6.93
6	25	8.6635
6	26	6.4656
6	27	6.482
6	28	10.245
6	29	5.1769
6	30	8.5774
6	31	6.6955
6	32	5.2178
6	33	4.3535
6	34	8.8551
6	35	4.5766
6	36	4.9726
6	37	6.0305
6	38	5.6094
6	39	5.2798
6	40	7.4728
6	41	6.6142
6	42	3.3661
6	43	5.7187
6	44	11.429
6	45	4.4077
6	46	3.8961
6	47	6.2855
6	48	3.6268
6	49	7.0687
6	50	5.5473
6	51	5.7635
6	52	3.8048
6	53	7.6404
6	54	5.3087
6	55	1.6748
6	56	5.3624
6	57	5.9714
6	58	5.3412
6	59	2.6013
6	60	4.3604
6	61	4.6394
6	62	2.6769
6	63	6.59
6	64	2.4295
6	65	4.8727
6	66	4.21
6	67	5.8588
6	68	5.104
6	69	5.3499
6	70	2.678
6	71	3.9536
6	72	3.2576
6	73	4.372
6	74	7.7479
6	75	3.0198
6	76	8.0424
6	77	8.0424
7	8	94.049
7	9	63.558
7	10	34.534
7	11	18.323
7	12	23.219
7	13	16.714
7	14	26.296
7	15	14.008
7	16	14.008
7	17	14.67
7	18	11.92
7	19	10.72
7	20	8.4359
7	21	5.7523
7	22	9.4211
7	23	9.105
7	24	9.4162
7	25	7.3969
7	26	5.9672
7	27	6.7862
7	28	9.6185
7	29	7.9065
7	30	7.6301
7	31	4.5482
7	32	6.185
7	33	11.288
7	34	10.492
7	35	5.4269
7	36	7.1469
7	37	5.9612
7	38	5.1477
7	39	7.6282
7	40	5.4436
7	41	6.1264
7	42	4.9851
7	43	5.647
7	44	5.6422
7	45	5.5946
7	46	9.8942
7	47	4.5148
7	48	4.0301
7	49	3.4926
7	50	6.3956
7	51	5.2203
7	52	3.2891
7	53	3.1084
7	54	3.6691
7	55	2.2052
7	56	3.1775
7	57	3.1783
7	58	5.7561
7	59	4.6249
7	60	5.5995
7	61	1.3758
7	62	4.8519
7	63	3.0407
7	64	5.7632
7	65	2.4083
7	66	2.7741
7	67	4.7354
7	68	5.0455
7	69	4.3254
7	70	1.7639
7	71	5.5785
7	72	2.6804
7	73	3.6997
7	74	3.8266
7	75	7.7522
7	76	5.2916
7	77	15.808
8	9	131.18
8	10	32.224
8	11	23.867
8	12	24.741
8	13	19.536
8	14	23.713
8	15	29.407
8	16	119.15
8	17	10.937
8	18	11.774
8	19	8.4075
8	20	4.7279
8	21	5.8594
8	22	8.038
8	23	7.5161
8	24	14.377
8	25	10.453
8	26	9.0545
8	27	7.1693
8	28	5.6667
8	29	11.456
8	30	6.1647
8	31	8.7974
8	32	4.0422
8	33	7.8262
8	34	12.413
8	35	11.137
8	36	10.002
8	37	7.1145
8	38	8.867
8	39	9.4377
8	40	4.7868
8	41	4.5768
8	42	4.97
8	43	6.3289
8	44	6.9575
8	45	5.5732
8	46	5.5442
8	47	3.1624
8	48	8.029
8	49	5.376
8	50	5.6263
8	51	4.2507
8	52	3.6833
8	53	5.9665
8	54	4.7017
8	55	3.0898
8	56	2.3738
8	57	1.0159
8	58	3.2239
8	59	1.7272
8	60	1.9301
8	61	5.6438
8	62	7.8896
8	63	4.8545
8	64	4.2954
8	65	4.3096
8	66	6.2067
8	67	7.0683
8	68	3.5889
8	69	4.3022
8	70	3.9499
8	71	8.1192
8	72	6.6071
8	73	4.1457
8	74	5.3586
8	75	6.6814
8	76	12.838
8	77	8.8566
9	10	157.51
9	11	44.787
9	12	31.232
9	13	23.022
9	14	39.152
9	15	10.261
9	16	62.384
9	17	28.6
9	18	19.727
9	19	13.216
9	20	12.036
9	21	14.737
9	22	9.4704
9	23	6.7515
9	24	8.5332
9	25	7.2921
9	26	7.4747
9	27	6.1767
9	28	5.3398
9	29	7.0895
9	30	5.9538
9	31	3.3944
9	32	9.077
9	33	8.1966
9	34	6.1607
9	35	5.8314
9	36	4.7139
9	37	4.654
9	38	5.5721
9	39	2.8238
9	40	1.822
9	41	2.878
9	42	7.1684
9	43	4.6422
9	44	3.9774
9	45	2.9187
9	46	2.5821
9	47	5.3037
9	48	4.7329
9	49	4.606
9	50	3.2137
9	51	3.895
9	52	3.8577
9	53	5.727
9	54	3.6977
9	55	1.9436
9	56	1.8658
9	57	3.7203
9	58	4.5038
9	59	5.4295
9	60	3.5385
9	61	3.2214
9	62	5.1563
9	63	4.5668
9	64	5.0534
9	65	3.9456
9	66	4.8704
9	67	6.1671
9	68	3.7526
9	69	5.0656
9	70	2.068
9	71	2.6157
9	72	3.7752
9	73	10.859
9	74	6.7349
9	75	4.1989
9	76	8.2691
9	77	8.2691
10	11	157.89
10	12	96.952
10	13	60.586
10	14	49.853
10	15	22.358
10	16	22.358
10	17	20.74
10	18	19.795
10	19	11.381
10	20	29.81
10	21	11.848
10	22	9.5339
10	23	10.182
10	24	4.2462
10	25	3.3136
10	26	4.8324
10	27	4.2793
10	28	9.3202
10	29	9.2247
10	30	4.8054
10	31	4.103
10	32	9.4883
10	33	13.699
10	34	2.4752
10	35	3.2028
10	36	3.7964
10	37	1.6904
10	38	5.0529
10	39	5.1245
10	40	2.2066
10	41	6.3737
10	42	12.548
10	43	7.1939
10	44	9.582
10	45	4.3948
10	46	7.7812
10	47	9.5879
10	48	3.8075
10	49	4.9483
10	50	4.5316
10	51	6.7231
10	52	2.6617
10	53	6.2926
10	54	6.6797
10	55	11.703
10	56	8.2485
10	57	3.86
10	58	4.755
10	59	8.0022
10	60	6.1051
10	61	3.8978
10	62	2.4987
10	63	3.0766
10	64	2.0392
10	65	1.3636
10	66	3.9298
10	67	5.9568
10	68	3.247
10	69	2.7214
10	70	3.7484
10	71	7.8892
10	72	2.275
10	73	6.101
10	74	4.0668
10	75	2.5305
10	76	12.426
10	77	11.154
11	12	190.18
11	13	55.043
11	14	40.157
11	15	13.426
11	16	13.426
11	17	10.695
11	18	23.84
11	19	15.303
11	20	11.925
11	21	13.209
11	22	10.821
11	23	8.4177
11	24	7.5074
11	25	4.6842
11	26	6.5185
11	27	6.5953
11	28	4.4375
11	29	9.6869
11	30	4.173
11	31	5.4393
11	32	8.4888
11	33	8.844
11	34	10.886
11	35	4.4602
11	36	3.4275
11	37	5.2188
11	38	5.208
11	39	3.5186
11	40	2.9794
11	41	7.6231
11	42	3.6582
11	43	9.3055
11	44	6.2021
11	45	6.828
11	46	8.4536
11	47	6.2012
11	48	7.3761
11	49	2.392
11	50	2.5034
11	51	4.1614
11	52	5.6679
11	53	6.8141
11	54	5.1883
11	55	7.879
11	56	4.0716
11	57	6.9539
11	58	4.738
11	59	5.6422
11	60	4.2535
11	61	3.5127
11	62	3.8546
11	63	3.3187
11	64	3.6735
11	65	4.2149
11	66	3.5405
11	67	2.3066
11	68	5.0097
11	69	2.6308
11	70	2.4167
11	71	4.2809
11	72	5.2973
11	73	2.0322
11	74	4.7232
11	75	7.2015
11	76	14.516
11	77	17.371
12	13	109.3
12	14	53.864
12	15	19.773
12	16	19.773
12	17	15.313
12	18	13.174
12	19	24.206
12	20	17.379
12	21	18.37
12	22	9.567
12	23	15.031
12	24	5.9065
12	25	6.837
12	26	6.4106
12	27	5.6746
12	28	4.4437
12	29	4.6669
12	30	6.3777
12	31	6.7449
12	32	9.6991
12	33	14.157
12	34	8.0428
12	35	5.6718
12	36	6.7233
12	37	6.4797
12	38	1.4905
12	39	4.5339
12	40	2.9272
12	41	3.0768
12	42	5.5622
12	43	6.375
12	44	9.9088
12	45	8.5723
12	46	11.722
12	47	7.0803
12	48	5.6202
12	49	3.833
12	50	3.4386
12	51	2.9762
12	52	4.715
12	53	5.5704
12	54	9.2097
12	55	6.9165
12	56	7.9727
12	57	3.4156
12	58	6.6191
12	59	5.8015
12	60	5.4052
12	61	3.4496
12	62	4.9745
12	63	2.177
12	64	1.805
12	65	3.6217
12	66	4.6372
12	67	3.2984
12	68	1.7239
12	69	3.6147
12	70	2.2124
12	71	4.1949
12	72	2.0168
12	73	3.865
12	74	7.8018
12	75	5.9816
12	76	9.9331
12	77	9.9016
13	14	188.64
13	15	33.837
13	16	85.311
13	17	27.471
13	18	22.505
13	19	15.528
13	20	24.226
13	21	11.786
13	22	7.943
13	23	14.661
13	24	3.4453
13	25	5.0129
13	26	4.7952
13	27	3.6406
13	28	13.843
13	29	8.9824
13	30	5.4532
13	31	4.661
13	32	10.786
13	33	12.971
13	34	3.7524
13	35	2.1829
13	36	1.4376
13	37	2.5581
13	38	2.5508
13	39	6.4656
13	40	3.7567
13	41	7.9024
13	42	6.2476
13	43	11.815
13	44	8.173
13	45	19.986
13	46	13.271
13	47	9.9938
13	48	7.9356
13	49	3.5129
13	50	9.5593
13	51	4.5821
13	52	6.0487
13	53	5.0036
13	54	10.132
13	55	8.8742
13	56	5.968
13	57	2.9205
13	58	4.6327
13	59	6.6162
13	60	4.8563
13	61	3.6869
13	62	2.1257
13	63	2.0929
13	64	0.77117
13	65	2.3214
13	66	7.4338
13	67	5.9217
13	68	1.4731
13	69	1.545
13	70	2.1289
13	71	5.3782
13	72	0.86215
13	73	8.9213
13	74	1.5402
13	75	0.95891
13	76	8.4773
13	77	8.4773
14	15	129.31
14	16	75.388
14	17	44.952
14	18	40.706
14	19	27.425
14	20	22.263
14	21	17.841
14	22	18.474
14	23	13.623
14	24	13.372
14	25	9.938
14	26	6.0308
14	27	6.4137
14	28	14.36
14	29	5.942
14	30	6.6069
14	31	7.6361
14	32	11.719
14	33	8.3938
14	34	7.4572
14	35	9.626
14	36	6.3402
14	37	6.1997
14	38	11.248
14	39	8.5506
14	40	7.1739
14	41	8.7208
14	42	15.779
14	43	13.645
14	44	16.046
14	45	7.9428
14	46	7.8123
14	47	10.431
14	48	8.9178
14	49	5.5764
14	50	4.54
14	51	7.4095
14	52	5.3364
14	53	6.305
14	54	11.939
14	55	8.6236
14	56	1.5056
14	57	4.5033
14	58	6.8144
14	59	6.5709
14	60	4.8989
14	61	6.4976
14	62	3.743
14	63	7.3677
14	64	3.3956
14	65	6.1356
14	66	6.55
14	67	3.7308
14	68	1.9455
14	69	4.0856
14	70	5.6335
14	71	10.28
14	72	5.329
14	73	6.1284
14	74	4.758
14	75	9.3139
14	76	22.452
14	77	11.209
15	16	1035.8
15	17	66.67
15	18	13.628
15	19	8.3148
15	20	7.0043
15	21	6.0828
15	22	10.45
15	23	5.5746
15	24	21.599
15	25	6.0538
15	26	9.955
15	27	19.055
15	28	7.8641
15	29	7.2225
15	30	13.192
15	31	1.6049
15	32	3.9967
15	33	12.517
15	34	6.7738
15	35	8.784
15	36	17.348
15	37	9.2696
15	38	6.1492
15	39	15.588
15	40	10.572
15	41	3.1651
15	42	8.5716
15	43	2.1879
15	44	2.1844
15	45	2.1844
15	46	6.3895
15	47	4.3723
15	48	3.4718
15	49	6.7836
15	50	1.7737
15	51	5.5285
15	52	5.4729
15	53	3.4477
15	54	2.0298
15	55	2.135
15	56	6.1598
15	57	3.5313
15	58	1.8607
15	59	1.9928
15	60	1.6709
15	61	7.133
15	62	1.7178
15	63	6.7716
15	64	9.3542
15	65	7.4983
15	66	7.1923
15	67	2.0447
15	68	1.7869
15	69	7.4746
15	70	8.5612
15	71	2.167
15	72	2.167
15	73	7.1734
15	74	7.4176
15	75	16.184
15	76	16.184
15	77	16.184
16	17	287.8
16	18	287.8
16	19	63.023
16	20	63.023
16	21	63.023
16	22	63.023
16	23	56.478
16	24	50.518
16	25	92.17
16	26	100.99
16	27	100.99
16	28	100.99
16	29	100.99
16	30	100.99
16	31	100.99
16	32	100.99
16	33	100.99
16	34	100.99
16	35	100.99
16	36	52.669
16	37	46.979
16	38	46.767
16	39	47.466
16	40	47.466
16	41	48.228
16	42	48.228
16	43	48.228
16	44	48.228
16	45	48.228
16	46	48.228
16	47	48.228
16	48	52.765
16	49	103.02
16	50	53.92
16	51	53.92
16	52	53.92
16	53	104.78
16	54	61.634
16	55	61.634
16	56	61.634
16	57	61.634
16	58	61.634
16	59	61.634
16	60	61.634
16	61	61.634
16	62	61.634
16	63	61.634
16	64	61.634
16	65	61.634
16	66	61.634
16	67	61.634
16	68	61.634
16	69	61.634
16	70	61.634
16	71	61.634
16	72	61.634
16	73	72.442
16	74	56.436
16	75	140.2
16	76	140.2
16	77	140.2
17	18	314.84
17	19	86.888
17	20	38.912
17	21	39.556
17	22	48.678
17	23	33.693
17	24	25.554
17	25	16.996
17	26	11.658
17	27	20.594
17	28	24.743
17	29	15.144
17	30	4.6238
17	31	13.467
17	32	8.3581
17	33	20.383
17	34	12.577
17	35	9.8245
17	36	16.972
17	37	4.3326
17	38	10.755
17	39	4.367
17	40	4.2366
17	41	8.8402
17	42	17.861
17	43	15.231
17	44	6.0769
17	45	10.049
17	46	8.898
17	47	6.0876
17	48	12.106
17	49	4.7434
17	50	12.403
17	51	10.304
17	52	2.5472
17	53	2.4106
17	54	8.4688
17	55	11.878
17	56	37.185
17	57	7.4266
17	58	15.574
17	59	5.5544
17	60	14
17	61	14
17	62	2.4122
17	63	4.7605
17	64	2.6243
17	65	2.6259
17	66	5.0415
17	67	8.5678
17	68	10.036
17	69	5.2295
17	70	7.1811
17	71	15.116
17	72	11.581
17	73	9.9732
17	74	5.1791
17	75	16.102
17	76	23.767
17	77	23.767
18	19	169.66
18	20	71.826
18	21	43.821
18	22	39.733
18	23	24.553
18	24	22.619
18	25	15.762
18	26	13.263
18	27	12.332
18	28	19.658
18	29	13.729
18	30	17.8
18	31	16.716
18	32	15.198
18	33	15.019
18	34	18.082
18	35	6.3232
18	36	9.7155
18	37	11.131
18	38	9.8536
18	39	12.493
18	40	8.4752
18	41	12.705
18	42	13.741
18	43	11.384
18	44	15.744
18	45	7.7027
18	46	11.935
18	47	13.13
18	48	9.739
18	49	6.7846
18	50	11.361
18	51	6.6362
18	52	8.7553
18	53	6.9028
18	54	7.3175
18	55	5.9822
18	56	8.2179
18	57	11.296
18	58	14.148
18	59	14.352
18	60	12.05
18	61	4.2773
18	62	4.8008
18	63	6.7578
18	64	10.447
18	65	7.4808
18	66	3.5942
18	67	4.0835
18	68	6.4173
18	69	6.7176
18	70	8.9078
18	71	12.11
18	72	9.1423
18	73	12.414
18	74	8.9177
18	75	12.018
18	76	23.136
18	77	24.428
19	20	174.69
19	21	57.767
19	22	36.207
19	23	28.457
19	24	14.731
19	25	13.851
19	26	16.164
19	27	8.0477
19	28	15.618
19	29	14.903
19	30	11.057
19	31	11.288
19	32	10.407
19	33	15.953
19	34	18.009
19	35	10.194
19	36	6.3603
19	37	7.5412
19	38	8.4592
19	39	5.2406
19	40	7.8428
19	41	12.617
19	42	7.9042
19	43	14.763
19	44	11.402
19	45	5.1716
19	46	11.756
19	47	12.072
19	48	7.4468
19	49	5.6976
19	50	8.1322
19	51	9.0107
19	52	10.038
19	53	10.013
19	54	9.968
19	55	7.8625
19	56	5.6615
19	57	9.6904
19	58	11.391
19	59	7.3236
19	60	11.764
19	61	5.438
19	62	4.1805
19	63	4.6301
19	64	4.5515
19	65	6.2799
19	66	4.9335
19	67	5.6175
19	68	8.1496
19	69	5.699
19	70	4.7101
19	71	7.9429
19	72	7.0036
19	73	7.324
19	74	6.8179
19	75	7.7913
19	76	17.795
19	77	9.39
20	21	104.11
20	22	58.03
20	23	29.45
20	24	22.832
20	25	10.358
20	26	3.3933
20	27	7.0188
20	28	22.927
20	29	13.021
20	30	6.7612
20	31	11.031
20	32	17.902
20	33	28.676
20	34	6.2345
20	35	5.4222
20	36	4.7628
20	37	2.1152
20	38	6.337
20	39	9.0975
20	40	9.3225
20	41	8.7424
20	42	14.11
20	43	14.343
20	44	9.8149
20	45	14.12
20	46	16.165
20	47	15.851
20	48	10.775
20	49	8.1438
20	50	6.0901
20	51	6.9581
20	52	5.6388
20	53	7.1043
20	54	16.845
20	55	16.966
20	56	16.278
20	57	9.054
20	58	8.9651
20	59	13.726
20	60	9.7792
20	61	4.8778
20	62	2.3395
20	63	2.8768
20	64	4.4572
20	65	1.9189
20	66	7.3741
20	67	6.3052
20	68	3.6476
20	69	3.8347
20	70	4.1147
20	71	8.1717
20	72	5.0101
20	73	11.528
20	74	8.3048
20	75	4.7768
20	76	10.562
20	77	10.551
21	22	135.58
21	23	54.974
21	24	28.743
21	25	18.462
21	26	17.238
21	27	17.876
21	28	13.477
21	29	16.692
21	30	6.8625
21	31	12.927
21	32	13.738
21	33	14.32
21	34	10.139
21	35	12.039
21	36	9.3071
21	37	4.597
21	38	11.003
21	39	9.2938
21	40	8.0987
21	41	9.9424
21	42	9
21	43	15.715
21	44	11.781
21	45	7.2095
21	46	6.3728
21	47	4.5807
21	48	6.2284
21	49	4.5476
21	50	7.9331
21	51	13.186
21	52	10.336
21	53	7.7122
21	54	6.688
21	55	6.3938
21	56	13.505
21	57	9.9763
21	58	8.335
21	59	6.5503
21	60	7.4852
21	61	9.5464
21	62	5.6059
21	63	5.5186
21	64	7.7691
21	65	5.5681
21	66	7.4857
21	67	6.0898
21	68	6.3588
21	69	10.007
21	70	4.0845
21	71	7.1045
21	72	6.8347
21	73	9.2916
21	74	5.5431
21	75	5.5298
21	76	8.1728
21	77	18.329
22	23	138.53
22	24	38.293
22	25	27.121
22	26	19.101
22	27	18.763
22	28	21.646
22	29	14.332
22	30	13.922
22	31	16.442
22	32	10.24
22	33	21.907
22	34	13.895
22	35	9.8926
22	36	7.1055
22	37	5.9311
22	38	7.4797
22	39	7.186
22	40	11.217
22	41	12.576
22	42	12.091
22	43	11.778
22	44	10.084
22	45	9.2623
22	46	9.8269
22	47	11.208
22	48	6.6723
22	49	6.9453
22	50	8.1756
22	51	5.6619
22	52	7.9401
22	53	11.037
22	54	7.8048
22	55	9.3047
22	56	5.2604
22	57	3.1629
22	58	10.009
22	59	11.231
22	60	9.4172
22	61	5.4759
22	62	4.3928
22	63	6.0593
22	64	4.7827
22	65	4.3144
22	66	11.503
22	67	4.1858
22	68	7.3097
22	69	4.3032
22	70	5.6999
22	71	9.4294
22	72	4.2612
22	73	14.087
22	74	6.1799
22	75	7.1102
22	76	6.1363
22	77	6.1363
23	24	106.26
23	25	51.182
23	26	32.067
23	27	28.378
23	28	31.145
23	29	21.216
23	30	11.236
23	31	16.673
23	32	10.944
23	33	12.553
23	34	12.386
23	35	10.554
23	36	11.373
23	37	8.8491
23	38	8.4015
23	39	9.7932
23	40	9.8966
23	41	13.877
23	42	9.4183
23	43	10.198
23	44	9.5928
23	45	10.571
23	46	13.428
23	47	7.193
23	48	11.886
23	49	6.4836
23	50	6.7852
23	51	8.056
23	52	8.4759
23	53	9.4236
23	54	8.3533
23	55	5.8567
23	56	6.7486
23	57	8.1836
23	58	5.6004
23	59	6.001
23	60	8.2311
23	61	7.7788
23	62	8.4127
23	63	5.5226
23	64	8.1434
23	65	8.1683
23	66	10.784
23	67	11.164
23	68	4.8606
23	69	8.6648
23	70	7.019
23	71	10.065
23	72	7.4021
23	73	11.134
23	74	8.1269
23	75	8.2348
23	76	8.4324
23	77	8.4324
24	25	119.39
24	26	59.541
24	27	47.618
24	28	40.342
24	29	22.052
24	30	14.492
24	31	15.685
24	32	11.722
24	33	14.274
24	34	11.6
24	35	9.0094
24	36	14.828
24	37	8.2997
24	38	13.519
24	39	10.663
24	40	12.546
24	41	10.447
24	42	6.8145
24	43	9.6312
24	44	6.4129
24	45	3.5354
24	46	5.2082
24	47	10.157
24	48	5.9405
24	49	8.2827
24	50	5.633
24	51	9.4533
24	52	10.249
24	53	7.5816
24	54	5.4596
24	55	5.2211
24	56	7.5276
24	57	7.3295
24	58	6.8201
24	59	5.3571
24	60	10.209
24	61	6.5308
24	62	9.6421
24	63	7.8491
24	64	8.673
24	65	11.893
24	66	9.6594
24	67	5.4916
24	68	5.2327
24	69	4.1063
24	70	9.6212
24	71	7.9395
24	72	11.69
24	73	5.2594
24	74	8.1632
24	75	10.742
24	76	10.88
24	77	7.4904
25	26	121.9
25	27	57.877
25	28	24.072
25	29	22.495
25	30	14.707
25	31	18.208
25	32	13.316
25	33	7.8869
25	34	9.5255
25	35	12.512
25	36	13.51
25	37	13.085
25	38	15.051
25	39	7.9821
25	40	8.0756
25	41	5.2721
25	42	4.2729
25	43	5.8285
25	44	4.8463
25	45	3.7425
25	46	6.1473
25	47	4.3666
25	48	6.1687
25	49	10.191
25	50	10.263
25	51	6.9714
25	52	6.0854
25	53	6.5217
25	54	1.8005
25	55	5.6832
25	56	2.7355
25	57	6.6926
25	58	8.6838
25	59	4.4268
25	60	5.1991
25	61	7.9511
25	62	8.8238
25	63	14.002
25	64	6.6835
25	65	5.4343
25	66	6.4158
25	67	6.8262
25	68	6.7858
25	69	10.409
25	70	6.096
25	71	7.7142
25	72	5.0804
25	73	1.5926
25	74	7.8327
25	75	9.7605
25	76	8.3732
25	77	6.798
26	27	107.71
26	28	41.237
26	29	20.684
26	30	16.948
26	31	17.217
26	32	6.7978
26	33	10.157
26	34	16.983
26	35	18.428
26	36	18.611
26	37	25.317
26	38	10.874
26	39	14.842
26	40	11.444
26	41	9.6189
26	42	6.7378
26	43	3.7152
26	44	3.7044
26	45	5.2532
26	46	3.6175
26	47	3.7116
26	48	8.4382
26	49	9.5155
26	50	9.5164
26	51	6.7395
26	52	5.3323
26	53	7.5664
26	54	3.4429
26	55	1.0347
26	56	2.9917
26	57	5.1838
26	58	5.8833
26	59	4.358
26	60	6.9137
26	61	12.211
26	62	10.956
26	63	12.062
26	64	13.301
26	65	6.8791
26	66	3.96
26	67	12.465
26	68	10.523
26	69	6.8474
26	70	9.1837
26	71	5.2778
26	72	6.5646
26	73	4.6398
26	74	7.6693
26	75	8.4229
26	76	5.8157
26	77	7.4168
27	28	107.25
27	29	52.912
27	30	33.131
27	31	17.291
27	32	9.4556
27	33	10.334
27	34	20.382
27	35	14.015
27	36	16.078
27	37	16.681
27	38	11.929
27	39	15.128
27	40	13.69
27	41	7.1465
27	42	7.8107
27	43	5.1715
27	44	6.566
27	45	4.1391
27	46	5.9505
27	47	4.6966
27	48	7.0929
27	49	8.044
27	50	8.7933
27	51	5.1635
27	52	7.4657
27	53	5.945
27	54	5.2286
27	55	4.1259
27	56	4.8555
27	57	5.7216
27	58	2.4027
27	59	5.1435
27	60	5.7543
27	61	9.6291
27	62	7.0645
27	63	9.904
27	64	15.789
27	65	8.5063
27	66	7.7705
27	67	11.903
27	68	9.6721
27	69	8.0674
27	70	7.3806
27	71	8.8723
27	72	7.6018
27	73	6.167
27	74	8.7806
27	75	10.941
27	76	7.3692
27	77	13.159
28	29	89.225
28	30	29.544
28	31	30.625
28	32	29.453
28	33	19.895
28	34	11.097
28	35	11.168
28	36	9.5244
28	37	10.272
28	38	15.999
28	39	8.1129
28	40	11.356
28	41	10.528
28	42	8.0519
28	43	8.8525
28	44	11.365
28	45	11.83
28	46	12.926
28	47	13.9
28	48	11.041
28	49	8.8211
28	50	3.5887
28	51	5.8586
28	52	9.4875
28	53	8.4726
28	54	10.56
28	55	12.339
28	56	10.087
28	57	9.6956
28	58	10.217
28	59	6.9098
28	60	13.526
28	61	3.607
28	62	2.978
28	63	7.8271
28	64	4.3228
28	65	8.1197
28	66	13.512
28	67	7.0871
28	68	4.6462
28	69	9.7175
28	70	6.9286
28	71	13.142
28	72	6.6079
28	73	12.429
28	74	3.7539
28	75	5.3451
28	76	10.865
28	77	26.529
29	30	89.233
29	31	43.039
29	32	22.82
29	33	22.71
29	34	25.805
29	35	17.714
29	36	14.731
29	37	13.938
29	38	15.507
29	39	11.587
29	40	14.034
29	41	10.513
29	42	17.086
29	43	8.1384
29	44	10.45
29	45	10.881
29	46	9.0532
29	47	3.4848
29	48	6.9166
29	49	8.5501
29	50	11.301
29	51	10.272
29	52	10.167
29	53	10.069
29	54	3.2357
29	55	5.1051
29	56	7.6335
29	57	12.648
29	58	12.844
29	59	12.699
29	60	11.093
29	61	13.245
29	62	9.1093
29	63	9.8741
29	64	7.9348
29	65	6.9576
29	66	7.6332
29	67	7.5942
29	68	5.6848
29	69	7.9315
29	70	6.8178
29	71	9.776
29	72	10.492
29	73	11.427
29	74	6.899
29	75	5.5284
29	76	4.5441
29	77	4.5441
30	31	124.05
30	32	36.727
30	33	33.837
30	34	20.19
30	35	15.753
30	36	21.856
30	37	13.878
30	38	14.904
30	39	17.013
30	40	7.6985
30	41	14.167
30	42	12.92
30	43	4.7579
30	44	8.9665
30	45	6.3979
30	46	5.6618
30	47	7.9224
30	48	7.5571
30	49	6.165
30	50	11.606
30	51	4.9116
30	52	8.8343
30	53	8.7728
30	54	3.9201
30	55	5.1549
30	56	7.4445
30	57	9.4317
30	58	7.6532
30	59	7.2283
30	60	10.516
30	61	8.6578
30	62	8.3542
30	63	7.4171
30	64	8.6393
30	65	9.5569
30	66	13.098
30	67	4.4582
30	68	6.953
30	69	4.5323
30	70	4.5635
30	71	9.444
30	72	9.5489
30	73	9.8179
30	74	8.9778
30	75	6.7078
30	76	5.7898
30	77	5.7898
31	32	110.44
31	33	37.924
31	34	29.352
31	35	18.651
31	36	13.507
31	37	14.577
31	38	15.963
31	39	17.659
31	40	16.752
31	41	13.082
31	42	16.209
31	43	8.7893
31	44	8.262
31	45	5.6931
31	46	9.562
31	47	8.2647
31	48	7.3787
31	49	7.6018
31	50	7.5349
31	51	10.003
31	52	9.0401
31	53	6.9174
31	54	8.632
31	55	6.054
31	56	11.152
31	57	12.495
31	58	8.3468
31	59	6.1172
31	60	7.889
31	61	11.357
31	62	8.0999
31	63	8.3793
31	64	10.143
31	65	13.259
31	66	9.7558
31	67	11.094
31	68	6.3182
31	69	7.0528
31	70	8.0821
31	71	12.275
31	72	7.3656
31	73	9.0355
31	74	5.6952
31	75	8.1939
31	76	10.515
31	77	10.515
32	33	194.52
32	34	33.304
32	35	26.313
32	36	14.78
32	37	12.235
32	38	20.786
32	39	11.45
32	40	10.644
32	41	16.33
32	42	19.634
32	43	16.775
32	44	17.41
32	45	14.207
32	46	11.303
32	47	12.25
32	48	10.23
32	49	9.4636
32	50	6.2555
32	51	11.372
32	52	10.188
32	53	9.6285
32	54	14.978
32	55	11.339
32	56	11.493
32	57	17.599
32	58	12.596
32	59	11.149
32	60	12.789
32	61	6.2732
32	62	4.5219
32	63	7.4202
32	64	6.0182
32	65	7.6844
32	66	5.7981
32	67	10.204
32	68	4.1796
32	69	10.412
32	70	5.0324
32	71	7.6388
32	72	4.8986
32	73	10.565
32	74	7.648
32	75	0.68119
32	76	5.034
32	77	5.034
33	34	73.54
33	35	33.934
33	36	25.536
33	37	23.203
33	38	33.02
33	39	18.176
33	40	14.363
33	41	18.973
33	42	27.026
33	43	23.524
33	44	18.128
33	45	18.489
33	46	16.357
33	47	14.777
33	48	9.5984
33	49	8.3203
33	50	11.971
33	51	5.6522
33	52	14.548
33	53	16.397
33	54	20.589
33	55	13.777
33	56	14.501
33	57	9.1955
33	58	11.423
33	59	18.353
33	60	13.851
33	61	5.4629
33	62	8.4087
33	63	7.2471
33	64	4.005
33	65	4.5896
33	66	9.3639
33	67	6.2656
33	68	2.7324
33	69	8.0134
33	70	7.878
33	71	11.289
33	72	10.209
33	73	9.5383
33	74	8.5433
33	75	7.0971
33	76	18.873
33	77	9.3993
34	35	141.16
34	36	108.92
34	37	67.576
34	38	64.387
34	39	33.663
34	40	25.559
34	41	15.844
34	42	17.225
34	43	14.6
34	44	13.136
34	45	6.4232
34	46	10.659
34	47	5.8384
34	48	11.579
34	49	18.02
34	50	11.788
34	51	9.7959
34	52	10.917
34	53	9.7391
34	54	10.178
34	55	4.2793
34	56	7.5302
34	57	9.3529
34	58	9.9144
34	59	3.984
34	60	8.9019
34	61	11.81
34	62	13.038
34	63	14.5
34	64	10.493
34	65	8.6773
34	66	4.7613
34	67	13.568
34	68	10.017
34	69	11.761
34	70	7.964
34	71	12.227
34	72	15.232
34	73	7.1699
34	74	9.2646
34	75	15.4
34	76	14.773
34	77	10.208
35	36	150.9
35	37	67.033
35	38	64.313
35	39	29.393
35	40	19.122
35	41	12.675
35	42	13.833
35	43	11.866
35	44	8.4632
35	45	4.9768
35	46	8.2502
35	47	10.726
35	48	9.8614
35	49	14.447
35	50	10.534
35	51	7.1369
35	52	8.9459
35	53	10.685
35	54	6.2881
35	55	7.7173
35	56	6.8905
35	57	5.0154
35	58	6.7249
35	59	8.2305
35	60	8.1979
35	61	10.129
35	62	12.419
35	63	13.553
35	64	12.071
35	65	7.7396
35	66	8.3581
35	67	7.914
35	68	12.456
35	69	7.7178
35	70	13.264
35	71	7.8294
35	72	11.272
35	73	4.9359
35	74	11.979
35	75	12.539
35	76	8.8333
35	77	8.8333
36	37	121.71
36	38	72.523
36	39	36.578
36	40	20.805
36	41	15.347
36	42	12.576
36	43	7.2574
36	44	8.9207
36	45	6.1471
36	46	9.7815
36	47	1.6732
36	48	12.398
36	49	10.374
36	50	10.855
36	51	12.686
36	52	7.4404
36	53	5.7158
36	54	2.0711
36	55	3.2682
36	56	10.473
36	57	4.5011
36	58	9.9635
36	59	7.1144
36	60	4.2619
36	61	15
36	62	19.261
36	63	14.668
36	64	10.008
36	65	5.7303
36	66	6.4173
36	67	12.505
36	68	12.293
36	69	15.24
36	70	10.915
36	71	4.9709
36	72	5.8328
36	73	7.9252
36	74	10.413
36	75	20.056
36	76	13.964
36	77	7.8123
37	38	106.13
37	39	54.9
37	40	25.755
37	41	13.998
37	42	13.093
37	43	7.9352
37	44	13.858
37	45	4.3677
37	46	3.3797
37	47	6.4408
37	48	9.8405
37	49	14.25
37	50	8.8622
37	51	12.554
37	52	8.2809
37	53	7.4386
37	54	3.6773
37	55	7.2549
37	56	6.0506
37	57	6.4258
37	58	6.3313
37	59	3.1633
37	60	6.8241
37	61	11.761
37	62	12.519
37	63	10.032
37	64	12.777
37	65	5.5424
37	66	5.7264
37	67	13.465
37	68	13.024
37	69	9.7689
37	70	9.332
37	71	10.331
37	72	15.087
37	73	6.5026
37	74	15.573
37	75	19.928
37	76	12.428
37	77	12.428
38	39	88.789
38	40	50.53
38	41	21.829
38	42	26.176
38	43	14.85
38	44	10.382
38	45	10.904
38	46	7.7089
38	47	9.3955
38	48	14.129
38	49	10.347
38	50	13.631
38	51	7.0809
38	52	13.605
38	53	7.7946
38	54	12.394
38	55	6.2785
38	56	10.213
38	57	8.779
38	58	10.516
38	59	8.5603
38	60	11.332
38	61	14.91
38	62	14.361
38	63	10.711
38	64	10.989
38	65	9.316
38	66	6.9088
38	67	6.0063
38	68	13.324
38	69	8.8683
38	70	11.612
38	71	11.267
38	72	12.697
38	73	11.896
38	74	9.6501
38	75	12.033
38	76	11.625
38	77	11.625
39	40	123.63
39	41	39.171
39	42	27.989
39	43	14.046
39	44	22.039
39	45	6.6304
39	46	8.7893
39	47	8.5186
39	48	12.731
39	49	15.936
39	50	13.417
39	51	11.828
39	52	10.034
39	53	8.3001
39	54	8.3726
39	55	4.8937
39	56	7.0587
39	57	9.7173
39	58	11.088
39	59	7.7642
39	60	8.0427
39	61	11.857
39	62	8.6679
39	63	12.429
39	64	12.442
39	65	11.602
39	66	11.959
39	67	10.779
39	68	13.526
39	69	13.711
39	70	12.168
39	71	6.4589
39	72	11.442
39	73	7.6732
39	74	8.5064
39	75	10.606
39	76	8.6441
39	77	8.6441
40	41	93.753
40	42	64.124
40	43	20.875
40	44	12.114
40	45	10.691
40	46	7.089
40	47	14.55
40	48	13.867
40	49	20.341
40	50	19.699
40	51	9.8236
40	52	13.367
40	53	4.5951
40	54	5.8518
40	55	4.2621
40	56	10.479
40	57	9.8145
40	58	13.217
40	59	5.7494
40	60	11.498
40	61	13.479
40	62	16.819
40	63	7.5378
40	64	9.1575
40	65	10.836
40	66	8.7965
40	67	9.993
40	68	8.3517
40	69	12.461
40	70	7.9866
40	71	7.7023
40	72	13.847
40	73	6.8977
40	74	10.294
40	75	9.7541
40	76	6.0863
40	77	13.598
41	42	138.57
41	43	36.837
41	44	22.503
41	45	14.657
41	46	17.426
41	47	14.314
41	48	12.967
41	49	17.364
41	50	18.584
41	51	16.306
41	52	11.05
41	53	11.643
41	54	10.447
41	55	12.49
41	56	8.1514
41	57	10.254
41	58	9.5492
41	59	13.491
41	60	13.247
41	61	8.2864
41	62	9.5579
41	63	7.449
41	64	7.375
41	65	12.186
41	66	13.367
41	67	6.6633
41	68	10.769
41	69	5.2138
41	70	8.3741
41	71	10.605
41	72	6.3139
41	73	14.532
41	74	8.2246
41	75	2.1615
41	76	6.4062
41	77	28.695
42	43	105.67
42	44	49.39
42	45	33.692
42	46	20.97
42	47	25.014
42	48	16.513
42	49	17.625
42	50	17.337
42	51	20.335
42	52	13.818
42	53	16.857
42	54	15.512
42	55	14.947
42	56	12.373
42	57	13.289
42	58	10.598
42	59	19.573
42	60	10.044
42	61	8.9503
42	62	11.26
42	63	5.272
42	64	12.848
42	65	15.846
42	66	13.531
42	67	10.944
42	68	6.1309
42	69	4.6946
42	70	4.8597
42	71	11.616
42	72	9.2261
42	73	19.725
42	74	10.573
42	75	9.5314
42	76	13
42	77	48.69
43	44	157.66
43	45	76.242
43	46	51.624
43	47	31.813
43	48	16.265
43	49	9.2734
43	50	13.132
43	51	13.641
43	52	12.337
43	53	12.766
43	54	17.09
43	55	21.417
43	56	11.937
43	57	9.6269
43	58	10.204
43	59	24.442
43	60	12.398
43	61	8.5803
43	62	6.0407
43	63	5.9441
43	64	6.5781
43	65	10.807
43	66	4.6129
43	67	6.5727
43	68	6.851
43	69	1.799
43	70	9.9201
43	71	11.847
43	72	6.0376
43	73	10.034
43	74	8.3783
43	75	6.7153
43	76	14.315
43	77	49.45
44	45	146.98
44	46	63.306
44	47	38.876
44	48	19.621
44	49	10.349
44	50	11.404
44	51	13.03
44	52	12.323
44	53	16.628
44	54	15.122
44	55	11.745
44	56	15.909
44	57	11.301
44	58	16.793
44	59	14.785
44	60	15.62
44	61	5.7079
44	62	3.8326
44	63	5.3852
44	64	6.5588
44	65	7.7864
44	66	5.753
44	67	7.2189
44	68	6.2606
44	69	3.591
44	70	6.6044
44	71	6.2632
44	72	6.0341
44	73	9.2587
44	74	7.1755
44	75	4.474
44	76	13.2
44	77	13.2
45	46	255.25
45	47	70.811
45	48	24.093
45	49	12.013
45	50	16.344
45	51	11.752
45	52	14.229
45	53	14.663
45	54	18.825
45	55	16.729
45	56	15.331
45	57	16.823
45	58	11.896
45	59	19.118
45	60	16.62
45	61	5.0358
45	62	4.2272
45	63	8.3159
45	64	3.9446
45	65	6.6044
45	66	7.6122
45	67	5.0623
45	68	5.6485
45	69	3.958
45	70	4.8524
45	71	6.8955
45	72	6.6397
45	73	6.7902
45	74	5.926
45	75	5.7417
45	76	9.6591
45	77	21.719
46	47	153.43
46	48	32.205
46	49	13.805
46	50	13.339
46	51	21.938
46	52	13.724
46	53	16.749
46	54	28.146
46	55	32.947
46	56	22.59
46	57	7.7185
46	58	14.02
46	59	24.415
46	60	10.493
46	61	7.7964
46	62	6.417
46	63	2.6313
46	64	8.1523
46	65	11.691
46	66	5.614
46	67	7.038
46	68	5.5597
46	69	3.503
46	70	4.8281
46	71	15.604
46	72	5.2242
46	73	13.523
46	74	3.4953
46	75	2.9054
46	76	10.724
46	77	10.724
47	48	116.56
47	49	64.855
47	50	37.649
47	51	31.999
47	52	12.913
47	53	18.302
47	54	22.338
47	55	20.717
47	56	12.593
47	57	11.881
47	58	9.596
47	59	19.283
47	60	15.082
47	61	10.287
47	62	6.0348
47	63	8.6379
47	64	7.7671
47	65	9.5969
47	66	8.0652
47	67	6.5675
47	68	3.9929
47	69	8.3888
47	70	4.4055
47	71	21.592
47	72	9.389
47	73	18.52
47	74	7.7761
47	75	11.19
47	76	13.222
47	77	29.68
48	49	168.75
48	50	64.763
48	51	38.11
48	52	26.093
48	53	22.453
48	54	14.056
48	55	18.618
48	56	18.924
48	57	15.74
48	58	12.372
48	59	15.3
48	60	11.535
48	61	10.448
48	62	13.098
48	63	7.7366
48	64	8.0829
48	65	9.0637
48	66	13.281
48	67	13.041
48	68	8.1717
48	69	11.906
48	70	9.1813
48	71	11.621
48	72	7.4515
48	73	10.411
48	74	8.5442
48	75	8.2902
48	76	14.021
48	77	7.8566
49	50	105.67
49	51	44.091
49	52	30.909
49	53	16.761
49	54	12.646
49	55	9.0472
49	56	11.768
49	57	11.885
49	58	12.52
49	59	6.4558
49	60	12.496
49	61	12.889
49	62	14.558
49	63	13.083
49	64	10.722
49	65	12.609
49	66	14.344
49	67	9.1686
49	68	8.9076
49	69	11.642
49	70	8.1094
49	71	10.799
49	72	10.882
49	73	13.701
49	74	10.639
49	75	7.4943
49	76	10.238
49	77	15.268
50	51	141.77
50	52	46.615
50	53	31.475
50	54	20.655
50	55	11.699
50	56	16.068
50	57	23.937
50	58	14.558
50	59	9.8756
50	60	10.896
50	61	16.271
50	62	14.774
50	63	12.795
50	64	17.061
50	65	14.653
50	66	14.533
50	67	12.258
50	68	11.176
50	69	12.178
50	70	6.6979
50	71	8.4748
50	72	10.304
50	73	9.354
50	74	9.6803
50	75	10.859
50	76	8.0362
50	77	8.0362
51	52	130.94
51	53	61.659
51	54	32.46
51	55	26.042
51	56	23.923
51	57	21.519
51	58	21.678
51	59	29.157
51	60	17.206
51	61	16.902
51	62	15.346
51	63	9.6236
51	64	11.138
51	65	9.6395
51	66	15.584
51	67	12.732
51	68	10.64
51	69	11.131
51	70	8.8135
51	71	11.149
51	72	10.14
51	73	12.305
51	74	7.5422
51	75	6.8929
51	76	10.197
51	77	10.197
52	53	141.95
52	54	53.418
52	55	28.092
52	56	24.243
52	57	26.491
52	58	26.952
52	59	15.505
52	60	22.419
52	61	16.721
52	62	16.553
52	63	13.138
52	64	10.513
52	65	17.061
52	66	12.525
52	67	9.3134
52	68	7.1733
52	69	10.512
52	70	5.9688
52	71	10.455
52	72	11.157
52	73	13.47
52	74	5.9754
52	75	8.6885
52	76	5.5065
52	77	8.2196
53	54	160.64
53	55	47.662
53	56	31.757
53	57	32.213
53	58	22.175
53	59	23.245
53	60	12.709
53	61	10.845
53	62	10.007
53	63	12.861
53	64	11.843
53	65	9.0202
53	66	10.936
53	67	12.951
53	68	5.43
53	69	5.6812
53	70	8.2467
53	71	10.982
53	72	6.8532
53	73	12.73
53	74	5.6454
53	75	4.691
53	76	8.6763
53	77	15.536
54	55	206.79
54	56	54.195
54	57	27.298
54	58	22.284
54	59	23.892
54	60	19.508
54	61	6.3636
54	62	7.632
54	63	7.5076
54	64	6.6492
54	65	10.575
54	66	11.759
54	67	7.3163
54	68	5.8183
54	69	5.0053
54	70	4.0903
54	71	12.292
54	72	4.3632
54	73	12.195
54	74	4.4465
54	75	3.4674
54	76	10.251
54	77	18.412
55	56	128.23
55	57	39.759
55	58	26.366
55	59	38.935
55	60	22.628
55	61	7.2516
55	62	7.4933
55	63	5.2656
55	64	3.4971
55	65	7.0245
55	66	15.181
55	67	12.183
55	68	7.79
55	69	3.5094
55	70	6.9914
55	71	17.003
55	72	5.8968
55	73	12.817
55	74	4.6753
55	75	1.4576
55	76	6.4558
55	77	19.331
56	57	174.37
56	58	49.523
56	59	50.658
56	60	38.916
56	61	13.424
56	62	11.35
56	63	13.711
56	64	11.796
56	65	14.658
56	66	14.074
56	67	11.1
56	68	8.5819
56	69	6.1917
56	70	6.2039
56	71	13.08
56	72	8.1798
56	73	16.648
56	74	7.2978
56	75	7.6997
56	76	12.413
56	77	9.2804
57	58	122
57	59	44.902
57	60	35.089
57	61	24.565
57	62	14.31
57	63	18.526
57	64	18.498
57	65	14.616
57	66	12.623
57	67	12.201
57	68	8.3741
57	69	10.192
57	70	6.2203
57	71	9.5519
57	72	9.1521
57	73	12.372
57	74	8.1738
57	75	7.1855
57	76	9.7451
57	77	7.918
58	59	117.93
58	60	48.975
58	61	29.706
58	62	19.67
58	63	19.833
58	64	16.318
58	65	17.387
58	66	8.8392
58	67	13.972
58	68	8.7666
58	69	6.6356
58	70	7.9644
58	71	8.8895
58	72	8.5466
58	73	13.104
58	74	12.71
58	75	7.6063
58	76	11.247
58	77	11.247
59	60	168.7
59	61	25.544
59	62	11.022
59	63	16.772
59	64	15.821
59	65	15.325
59	66	20.498
59	67	12.568
59	68	6.2518
59	69	7.1034
59	70	8.5299
59	71	19.038
59	72	6.1042
59	73	11.936
59	74	5.9915
59	75	6.1112
59	76	13.041
59	77	53.995
60	61	88.825
60	62	47.136
60	63	32.327
60	64	26.581
60	65	30.337
60	66	21.615
60	67	17.574
60	68	9.6288
60	69	11.007
60	70	5.8906
60	71	19.17
60	72	14.328
60	73	15.894
60	74	9.5858
60	75	9.6773
60	76	14.325
60	77	22.648
61	62	125.5
61	63	81.045
61	64	41.282
61	65	39.349
61	66	16.05
61	67	24.642
61	68	16.909
61	69	25.974
61	70	19.295
61	71	11.348
61	72	22.297
61	73	11.872
61	74	13.113
61	75	11.492
61	76	14.315
61	77	7.9986
62	63	111.55
62	64	55.071
62	65	35.602
62	66	16.397
62	67	22.184
62	68	22.695
62	69	23.622
62	70	18.146
62	71	11.466
62	72	15.15
62	73	13.797
62	74	20.077
62	75	22.657
62	76	11.166
62	77	15.339
63	64	72.167
63	65	48.244
63	66	16.623
63	67	34.067
63	68	27.335
63	69	23.758
63	70	24.265
63	71	16.678
63	72	14.397
63	73	17.12
63	74	17.008
63	75	20.011
63	76	16.91
63	77	16.91
64	65	153.45
64	66	39.166
64	67	47.169
64	68	36.547
64	69	23.652
64	70	33.868
64	71	10.697
64	72	15.355
64	73	16.979
64	74	13.22
64	75	15.178
64	76	14.015
64	77	16.694
65	66	147.37
65	67	72.023
65	68	31.114
65	69	25.232
65	70	21.686
65	71	18.471
65	72	27.97
65	73	17.047
65	74	17.343
65	75	17.775
65	76	11.258
65	77	25.159
66	67	111.28
66	68	36.008
66	69	35.586
66	70	19.004
66	71	20.594
66	72	11.511
66	73	21.413
66	74	14.688
66	75	8.535
66	76	20.739
66	77	24.18
67	68	144.86
67	69	81.352
67	70	51.954
67	71	43.57
67	72	26.215
67	73	25.828
67	74	23.415
67	75	25.688
67	76	27.693
67	77	27.693
68	69	137.09
68	70	65.154
68	71	23.844
68	72	42.899
68	73	21.201
68	74	35.441
68	75	27.777
68	76	22.312
68	77	7.9699
69	70	160.77
69	71	46.35
69	72	43.876
69	73	36.013
69	74	34.615
69	75	35.491
69	76	22.477
69	77	16.758
70	71	80.691
70	72	73.28
70	73	46.342
70	74	46.25
70	75	36.097
70	76	33.583
70	77	15.421
71	72	161.41
71	73	126.99
71	74	39.006
71	75	31.636
71	76	40.152
71	77	40.152
72	73	158.11
72	74	53.967
72	75	55.912
72	76	40.716
72	77	37.501
73	74	142.48
73	75	70.83
73	76	104.38
73	77	86.245
74	75	165.53
74	76	97.136
74	77	50.246
75	76	165.95
75	77	72.964
76	77	597.11
