1	2	137.28
1	3	85.574
1	4	25.089
1	5	83.723
1	6	32.886
1	7	73.161
1	8	42.122
1	9	42.122
1	10	28.649
1	11	28.649
1	12	28.649
1	13	28.649
1	14	12.702
1	15	8.6939
1	16	6.9801
1	17	12.24
1	18	20.192
1	19	6.6185
1	20	6.6185
1	21	6.6185
1	22	6.6185
1	23	6.6185
1	24	6.6185
1	25	6.6185
1	26	6.6185
1	27	37.62
1	28	12.574
1	29	6.635
1	30	14.358
1	31	8.5284
1	32	8.5284
1	33	7.652
1	34	12.043
1	35	12.043
1	36	8.6978
1	37	8.6978
1	38	8.6978
1	39	6.9808
1	40	8.0101
1	41	6.7189
1	42	6.7189
1	43	14.863
1	44	14.863
1	45	14.863
1	46	17.121
1	47	17.121
1	48	17.121
1	49	17.731
1	50	17.731
1	51	17.731
1	52	17.731
1	53	17.731
1	54	7.429
1	55	7.429
1	56	7.429
1	57	16.796
1	58	16.796
1	59	16.796
1	60	16.796
1	61	16.796
1	62	8.7153
1	63	22.467
1	64	8.6984
1	65	11.966
1	66	11.966
1	67	6.9948
1	68	6.9948
1	69	18.738
1	70	10.552
1	71	10.552
1	72	8.3819
1	73	8.3819
1	74	8.9463
1	75	6.8207
1	76	6.8207
1	77	6.8207
1	78	6.9023
1	79	6.9023
1	80	6.773
1	81	6.773
1	82	6.773
1	83	6.773
2	3	140.15
2	4	120.17
2	5	85.131
2	6	73.922
2	7	68.397
2	8	65.937
2	9	41.601
2	10	27.68
2	11	8.1158
2	12	16.199
2	13	18.196
2	14	12.87
2	15	10.119
2	16	14.252
2	17	21.444
2	18	21.606
2	19	7.6853
2	20	17.108
2	21	3.3312
2	22	3.7695
2	23	3.7695
2	24	3.1414
2	25	5.5909
2	26	10.028
2	27	29.285
2	28	34.694
2	29	7.7208
2	30	8.376
2	31	7.4382
2	32	5.9421
2	33	8.8761
2	34	5.2521
2	35	3.8732
2	36	12.642
2	37	8.6778
2	38	7.9482
2	39	7.9482
2	40	4.6454
2	41	3.8951
2	42	3.8082
2	43	8.6134
2	44	2.1301
2	45	2.1301
2	46	2.1301
2	47	2.1301
2	48	2.2808
2	49	5.1336
2	50	4.3709
2	51	4.3709
2	52	4.4488
2	53	5.1704
2	54	4.3138
2	55	4.3138
2	56	4.3138
2	57	2.4447
2	58	2.4447
2	59	3.7662
2	60	2.2382
2	61	2.2382
2	62	2.5287
2	63	2.5287
2	64	2.5184
2	65	2.5184
2	66	3.0362
2	67	8.0951
2	68	8.275
2	69	13.5
2	70	6.0893
2	71	6.4908
2	72	2.4267
2	73	7.3674
2	74	5.173
2	75	7.9199
2	76	13.19
2	77	2.0921
2	78	10.057
2	79	4.293
2	80	11.785
2	81	7.4467
2	82	8.1002
2	83	8.1002
3	4	87.106
3	5	79.931
3	6	79.445
3	7	39.31
3	8	33.086
3	9	86.938
3	10	28.8
3	11	25.438
3	12	23.614
3	13	18.982
3	14	23.107
3	15	18.371
3	16	10.524
3	17	14.765
3	18	10.149
3	19	26.031
3	20	15.872
3	21	27.795
3	22	27.795
3	23	8.3155
3	24	6.5497
3	25	14.509
3	26	26.208
3	27	9.4567
3	28	20.935
3	29	16.025
3	30	4.3291
3	31	5.1441
3	32	12.358
3	33	16.194
3	34	9.1085
3	35	6.0027
3	36	5.2501
3	37	11.188
3	38	2.0628
3	39	4.2197
3	40	2.4215
3	41	4.0683
3	42	4.0683
3	43	4.0683
3	44	6.6674
3	45	7.6909
3	46	2.5869
3	47	6.6798
3	48	6.6798
3	49	2.6766
3	50	4.5686
3	51	5.1911
3	52	4.6406
3	53	4.6406
3	54	4.487
3	55	4.227
3	56	12.03
3	57	7.5948
3	58	2.9873
3	59	2.9873
3	60	2.3438
3	61	2.7762
3	62	2.6322
3	63	13.564
3	64	5.2617
3	65	10.833
3	66	6.3438
3	67	8.4812
3	68	10.794
3	69	11.338
3	70	9.5652
3	71	3.3972
3	72	2.536
3	73	12.903
3	74	5.4118
3	75	12.376
3	76	3.9067
3	77	4.3556
3	78	2.082
3	79	4.4858
3	80	8.1928
3	81	5.1701
3	82	11.279
3	83	11.279
4	5	177.82
4	6	109.17
4	7	115.51
4	8	87.256
4	9	28.667
4	10	34.224
4	11	22.324
4	12	4.4558
4	13	14.995
4	14	10.126
4	15	5.7715
4	16	8.3385
4	17	8.9357
4	18	13.401
4	19	7.0328
4	20	5.224
4	21	1.529
4	22	1.529
4	23	2.4389
4	24	1.4401
4	25	5.1063
4	26	17.258
4	27	27.467
4	28	20.044
4	29	7.0466
4	30	9.5298
4	31	4.5282
4	32	2.7149
4	33	4.0647
4	34	7.1976
4	35	10.568
4	36	9.2374
4	37	5.9145
4	38	2.7215
4	39	2.781
4	40	3.1912
4	41	2.6776
4	42	2.6194
4	43	2.9611
4	44	2.9611
4	45	2.9611
4	46	2.9611
4	47	1.4675
4	48	2.0885
4	49	1.177
4	50	2.0065
4	51	3.424
4	52	3.0567
4	53	1.182
4	54	1.9728
4	55	3.7254
4	56	3.7254
4	57	6.6877
4	58	3.9491
4	59	1.7309
4	60	4.1144
4	61	1.2197
4	62	3.4715
4	63	2.9829
4	64	5.7768
4	65	4.7655
4	66	1.3933
4	67	4.6473
4	68	7.5798
4	69	8.7096
4	70	1.4012
4	71	1.4012
4	72	4.4535
4	73	6.7907
4	74	2.3764
4	75	6.3411
4	76	6.0132
4	77	6.6986
4	78	6.4132
4	79	11.815
4	80	3.5978
4	81	2.2733
4	82	9.9195
4	83	9.9195
5	6	186.99
5	7	116.49
5	8	62.216
5	9	63.693
5	10	32.408
5	11	12.418
5	12	19.805
5	13	7.418
5	14	10.329
5	15	8.992
5	16	7.2199
5	17	26.24
5	18	15.918
5	19	8.8048
5	20	6.7818
5	21	1.6986
5	22	5.7602
5	23	4.0655
5	24	4.0655
5	25	2.8403
5	26	19.191
5	27	19.468
5	28	17.663
5	29	9.8033
5	30	4.2438
5	31	3.7768
5	32	4.0295
5	33	1.1305
5	34	7.1234
5	35	9.8072
5	36	8.9912
5	37	4.3907
5	38	2.0194
5	39	2.0634
5	40	1.1832
5	41	1.9862
5	42	3.8852
5	43	2.196
5	44	2.196
5	45	1.8785
5	46	2.5284
5	47	1.6296
5	48	1.6296
5	49	1.3088
5	50	2.232
5	51	7.6139
5	52	4.5338
5	53	1.3146
5	54	3.2936
5	55	3.2936
5	56	3.2936
5	57	3.7211
5	58	3.7211
5	59	1.9223
5	60	2.2879
5	61	2.711
5	62	2.5739
5	63	6.6446
5	64	2.5696
5	65	3.5345
5	66	4.6449
5	67	4.1357
5	68	14.754
5	69	9.6739
5	70	6.2271
5	71	4.9767
5	72	7.4296
5	73	5.0304
5	74	3.9622
5	75	6.0478
5	76	9.5624
5	77	9.5792
5	78	5.099
5	79	8.7611
5	80	4.005
5	81	3.7933
5	82	6.8913
5	83	6.7224
6	7	147.15
6	8	101.17
6	9	56.387
6	10	33.232
6	11	24.386
6	12	13.629
6	13	7.6435
6	14	15.49
6	15	13.615
6	16	13.961
6	17	10.642
6	18	16.385
6	19	8.6435
6	20	7.989
6	21	6.0139
6	22	5.6695
6	23	2.3982
6	24	4.7196
6	25	5.8561
6	26	14.329
6	27	22.899
6	28	18.063
6	29	11.543
6	30	7.4912
6	31	6.6775
6	32	4.1513
6	33	5.3285
6	34	7.8612
6	35	7.4998
6	36	6.8106
6	37	4.5195
6	38	3.566
6	39	5.4672
6	40	5.5777
6	41	7.6056
6	42	5.7243
6	43	4.5287
6	44	3.1987
6	45	1.1106
6	46	2.98
6	47	0.96226
6	48	2.7371
6	49	0.77132
6	50	5.9169
6	51	0.74783
6	52	3.3395
6	53	2.3239
6	54	1.9388
6	55	1.9388
6	56	1.1562
6	57	2.1908
6	58	3.4493
6	59	1.1349
6	60	2.0226
6	61	4.7983
6	62	3.0338
6	63	1.9538
6	64	3.7866
6	65	2.0821
6	66	4.5683
6	67	8.5311
6	68	8.0752
6	69	7.3434
6	70	8.2668
6	71	2.9388
6	72	1.4596
6	73	5.9375
6	74	7.79
6	75	7.1246
6	76	3.9399
6	77	3.7637
6	78	5.4022
6	79	6.4531
6	80	4.1256
6	81	7.4478
6	82	4.8761
6	83	7.9216
7	8	166.02
7	9	99.182
7	10	41.918
7	11	19.287
7	12	9.6329
7	13	5.3963
7	14	10.389
7	15	7.4781
7	16	12.001
7	17	13.148
7	18	16.775
7	19	9.6828
7	20	7.333
7	21	3.9673
7	22	3.367
7	23	2.3725
7	24	4.6684
7	25	3.3089
7	26	7.4572
7	27	26.405
7	28	18.393
7	29	6.8471
7	30	3.7029
7	31	2.935
7	32	3.5174
7	33	3.2927
7	34	5.1793
7	35	10.835
7	36	2.2448
7	37	5.7446
7	38	2.3505
7	39	4.2038
7	40	2.0682
7	41	4.0484
7	42	1.6976
7	43	1.2793
7	44	1.8977
7	45	1.8977
7	46	2.9473
7	47	2.9473
7	48	0.67668
7	49	3.0517
7	50	1.9505
7	51	0.7399
7	52	1.9811
7	53	3.8303
7	54	1.9171
7	55	1.2089
7	56	1.2089
7	57	0.72211
7	58	1.7062
7	59	1.7062
7	60	3.3337
7	61	5.5375
7	62	4.5002
7	63	3.8627
7	64	2.9957
7	65	4.1176
7	66	1.8072
7	67	6.0235
7	68	9.8246
7	69	6.4583
7	70	1.8177
7	71	2.9086
7	72	1.4433
7	73	5.873
7	74	7.7049
7	75	7.6301
7	76	5.5638
7	77	3.1011
7	78	3.5605
7	79	10.209
7	80	5.8268
7	81	5.8925
7	82	4.0202
7	83	7.8344
8	9	134.92
8	10	67.268
8	11	32.499
8	12	16.964
8	13	10.068
8	14	10.771
8	15	11.623
8	16	11.19
8	17	14.166
8	18	31.764
8	19	10.624
8	20	8.7695
8	21	2.0551
8	22	2.0551
8	23	4.096
8	24	0.96749
8	25	2.5715
8	26	10.82
8	27	21.212
8	28	12.897
8	29	6.5039
8	30	8.3103
8	31	3.8003
8	32	3.0372
8	33	4.7767
8	34	9.1264
8	35	10.634
8	36	10.855
8	37	1.9836
8	38	4.2618
8	39	2.4893
8	40	2.1433
8	41	2.3976
8	42	4.6915
8	43	2.6517
8	44	2.6517
8	45	1.1389
8	46	0.76357
8	47	1.9737
8	48	1.4023
8	49	3.9528
8	50	0.67372
8	51	1.533
8	52	5.4742
8	53	1.5875
8	54	1.324
8	55	1.2517
8	56	2.3705
8	57	1.4961
8	58	1.7669
8	59	1.1637
8	60	1.382
8	61	4.9185
8	62	2.3319
8	63	4.0009
8	64	2.3284
8	65	4.2658
8	66	2.8093
8	67	10.616
8	68	8.274
8	69	8.3667
8	70	3.7673
8	71	2.0091
8	72	1.4959
8	73	7.6106
8	74	6.3874
8	75	4.8664
8	76	4.6117
8	77	6.4272
8	78	6.1473
8	79	11.904
8	80	3.6223
8	81	1.5262
8	82	4.165
8	83	4.165
9	10	87.244
9	11	128.26
9	12	59.638
9	13	19.154
9	14	34
9	15	26.475
9	16	31.852
9	17	13.965
9	18	10.239
9	19	10.103
9	20	30.033
9	21	30.033
9	22	19.823
9	23	6.9975
9	24	6.9975
9	25	14.639
9	26	52.906
9	27	19.086
9	28	9.6
9	29	5.0527
9	30	5.4618
9	31	6.4907
9	32	20.786
9	33	20.786
9	34	9.1878
9	35	15.14
9	36	6.6223
9	37	11.289
9	38	5.2059
9	39	5.2059
9	40	6.1094
9	41	6.1094
9	42	6.1094
9	43	6.1094
9	44	5.6086
9	45	5.6086
9	46	5.6086
9	47	5.6086
9	48	5.6086
9	49	6.7576
9	50	5.7668
9	51	6.5575
9	52	11.709
9	53	13.561
9	54	13.561
9	55	13.561
9	56	10.125
9	57	12.777
9	58	12.777
9	59	9.9329
9	60	11.833
9	61	11.833
9	62	11.833
9	63	11.833
9	64	6.6391
9	65	6.6391
9	66	16.006
9	67	21.396
9	68	21.396
9	69	7.1569
9	70	7.1569
9	71	17.159
9	72	17.159
9	73	17.159
9	74	6.8289
9	75	6.8289
9	76	4.9279
9	77	4.9279
9	78	10.504
9	79	5.6598
9	80	5.6598
9	81	13.052
9	82	7.1205
9	83	7.1205
10	11	201.25
10	12	48.558
10	13	17.772
10	14	23.159
10	15	21.968
10	16	19.746
10	17	21.026
10	18	33.323
10	19	16.743
10	20	17.247
10	21	4.6504
10	22	2.6289
10	23	2.7829
10	24	4.383
10	25	8.7443
10	26	14.018
10	27	17.743
10	28	19.093
10	29	9.3895
10	30	8.7031
10	31	10.337
10	32	6.8922
10	33	10.834
10	34	11.579
10	35	14.079
10	36	4.3945
10	37	4.5003
10	38	4.1436
10	39	3.5295
10	40	1.62
10	41	4.0803
10	42	5.3224
10	43	5.2623
10	44	2.2299
10	45	5.1481
10	46	0.86523
10	47	1.1161
10	48	2.3849
10	49	3.5818
10	50	5.3461
10	51	5.3461
10	52	4.6561
10	53	3.5982
10	54	5.2556
10	55	2.8287
10	56	2.8287
10	57	0.8481
10	58	2.0014
10	59	1.3162
10	60	1.5665
10	61	1.8567
10	62	9.6888
10	63	6.8133
10	64	2.6392
10	65	9.673
10	66	6.3643
10	67	10.625
10	68	7.2186
10	69	5.6827
10	70	7.4614
10	71	7.4614
10	72	3.3915
10	73	3.4475
10	74	8.1412
10	75	4.8302
10	76	6.5408
10	77	3.6434
10	78	6.974
10	79	8.9983
10	80	3.425
10	81	0.86501
10	82	9.4323
10	83	9.1968
11	12	172.82
11	13	63.225
11	14	28.272
11	15	20.602
11	16	28.923
11	17	23.532
11	18	7.9643
11	19	13.741
11	20	7.7764
11	21	3.4219
11	22	3.4219
11	23	8.1838
11	24	9.6593
11	25	14.249
11	26	20.57
11	27	20.407
11	28	16.772
11	29	17.687
11	30	12.752
11	31	12.644
11	32	2.0198
11	33	2.2702
11	34	8.9189
11	35	9.8156
11	36	18.048
11	37	13.183
11	38	4.0495
11	39	4.139
11	40	7.1289
11	41	7.9734
11	42	5.8525
11	43	2.2051
11	44	4.362
11	45	3.7943
11	46	5.082
11	47	3.2891
11	48	6.9982
11	49	7.8938
11	50	4.4852
11	51	2.5537
11	52	13.658
11	53	13.658
11	54	6.6081
11	55	4.1789
11	56	3.9482
11	57	2.4876
11	58	8.8258
11	59	7.7521
11	60	4.5999
11	61	4.5999
11	62	12.925
11	63	12.925
11	64	5.1647
11	65	5.1647
11	66	9.3501
11	67	4.1537
11	68	2.1162
11	69	2.7869
11	70	2.7869
11	71	6.6948
11	72	7.4656
11	73	10.135
11	74	5.3154
11	75	2.0226
11	76	7.6655
11	77	7.6655
11	78	7.6655
11	79	4.3999
11	80	6.0262
11	81	5.0792
11	82	11.097
11	83	11.097
12	13	139.91
12	14	41.502
12	15	42.219
12	16	20.654
12	17	21.011
12	18	15.935
12	19	17.273
12	20	14.778
12	21	23.15
12	22	10.775
12	23	11.953
12	24	16.691
12	25	13.661
12	26	12.325
12	27	9.6517
12	28	11.94
12	29	11.789
12	30	11.894
12	31	20.183
12	32	16.156
12	33	13.606
12	34	12.146
12	35	7.8542
12	36	16.475
12	37	8.7841
12	38	4.046
12	39	10.757
12	40	6.6458
12	41	11.164
12	42	7.0212
12	43	7.9316
12	44	6.0984
12	45	12.058
12	46	8.1117
12	47	6.5397
12	48	7.4532
12	49	5.2459
12	50	8.9518
12	51	5.0852
12	52	10.006
12	53	4.2158
12	54	2.6394
12	55	1.6556
12	56	1.5712
12	57	8.9407
12	58	4.687
12	59	10.792
12	60	6.428
12	61	4.352
12	62	7.2248
12	63	5.3221
12	64	5.1561
12	65	9.9171
12	66	11.189
12	67	7.4771
12	68	3.3854
12	69	3.3306
12	70	4.9962
12	71	13.311
12	72	7.9518
12	73	9.0947
12	74	3.1811
12	75	3.2356
12	76	1.5329
12	77	2.562
12	78	3.2683
12	79	2.6373
12	80	8.8333
12	81	4.0543
12	82	11.051
12	83	11.051
13	14	140.8
13	15	53.061
13	16	27.76
13	17	23.512
13	18	21.403
13	19	25.472
13	20	14.788
13	21	19.924
13	22	5.2057
13	23	6.107
13	24	8.6502
13	25	7.6585
13	26	10.357
13	27	7.4758
13	28	6.672
13	29	8.7999
13	30	16.178
13	31	5.6615
13	32	10.849
13	33	10.16
13	34	13.573
13	35	4.3959
13	36	8.0825
13	37	8.8591
13	38	4.5318
13	39	2.779
13	40	5.3186
13	41	7.1357
13	42	7.8542
13	43	13.817
13	44	4.8798
13	45	4.8798
13	46	4.5497
13	47	7.3616
13	48	5.2201
13	49	3.5338
13	50	4.0133
13	51	5.7133
13	52	2.0375
13	53	4.7292
13	54	4.9292
13	55	1.8706
13	56	1.7676
13	57	4.4566
13	58	2.6349
13	59	1.736
13	60	3.0868
13	61	4.8863
13	62	4.6304
13	63	8.9325
13	64	13.869
13	65	7.9409
13	66	11.162
13	67	7.4332
13	68	6.6295
13	69	6.2356
13	70	5.6168
13	71	5.9946
13	72	1.1136
13	73	5.6684
13	74	9.5166
13	75	3.6208
13	76	6.0056
13	77	2.8708
13	78	2.7454
13	79	3.9377
13	80	5.392
13	81	3.4101
13	82	7.4512
13	83	12.09
14	15	108.59
14	16	33.697
14	17	29.923
14	18	28.41
14	19	26.249
14	20	18.95
14	21	15.541
14	22	12.316
14	23	8.0471
14	24	8.7688
14	25	10.34
14	26	20.418
14	27	7.9799
14	28	15.627
14	29	13.808
14	30	12.514
14	31	10.318
14	32	10.528
14	33	5.1478
14	34	8.4889
14	35	4.8903
14	36	4.092
14	37	7.9616
14	38	8.2591
14	39	7.9761
14	40	7.5449
14	41	5.8759
14	42	8.4032
14	43	5.5022
14	44	4.9462
14	45	4.3121
14	46	2.3064
14	47	2.2431
14	48	2.6448
14	49	7.166
14	50	4.5793
14	51	4.0581
14	52	6.1945
14	53	4.1913
14	54	3.4955
14	55	4.7502
14	56	3.5863
14	57	6.2023
14	58	7.34
14	59	2.6419
14	60	4.6972
14	61	8.054
14	62	4.1051
14	63	6.0261
14	64	6.4453
14	65	5.629
14	66	9.1952
14	67	6.5958
14	68	7.1974
14	69	3.1655
14	70	9.9761
14	71	3.8029
14	72	5.0808
14	73	6.3309
14	74	1.8097
14	75	8.7121
14	76	3.473
14	77	2.4233
14	78	2.3147
14	79	5.9877
14	80	5.4642
14	81	3.4559
14	82	7.558
14	83	3.0606
15	16	86.747
15	17	52.395
15	18	30.356
15	19	40.182
15	20	26.52
15	21	24.372
15	22	13.192
15	23	15.214
15	24	8.9798
15	25	13.273
15	26	19.116
15	27	6.3492
15	28	10.987
15	29	13.43
15	30	10.575
15	31	16.485
15	32	11.913
15	33	7.7422
15	34	7.7542
15	35	12.216
15	36	9.6054
15	37	4.7877
15	38	9.4303
15	39	6.4211
15	40	5.1576
15	41	9.2679
15	42	5.4393
15	43	6.1513
15	44	4.732
15	45	4.6955
15	46	6.2996
15	47	9.1448
15	48	5.0635
15	49	5.7082
15	50	6.9459
15	51	7.9045
15	52	6.3511
15	53	6.5539
15	54	6.8349
15	55	6.4545
15	56	1.2217
15	57	3.8649
15	58	2.7385
15	59	3.5983
15	60	4.9835
15	61	4.2239
15	62	6.4149
15	63	6.2022
15	64	10.4
15	65	4.4043
15	66	8.6857
15	67	5.1444
15	68	5.2482
15	69	0.86129
15	70	11.643
15	71	4.1397
15	72	9.2505
15	73	9.3978
15	74	6.5818
15	75	6.9011
15	76	5.3591
15	77	5.9674
15	78	2.5411
15	79	2.0448
15	80	6.2289
15	81	3.1499
15	82	9.4485
15	83	8.3828
16	17	138.14
16	18	97.105
16	19	55.195
16	20	27.557
16	21	16.15
16	22	9.6223
16	23	7.4596
16	24	6.4035
16	25	6.3959
16	26	21.075
16	27	15.308
16	28	12.528
16	29	13.236
16	30	12.217
16	31	11.975
16	32	11.072
16	33	9.5996
16	34	9.781
16	35	7.8554
16	36	7.0702
16	37	6.0493
16	38	7.5722
16	39	7.2145
16	40	6.502
16	41	5.4507
16	42	7.7525
16	43	4.3853
16	44	4.8802
16	45	4.7064
16	46	2.5268
16	47	1.6277
16	48	4.0625
16	49	3.2709
16	50	5.5701
16	51	5.0703
16	52	3.3964
16	53	1.973
16	54	3.2914
16	55	3.1032
16	56	4.8976
16	57	3.1048
16	58	0.73294
16	59	2.8855
16	60	5.136
16	61	5.419
16	62	5.7918
16	63	6.6421
16	64	3.8497
16	65	7.0726
16	66	6.1909
16	67	5.154
16	68	5.2624
16	69	3.4494
16	70	6.9994
16	71	4.1475
16	72	4.9446
16	73	7.5281
16	74	5.9357
16	75	9.5648
16	76	3.826
16	77	3.7247
16	78	5.104
16	79	5.4659
16	80	3.9973
16	81	6.9505
16	82	5.5107
16	83	3.3659
17	18	152.83
17	19	64.636
17	20	30.075
17	21	11.182
17	22	2.5327
17	23	6.541
17	24	7.0173
17	25	11.216
17	26	20.146
17	27	15.455
17	28	18.701
17	29	16.331
17	30	10.247
17	31	9.3963
17	32	5.7341
17	33	6.4334
17	34	11.687
17	35	9.9015
17	36	9.5813
17	37	6.7526
17	38	5.3101
17	39	0.90325
17	40	4.1446
17	41	3.9075
17	42	6.3678
17	43	4.8037
17	44	4.2765
17	45	4.2765
17	46	3.3218
17	47	3.3218
17	48	3.0517
17	49	4.587
17	50	2.44
17	51	5.5539
17	52	4.961
17	53	5.1896
17	54	1.4423
17	55	3.6281
17	56	0.85887
17	57	3.8118
17	58	2.571
17	59	0.84344
17	60	3.4993
17	61	5.3435
17	62	6.2058
17	63	1.4555
17	64	3.3736
17	65	3.1004
17	66	6.7844
17	67	4.5148
17	68	4.1506
17	69	4.8362
17	70	8.8615
17	71	3.6363
17	72	3.7913
17	73	5.4958
17	74	5.7802
17	75	6.1763
17	76	5.4508
17	77	3.7318
17	78	7.1611
17	79	4.3102
17	80	5.2532
17	81	4.4304
17	82	5.4345
17	83	2.9518
18	19	91.335
18	20	37.277
18	21	18.856
18	22	5.5702
18	23	3.2698
18	24	6.9461
18	25	6.8524
18	26	21.546
18	27	28.173
18	28	29.066
18	29	11.816
18	30	12.804
18	31	9.1176
18	32	9.7018
18	33	10.342
18	34	11.14
18	35	13.254
18	36	11.156
18	37	8.4849
18	38	3.4064
18	39	2.9804
18	40	3.9887
18	41	3.3431
18	42	5.1371
18	43	4.2268
18	44	5.2266
18	45	4.5414
18	46	3.0446
18	47	7.8471
18	48	5.5945
18	49	3.784
18	50	0.53683
18	51	1.8328
18	52	3.2739
18	53	1.9025
18	54	3.7013
18	55	1.9953
18	56	1.8893
18	57	2.9938
18	58	2.1204
18	59	1.8553
18	60	6.0498
18	61	3.9185
18	62	4.3432
18	63	4.3432
18	64	5.566
18	65	9.3766
18	66	2.9848
18	67	7.9466
18	68	9.131
18	69	7.3155
18	70	4.499
18	71	0.79991
18	72	4.7662
18	73	6.6511
18	74	12.08
18	75	5.3375
18	76	8.7606
18	77	4.104
18	78	9.8429
18	79	5.7952
18	80	10.594
18	81	4.8731
18	82	1.9925
18	83	6.4917
19	20	148.26
19	21	52.545
19	22	12.811
19	23	12.24
19	24	6.0848
19	25	20.883
19	26	35.211
19	27	11.838
19	28	15.846
19	29	19.507
19	30	16.576
19	31	10.752
19	32	10.497
19	33	12.33
19	34	11.378
19	35	9.2823
19	36	12.187
19	37	7.2752
19	38	7.6539
19	39	6.3554
19	40	6.1738
19	41	7.0595
19	42	4.6033
19	43	5.7285
19	44	6.1795
19	45	1.7926
19	46	3.0013
19	47	5.4349
19	48	6.0599
19	49	6.8377
19	50	4.2358
19	51	6.0295
19	52	6.9872
19	53	4.3667
19	54	3.1218
19	55	3.9455
19	56	4.6609
19	57	4.1161
19	58	3.4757
19	59	6.409
19	60	4.3432
19	61	6.4432
19	62	5.4976
19	63	3.1433
19	64	6.7082
19	65	5.0281
19	66	7.3583
19	67	8.3333
19	68	3.4975
19	69	6.5766
19	70	2.9629
19	71	3.1613
19	72	6.4629
19	73	5.9802
19	74	6.902
19	75	4.299
19	76	4.528
19	77	5.5535
19	78	4.8298
19	79	3.1166
19	80	6.1656
19	81	4.1986
19	82	9.172
19	83	12.758
20	21	140.96
20	22	32.635
20	23	13.402
20	24	16.575
20	25	18.675
20	26	18.645
20	27	13.453
20	28	11.333
20	29	13.795
20	30	15.91
20	31	17.154
20	32	15.119
20	33	19.114
20	34	10.014
20	35	11.024
20	36	13.876
20	37	6.6853
20	38	6.1572
20	39	8.2298
20	40	7.2267
20	41	7.4585
20	42	7.2971
20	43	8.253
20	44	8.6716
20	45	6.2174
20	46	4.7563
20	47	4.6176
20	48	3.8194
20	49	1.8472
20	50	6.2946
20	51	6.5713
20	52	4.2591
20	53	6.1777
20	54	6.6979
20	55	2.9336
20	56	1.8474
20	57	4.6571
20	58	2.0653
20	59	2.7217
20	60	3.2273
20	61	6.3845
20	62	4.8396
20	63	3.1119
20	64	6.6449
20	65	5.8089
20	66	7.2904
20	67	2.914
20	68	5.4441
20	69	6.5187
20	70	6.6061
20	71	3.9161
20	72	4.6564
20	73	7.7049
20	74	9.9468
20	75	5.2035
20	76	4.0343
20	77	5
20	78	3.8249
20	79	4.1161
20	80	3.2881
20	81	6.5352
20	82	4.5439
20	83	12.633
21	22	217.1
21	23	69.366
21	24	47.587
21	25	53.891
21	26	32.792
21	27	4.584
21	28	3.0732
21	29	16.176
21	30	15.737
21	31	11.424
21	32	10.811
21	33	13.076
21	34	5.1483
21	35	5.657
21	36	6.3588
21	37	9.9427
21	38	8.3298
21	39	9.3703
21	40	19.55
21	41	9.0317
21	42	7.2303
21	43	5.4439
21	44	12.56
21	45	15.517
21	46	11.486
21	47	9.4334
21	48	6.7151
21	49	9.7247
21	50	5.5325
21	51	10.478
21	52	5.62
21	53	9.7639
21	54	7.2478
21	55	22.184
21	56	11.328
21	57	5.112
21	58	12.065
21	59	12.702
21	60	6.6218
21	61	5.602
21	62	8.5003
21	63	2.7393
21	64	8.4947
21	65	7.2908
21	66	14.08
21	67	2.5671
21	68	1.7426
21	69	3.431
21	70	9.0075
21	71	23.308
21	72	9.2128
21	73	3.1233
21	74	7.6445
21	75	3.3309
21	76	3.1553
21	77	4.3958
21	78	5.0449
21	79	2.7161
21	80	4.135
21	81	4.1748
21	82	4.553
21	83	11.086
22	23	249.16
22	24	113.6
22	25	55.67
22	26	20.345
22	27	2.5959
22	28	4.3493
22	29	10.986
22	30	10.888
22	31	8.2224
22	32	9.4158
22	33	8.4552
22	34	8.329
22	35	5.4904
22	36	3.5967
22	37	9.21
22	38	10.372
22	39	4.8215
22	40	17.695
22	41	6.5052
22	42	1.8184
22	43	7.187
22	44	16.245
22	45	21.013
22	46	23.625
22	47	13.704
22	48	5.4277
22	49	8.5561
22	50	6.2614
22	51	9.4835
22	52	2.1197
22	53	6.1356
22	54	4.1026
22	55	13.495
22	56	9.1434
22	57	10.413
22	58	8.1892
22	59	7.1754
22	60	4.2815
22	61	10.133
22	62	2.4038
22	63	3.1029
22	64	7.2072
22	65	3.2997
22	66	8.6818
22	67	0.96844
22	68	2.9575
22	69	3.8776
22	70	8.7272
22	71	7.7441
22	72	3.4744
22	73	3.5313
22	74	6.1745
22	75	0.94251
22	76	2.679
22	77	1.989
22	78	2.8552
22	79	2.0489
22	80	5.6187
22	81	2.3622
22	82	3.8614
22	83	6.271
23	24	286.76
23	25	59.813
23	26	26.981
23	27	5.4836
23	28	4.898
23	29	14.191
23	30	9.7632
23	31	13.254
23	32	9.2825
23	33	8.9341
23	34	2.931
23	35	4.5124
23	36	2.5359
23	37	10.097
23	38	6.6428
23	39	9.5082
23	40	14.028
23	41	7.1972
23	42	6.4
23	43	7.2329
23	44	10.728
23	45	18.573
23	46	22.484
23	47	12.897
23	48	3.8243
23	49	8.6187
23	50	13.232
23	51	10.865
23	52	5.2261
23	53	6.9218
23	54	5.0571
23	55	13.621
23	56	7.7441
23	57	5.7097
23	58	8.6649
23	59	11.402
23	60	5.2779
23	61	10.721
23	62	6.7795
23	63	2.1844
23	64	3.3862
23	65	5.8145
23	66	11.225
23	67	2.7266
23	68	4.166
23	69	0.91175
23	70	4.1047
23	71	10.936
23	72	4.8956
23	73	5.8089
23	74	4.3528
23	75	4.6463
23	76	0.62899
23	77	2.8035
23	78	0.67063
23	79	0.67063
23	80	1.9776
23	81	4.1615
23	82	6.3553
23	83	6.3553
24	25	167.71
24	26	30.863
24	27	0.71914
24	28	6.5037
24	29	8.3764
24	30	4.9392
24	31	20.547
24	32	15.653
24	33	11.428
24	34	6.2267
24	35	5.3261
24	36	7.9853
24	37	8.5126
24	38	7.0576
24	39	8.0177
24	40	10.122
24	41	8.4967
24	42	4.5347
24	43	4.2701
24	44	13.511
24	45	14.64
24	46	8.8491
24	47	7.6199
24	48	9.031
24	49	13.231
24	50	7.8115
24	51	4.9353
24	52	4.4079
24	53	5.1093
24	54	5.1173
24	55	6.4408
24	56	27.452
24	57	10.594
24	58	13.646
24	59	14.97
24	60	6.232
24	61	11.608
24	62	3.002
24	63	7.7342
24	64	5.9978
24	65	2.7466
24	66	9.6441
24	67	1.6097
24	68	1.6398
24	69	2.1545
24	70	12.123
24	71	9.047
24	72	2.8904
24	73	3.9204
24	74	2.0564
24	75	1.5674
24	76	2.9702
24	77	2.483
24	78	2.483
24	79	1.7039
24	80	3.1126
24	81	4.914
24	82	3.2171
24	83	3.2171
25	26	84.599
25	27	6.3843
25	28	8.959
25	29	22.958
25	30	14.619
25	31	14.755
25	32	20.81
25	33	14.794
25	34	4.9032
25	35	5.4045
25	36	11.508
25	37	15.126
25	38	11.126
25	39	14.918
25	40	10.595
25	41	12.99
25	42	4.6814
25	43	12.098
25	44	12.714
25	45	14.269
25	46	6.0971
25	47	17.978
25	48	7.2013
25	49	11.724
25	50	6.148
25	51	6.9941
25	52	1.5614
25	53	8.1543
25	54	9.8289
25	55	11.415
25	56	6.7542
25	57	10.257
25	58	7.0647
25	59	9.2828
25	60	4.7264
25	61	11.212
25	62	3.5475
25	63	4.5741
25	64	7.0802
25	65	4.871
25	66	8.5388
25	67	2.1351
25	68	2.1351
25	69	5.7158
25	70	6.4387
25	71	6.8654
25	72	7.6754
25	73	4.3323
25	74	1.8201
25	75	4.8588
25	76	3.9519
25	77	1.4668
25	78	2.1078
25	79	1.5082
25	80	6.892
25	81	1.7421
25	82	6.6497
25	83	6.6497
26	27	98.06
26	28	62.276
26	29	63.813
26	30	39.41
26	31	50.796
26	32	31.232
26	33	20.359
26	34	14.349
26	35	12.136
26	36	17.537
26	37	16.298
26	38	12.52
26	39	7.0405
26	40	8.0856
26	41	7.4009
26	42	4.828
26	43	11.596
26	44	5.3963
26	45	7.0363
26	46	6.2868
26	47	9.1543
26	48	5.7712
26	49	7.3229
26	50	6.9358
26	51	6.316
26	52	5.6323
26	53	5.714
26	54	6.1292
26	55	3.8725
26	56	3.6617
26	57	4.6134
26	58	3.6357
26	59	8.3883
26	60	1.423
26	61	7.5956
26	62	5.5965
26	63	5.5965
26	64	6.3905
26	65	10.965
26	66	10.602
26	67	8.3559
26	68	7.2014
26	69	7.7593
26	70	6.791
26	71	15.523
26	72	8.4679
26	73	8.6246
26	74	5.7546
26	75	5.005
26	76	4.1473
26	77	5.2883
26	78	7.5808
26	79	6.1251
26	80	8.6969
26	81	11.778
26	82	8.5775
26	83	12.516
27	28	144.93
27	29	51.954
27	30	33.866
27	31	15.854
27	32	6.3255
27	33	8.112
27	34	18.357
27	35	14.549
27	36	12.703
27	37	9.3853
27	38	6.3459
27	39	5.0895
27	40	3.185
27	41	6.6721
27	42	5.2192
27	43	3.9376
27	44	1.9473
27	45	1.9473
27	46	1.7019
27	47	2.194
27	48	1.5634
27	49	2.9381
27	50	2.5003
27	51	2.2768
27	52	3.5577
27	53	1.7724
27	54	2.4624
27	55	2.4624
27	56	0.88015
27	57	3.9045
27	58	2.634
27	59	2.5937
27	60	1.0246
27	61	2.434
27	62	6.937
27	63	2.9809
27	64	4.6094
27	65	8.7348
27	66	7.6473
27	67	7.8644
27	68	13.23
27	69	9.2958
27	70	2.7949
27	71	2.2365
27	72	3.33
27	73	4.5072
27	74	6.5159
27	75	6.7796
27	76	6.0119
27	77	8.1239
27	78	12.376
27	79	10.306
27	80	2.2423
27	81	4.5394
27	82	6.188
27	83	6.0472
28	29	105.43
28	30	41.039
28	31	23.272
28	32	12.688
28	33	10.183
28	34	14.804
28	35	16.31
28	36	6.9458
28	37	9.8729
28	38	4.9982
28	39	3.7144
28	40	4.7978
28	41	4.4692
28	42	5.6837
28	43	2.4729
28	44	1.4675
28	45	1.7042
28	46	0.57016
28	47	4.4271
28	48	2.6166
28	49	1.7717
28	50	5.0295
28	51	4.5837
28	52	3.5736
28	53	3.5559
28	54	4.4481
28	55	2.8145
28	56	1.7719
28	57	1.676
28	58	1.9821
28	59	1.7403
28	60	4.1252
28	61	4.2854
28	62	4.642
28	63	4.4787
28	64	3.4755
28	65	4.7771
28	66	5.5926
28	67	8.8433
28	68	12.812
28	69	7.4979
28	70	5.6304
28	71	2.2533
28	72	4.4644
28	73	1.704
28	74	4.7685
28	75	6.3508
28	76	5.591
28	77	6.7139
28	78	7.7999
28	79	10.853
28	80	5.4054
28	81	7.4081
28	82	4.358
28	83	6.0619
29	30	154.79
29	31	82.055
29	32	44.963
29	33	31.685
29	34	18.592
29	35	15.843
29	36	17.102
29	37	14.088
29	38	11.032
29	39	10.288
29	40	8.4326
29	41	7.5421
29	42	11.066
29	43	7.301
29	44	5.6737
29	45	6.2734
29	46	3.0045
29	47	2.3268
29	48	9.3826
29	49	6.223
29	50	5.8302
29	51	8.4456
29	52	4.3072
29	53	7.5017
29	54	5.7363
29	55	3.9425
29	56	1.8649
29	57	4.1285
29	58	4.8766
29	59	6.4094
29	60	5.4324
29	61	4.5129
29	62	7.9546
29	63	4.7312
29	64	3.0523
29	65	5.0408
29	66	11.784
29	67	9.8128
29	68	3.0032
29	69	6.5736
29	70	11.85
29	71	9.4808
29	72	8.8226
29	73	9.5632
29	74	6.278
29	75	4.3081
29	76	3.1799
29	77	5.059
29	78	5.3311
29	79	6.7605
29	80	3.8015
29	81	8.4124
29	82	11.145
29	83	19.188
30	31	176.3
30	32	43.475
30	33	26.711
30	34	25.148
30	35	12.117
30	36	17.849
30	37	14.139
30	38	9.3437
30	39	10.069
30	40	6.6872
30	41	6.1152
30	42	8.4708
30	43	6.7648
30	44	9.4794
30	45	4.8419
30	46	3.2481
30	47	9.207
30	48	5.968
30	49	5.3819
30	50	4.0092
30	51	6.5163
30	52	8.1499
30	53	7.44
30	54	7.8963
30	55	4.2537
30	56	4.0294
30	57	1.9157
30	58	4.5216
30	59	1.9786
30	60	7.042
30	61	4.8768
30	62	2.6477
30	63	1.7073
30	64	3.959
30	65	10.001
30	66	4.7756
30	67	9.5413
30	68	6.4951
30	69	6.3857
30	70	5.5988
30	71	5.9715
30	72	3.8139
30	73	7.743
30	74	9.4963
30	75	6.2125
30	76	3.4427
30	77	6.567
30	78	5.774
30	79	3.3728
30	80	8.2202
30	81	7.1472
30	82	5.667
30	83	5.667
31	32	129.2
31	33	59.381
31	34	19.574
31	35	13.182
31	36	14.914
31	37	15.428
31	38	17.269
31	39	11.972
31	40	15.902
31	41	12.733
31	42	7.1158
31	43	10.73
31	44	5.3058
31	45	8.0458
31	46	10.815
31	47	5.9767
31	48	7.8056
31	49	7.199
31	50	4.7715
31	51	3.8768
31	52	3.4612
31	53	7.2301
31	54	4.6938
31	55	7.5872
31	56	11.972
31	57	6.0641
31	58	4.4742
31	59	10.581
31	60	9.7811
31	61	4.1421
31	62	9.438
31	63	4.057
31	64	3.1395
31	65	5.3989
31	66	7.5692
31	67	5.6811
31	68	2.5746
31	69	4.2228
31	70	10.466
31	71	8.1141
31	72	4.538
31	73	3.8421
31	74	8.8759
31	75	7.3873
31	76	4.0885
31	77	3.9015
31	78	2.4921
31	79	1.3376
31	80	9.7809
31	81	6.18
31	82	10.95
31	83	10.95
32	33	129.67
32	34	34.714
32	35	23.912
32	36	28.236
32	37	22.491
32	38	20.688
32	39	18.116
32	40	21.374
32	41	13.078
32	42	12.318
32	43	10.182
32	44	8.4789
32	45	5.533
32	46	11.733
32	47	11.171
32	48	7.938
32	49	5.755
32	50	5.446
32	51	9.9191
32	52	7.1916
32	53	10.276
32	54	6.9616
32	55	9.1215
32	56	1.9178
32	57	5.4505
32	58	4.2931
32	59	9.4169
32	60	11.167
32	61	5.3028
32	62	10.06
32	63	1.6187
32	64	6.2748
32	65	6.9036
32	66	14.388
32	67	6.0517
32	68	3.6006
32	69	4.7335
32	70	10.662
32	71	8.939
32	72	4.2314
32	73	6.7626
32	74	3.2274
32	75	3.934
32	76	2.3321
32	77	4.1586
32	78	4.4783
32	79	3.2068
32	80	5.3683
32	81	8.0239
32	82	8.7599
32	83	8.7599
33	34	110.17
33	35	37.025
33	36	57.758
33	37	36.637
33	38	25.994
33	39	18.655
33	40	22.713
33	41	10.343
33	42	9.0539
33	43	12.648
33	44	14.292
33	45	8.2824
33	46	13.183
33	47	8.9715
33	48	5.0954
33	49	14.368
33	50	9.7951
33	51	11.148
33	52	8.0807
33	53	7.211
33	54	6.6167
33	55	7.9721
33	56	10.773
33	57	8.1556
33	58	5.6222
33	59	8.4621
33	60	5.0223
33	61	8.1934
33	62	9.8856
33	63	7.2694
33	64	9.1664
33	65	6.7819
33	66	12.762
33	67	7.9398
33	68	2.8898
33	69	3.8014
33	70	7.7041
33	71	7.3047
33	72	5.4351
33	73	6.9146
33	74	6.5287
33	75	6.6294
33	76	2.6179
33	77	4.6702
33	78	4.467
33	79	3.604
33	80	7.1302
33	81	5.5471
33	82	9.8429
33	83	11.06
34	35	78.572
34	36	77.617
34	37	31.223
34	38	14.361
34	39	12.003
34	40	10.208
34	41	10.268
34	42	17.158
34	43	12.31
34	44	3.7461
34	45	3.2632
34	46	3.8205
34	47	4.235
34	48	4.5092
34	49	7.3492
34	50	9.1457
34	51	1.0965
34	52	9.7752
34	53	6.8111
34	54	8.0452
34	55	4.4877
34	56	0.848
34	57	4.2815
34	58	6.9602
34	59	3.3313
34	60	5.4276
34	61	5.8594
34	62	7.2227
34	63	5.7199
34	64	4.9899
34	65	4.5752
34	66	6.6924
34	67	5.7902
34	68	7.2688
34	69	10.163
34	70	4.7142
34	71	5.0318
34	72	5.8753
34	73	5.4337
34	74	7.4159
34	75	6.9499
34	76	4.944
34	77	4.1333
34	78	7.9122
34	79	7.0824
34	80	7.3306
34	81	8.1838
34	82	5.3627
34	83	5.8066
35	36	151.52
35	37	31.37
35	38	22.549
35	39	11.753
35	40	11.796
35	41	7.533
35	42	6.445
35	43	13.022
35	44	8.7594
35	45	11.639
35	46	6.6032
35	47	3.094
35	48	6.6181
35	49	1.8652
35	50	4.2339
35	51	4.8183
35	52	4.3032
35	53	6.2513
35	54	4.1703
35	55	8.8512
35	56	3.7246
35	57	3.5418
35	58	2.7873
35	59	6.4008
35	60	5.4215
35	61	5.794
35	62	7.3399
35	63	11.046
35	64	8.5352
35	65	5.8821
35	66	7.3554
35	67	6.8545
35	68	10.001
35	69	4.5887
35	70	9.609
35	71	6.3083
35	72	2.3492
35	73	2.9803
35	74	4.3872
35	75	4.7836
35	76	5.4546
35	77	8.5971
35	78	3.3962
35	79	5.1933
35	80	7.121
35	81	6.6059
35	82	10.476
35	83	6.3996
36	37	108.76
36	38	44.661
36	39	23.135
36	40	20.643
36	41	23.503
36	42	16.333
36	43	15.049
36	44	8.1184
36	45	2.3469
36	46	6.3036
36	47	3.0497
36	48	10.133
36	49	6.5269
36	50	6.2574
36	51	6.3281
36	52	7.0619
36	53	5.7364
36	54	8.2072
36	55	9.0368
36	56	4.8876
36	57	5.412
36	58	9.1295
36	59	7.1977
36	60	8.5512
36	61	8.4523
36	62	8.824
36	63	8.2757
36	64	8.006
36	65	4.4059
36	66	9.6546
36	67	8.3698
36	68	5.9088
36	69	8.6177
36	70	8.7376
36	71	7.2465
36	72	7.7146
36	73	5.4872
36	74	8.2324
36	75	8.7901
36	76	5.9572
36	77	7.2968
36	78	5.7193
36	79	5.4575
36	80	8.1052
36	81	5.5158
36	82	9.4536
36	83	4.1919
37	38	178.35
37	39	40.021
37	40	34.583
37	41	22.663
37	42	22.674
37	43	13.408
37	44	13.84
37	45	12.011
37	46	10.075
37	47	6.0517
37	48	10.494
37	49	8.3464
37	50	8.2896
37	51	10.777
37	52	10.837
37	53	11.896
37	54	8.7524
37	55	10.986
37	56	6.2477
37	57	7.2705
37	58	12.475
37	59	7.1571
37	60	7.8853
37	61	10.802
37	62	9.5839
37	63	15.908
37	64	9.5512
37	65	6.5856
37	66	10.699
37	67	6.5756
37	68	3.359
37	69	5.8639
37	70	9.0911
37	71	8.815
37	72	7.8868
37	73	7.3318
37	74	2.1036
37	75	10.175
37	76	3.5637
37	77	3.963
37	78	1.0869
37	79	6.3938
37	80	4.7825
37	81	5.3762
37	82	7.3228
37	83	7.3228
38	39	107.97
38	40	50.953
38	41	27.677
38	42	26.596
38	43	24.171
38	44	17.529
38	45	5.5399
38	46	6.8067
38	47	11.183
38	48	9.0934
38	49	14.737
38	50	9.8232
38	51	15.525
38	52	9.9817
38	53	9.657
38	54	9.1263
38	55	7.1
38	56	4.8017
38	57	11.538
38	58	9.3214
38	59	8.4871
38	60	6.1541
38	61	12.618
38	62	6.9323
38	63	9.7421
38	64	6.2878
38	65	8.6522
38	66	7.587
38	67	4.5488
38	68	4.1252
38	69	8.1256
38	70	6.8641
38	71	7.3229
38	72	7.8755
38	73	5.5417
38	74	3.2334
38	75	2.958
38	76	4.6777
38	77	2.0843
38	78	2.9944
38	79	6.428
38	80	2.9356
38	81	3.0934
38	82	4.0503
38	83	6.5863
39	40	166.3
39	41	59.064
39	42	32.048
39	43	21.964
39	44	20.09
39	45	12.28
39	46	17.081
39	47	15.536
39	48	6.9702
39	49	14.411
39	50	12.834
39	51	10.162
39	52	6.2351
39	53	11.841
39	54	10.423
39	55	12.46
39	56	7.8593
39	57	6.8219
39	58	5.1293
39	59	9.6465
39	60	13.16
39	61	14.262
39	62	4.5083
39	63	6.6315
39	64	5.7858
39	65	12.374
39	66	10.087
39	67	8.7875
39	68	4.7437
39	69	4.8508
39	70	7.8033
39	71	5.8282
39	72	6.1941
39	73	3.7806
39	74	2.6456
39	75	7.5572
39	76	1.4332
39	77	4.2601
39	78	3.5669
39	79	3.8334
39	80	4.0004
39	81	5.691
39	82	3.4517
39	83	6.7277
40	41	137.36
40	42	38.476
40	43	36.566
40	44	34.29
40	45	27.081
40	46	18.884
40	47	15.963
40	48	18.673
40	49	18.049
40	50	12.818
40	51	10.942
40	52	14.967
40	53	9.8127
40	54	14.485
40	55	15.499
40	56	5.6373
40	57	10.672
40	58	7.5668
40	59	12.178
40	60	11.831
40	61	10.135
40	62	8.1306
40	63	11.418
40	64	6.643
40	65	9.1274
40	66	8.0143
40	67	3.5625
40	68	0.60502
40	69	2.3877
40	70	7.168
40	71	12.424
40	72	15.648
40	73	5.0666
40	74	4.5565
40	75	4.6269
40	76	1.6444
40	77	1.8333
40	78	3.5075
40	79	5.0309
40	80	8.6143
40	81	5.0815
40	82	4.7554
40	83	4.7554
41	42	150.59
41	43	63.999
41	44	33.997
41	45	15.48
41	46	14.631
41	47	19.731
41	48	13.986
41	49	16.414
41	50	13.446
41	51	10.414
41	52	12.01
41	53	8.8664
41	54	13.206
41	55	15.04
41	56	4.7356
41	57	7.7574
41	58	10.585
41	59	10.232
41	60	10.481
41	61	9.8192
41	62	5.582
41	63	7.9748
41	64	8.6719
41	65	10.208
41	66	10.466
41	67	5.4789
41	68	4.5671
41	69	11.365
41	70	9.0321
41	71	11.243
41	72	5.9684
41	73	7.9021
41	74	8.2872
41	75	6.7905
41	76	4.1357
41	77	4.101
41	78	2.4504
41	79	7.9137
41	80	4.8164
41	81	4.8728
41	82	3.9932
41	83	6.4751
42	43	136.1
42	44	29.68
42	45	15.145
42	46	9.5439
42	47	16.998
42	48	14.231
42	49	12.356
42	50	12.107
42	51	14.389
42	52	20.827
42	53	9.2925
42	54	9.302
42	55	13.74
42	56	0.92666
42	57	10.504
42	58	8.2837
42	59	8.1927
42	60	12.957
42	61	8.3272
42	62	11.529
42	63	9.3587
42	64	8.4856
42	65	10.817
42	66	5.8504
42	67	6.8236
42	68	5.4607
42	69	5.2349
42	70	5.8937
42	71	7.8602
42	72	4.6722
42	73	9.5206
42	74	9.357
42	75	3.3215
42	76	3.1456
42	77	5.0141
42	78	2.396
42	79	4.1301
42	80	4.2412
42	81	6.5552
42	82	4.5589
42	83	3.1662
43	44	102.4
43	45	28.171
43	46	16.178
43	47	21.802
43	48	16.087
43	49	23.729
43	50	24.98
43	51	20.311
43	52	22.344
43	53	17.509
43	54	14.607
43	55	21.033
43	56	11.514
43	57	11.219
43	58	14.82
43	59	12.334
43	60	6.1004
43	61	13.751
43	62	5.487
43	63	24.706
43	64	9.5914
43	65	9.4092
43	66	6.6135
43	67	6.0625
43	68	3.3689
43	69	9.6083
43	70	6.6549
43	71	9.763
43	72	10.562
43	73	6.7209
43	74	7.7547
43	75	6.9768
43	76	2.0337
43	77	4.5366
43	78	3.253
43	79	4.6689
43	80	4.7955
43	81	4.0411
43	82	3.6782
43	83	3.5807
44	45	270.57
44	46	65.313
44	47	49.131
44	48	22.64
44	49	25.53
44	50	18.817
44	51	22.753
44	52	8.36
44	53	14.546
44	54	10.398
44	55	15.312
44	56	8.2797
44	57	9.1371
44	58	13.881
44	59	18.291
44	60	9.6501
44	61	5.0094
44	62	14.922
44	63	3.4902
44	64	6.7741
44	65	6.5136
44	66	6.5399
44	67	4.3595
44	68	3.332
44	69	2.9225
44	70	4.9341
44	71	16.669
44	72	7.8329
44	73	7.3092
44	74	4.1822
44	75	5.8381
44	76	3.0172
44	77	0.56085
44	78	1.6088
44	79	2.8856
44	80	2.634
44	81	2.6639
44	82	7.2725
44	83	7.2725
45	46	280.09
45	47	76.135
45	48	36.155
45	49	31.137
45	50	14.322
45	51	19.757
45	52	4.1529
45	53	24.027
45	54	13.062
45	55	20.791
45	56	28.655
45	57	12.456
45	58	9.3551
45	59	21.084
45	60	12.593
45	61	4.9633
45	62	5.8841
45	63	9.1155
45	64	9.4157
45	65	6.4602
45	66	9.9188
45	67	4.7472
45	68	1.9309
45	69	2.5343
45	70	12.83
45	71	15.174
45	72	6.8098
45	73	2.3083
45	74	3.6299
45	75	1.8464
45	76	1.7481
45	77	0.97358
45	78	0.93121
45	79	1.0039
45	80	0.91782
45	81	1.1571
45	82	3.7836
45	83	6.137
46	47	264.83
46	48	47.04
46	49	41.771
46	50	17.123
46	51	16.359
46	52	4.1749
46	53	12.1
46	54	13.458
46	55	19.078
46	56	15.662
46	57	15.201
46	58	17.953
46	59	18.919
46	60	10.539
46	61	8.3338
46	62	9.4792
46	63	4.0672
46	64	9.4691
46	65	4.3355
46	66	10.474
46	67	3.8109
46	68	1.2944
46	69	4.2538
46	70	11.487
46	71	10.21
46	72	2.2812
46	73	3.0954
46	74	5.6831
46	75	1.2369
46	76	1.1719
46	77	1.9603
46	78	1.9603
46	79	2.0171
46	80	3.0692
46	81	2.3268
46	82	2.54
46	83	2.54
47	48	177.79
47	49	77.837
47	50	38.106
47	51	46.324
47	52	13.5
47	53	16.658
47	54	19.122
47	55	22.98
47	56	21.793
47	57	16.653
47	58	20.819
47	59	29.011
47	60	14.56
47	61	17.242
47	62	6.1211
47	63	18.37
47	64	12.25
47	65	8.3925
47	66	6.156
47	67	1.6471
47	68	3.35
47	69	5.5099
47	70	14.858
47	71	10.558
47	72	11.811
47	73	9.0279
47	74	9.0279
47	75	0.7998
47	76	5.2929
47	77	4.2212
47	78	2.4164
47	79	1.7408
47	80	6.3531
47	81	4.0077
47	82	5.47
47	83	10.631
48	49	188.92
48	50	56.597
48	51	35.78
48	52	26.187
48	53	31.12
48	54	17.922
48	55	30.394
48	56	6.639
48	57	11.174
48	58	9.0743
48	59	19.555
48	60	12.254
48	61	9.1827
48	62	8.7067
48	63	11.206
48	64	9.4177
48	65	13.938
48	66	3.4965
48	67	4.079
48	68	1.782
48	69	3.1241
48	70	8.7913
48	71	6.5647
48	72	9.7736
48	73	5.6824
48	74	3.7266
48	75	2.8387
48	76	1.0762
48	77	1.7999
48	78	2.2957
48	79	1.8517
48	80	3.3812
48	81	4.9868
48	82	7.7767
48	83	7.5761
49	50	128.32
49	51	71.737
49	52	33.862
49	53	34.242
49	54	25.079
49	55	27.613
49	56	8.7273
49	57	14.165
49	58	12.076
49	59	15.905
49	60	17.456
49	61	18.114
49	62	9.8137
49	63	12.635
49	64	9.8033
49	65	12.345
49	66	12.815
49	67	4.6043
49	68	3.3517
49	69	6.1631
49	70	10.896
49	71	16.903
49	72	7.8733
49	73	12.014
49	74	4.2022
49	75	1.281
49	76	4.2479
49	77	1.3533
49	78	2.588
49	79	3.4812
49	80	5.72
49	81	8.0288
49	82	2.6283
49	83	4.2684
50	51	237.17
50	52	58.941
50	53	56.234
50	54	32.046
50	55	15.725
50	56	24.476
50	57	14.078
50	58	15.836
50	59	20.89
50	60	10.542
50	61	17.66
50	62	17.429
50	63	17.923
50	64	13.233
50	65	10.518
50	66	10.09
50	67	6.1662
50	68	4.5698
50	69	4.509
50	70	14.372
50	71	6.3143
50	72	15.436
50	73	6.835
50	74	3.5839
50	75	3.8196
50	76	7.7513
50	77	0.57667
50	78	3.8567
50	79	3.5604
50	80	3.2481
50	81	4.7895
50	82	5.9788
50	83	5.9788
51	52	132.79
51	53	72.064
51	54	39.156
51	55	26.755
51	56	20.563
51	57	15.248
51	58	14.395
51	59	21.363
51	60	23.288
51	61	17.576
51	62	11.104
51	63	12.239
51	64	11.888
51	65	8.7035
51	66	12.438
51	67	2.5541
51	68	5.8554
51	69	5.9837
51	70	12.493
51	71	13.326
51	72	8.4028
51	73	10.889
51	74	4.0779
51	75	6.8339
51	76	4.7053
51	77	3.9382
51	78	1.2539
51	79	1.351
51	80	3.6969
51	81	4.6694
51	82	7.6457
51	83	4.1366
52	53	154.73
52	54	55.493
52	55	37.705
52	56	16.206
52	57	16.353
52	58	27.383
52	59	18.035
52	60	15.111
52	61	17.18
52	62	14.869
52	63	16.398
52	64	22.627
52	65	9.713
52	66	10.238
52	67	6.256
52	68	9.8513
52	69	7.6256
52	70	7.7275
52	71	10.991
52	72	4.7693
52	73	5.5482
52	74	6.5479
52	75	6.0933
52	76	2.6246
52	77	5.2681
52	78	1.1195
52	79	3.0119
52	80	4.4001
52	81	6.9533
52	82	7.5934
52	83	11.087
53	54	141.4
53	55	62.101
53	56	38.782
53	57	22.942
53	58	23.352
53	59	30.704
53	60	12.406
53	61	22.502
53	62	15.603
53	63	8.468
53	64	14.755
53	65	14.655
53	66	12.852
53	67	2.6379
53	68	4.7061
53	69	7.0613
53	70	7.9527
53	71	14.839
53	72	10.27
53	73	8.0297
53	74	5.9012
53	75	8.3569
53	76	1.829
53	77	4.7536
53	78	1.3005
53	79	3.4927
53	80	3.8297
53	81	6.4526
53	82	5.2788
53	83	4.2892
54	55	119.07
54	56	32.389
54	57	21.776
54	58	28.047
54	59	30.774
54	60	24.345
54	61	27.455
54	62	13.021
54	63	17.639
54	64	15.048
54	65	10.347
54	66	5.7799
54	67	7.1509
54	68	6.1721
54	69	6.6331
54	70	10.786
54	71	10.623
54	72	9.2263
54	73	4.6916
54	74	3.5183
54	75	3.2173
54	76	4.5763
54	77	6.2347
54	78	3.7967
54	79	1.7481
54	80	4.7873
54	81	4.7079
54	82	4.4043
54	83	10.738
55	56	315.35
55	57	49.739
55	58	54.197
55	59	52.185
55	60	20.77
55	61	19.123
55	62	24.602
55	63	6.6662
55	64	15.542
55	65	8.8795
55	66	6.2486
55	67	2.0918
55	68	5.322
55	69	8.3748
55	70	14.106
55	71	13.36
55	72	6.2448
55	73	3.8141
55	74	1.3324
55	75	6.0966
55	76	3.8438
55	77	2.1446
55	78	2.0473
55	79	2.0473
55	80	4.0308
55	81	3.8109
55	82	4.1557
55	83	4.1557
56	57	137.89
56	58	80.701
56	59	58.65
56	60	12.01
56	61	16.811
56	62	15.932
56	63	9.4714
56	64	13.477
56	65	8.4067
56	66	23.63
56	67	2.9622
56	68	2.0099
56	69	2.6411
56	70	11.885
56	71	23.743
56	72	17.716
56	73	2.4045
56	74	2.5205
56	75	6.7225
56	76	1.8183
56	77	4.0552
56	78	4.0552
56	79	1.0446
56	80	5.7235
56	81	3.612
56	82	6.5686
56	83	6.3908
57	58	158.57
57	59	70.578
57	60	30.231
57	61	26.903
57	62	15.485
57	63	21.97
57	64	13.13
57	65	12.761
57	66	6.5211
57	67	6.2091
57	68	2.5346
57	69	6.6459
57	70	7.4874
57	71	16.968
57	72	11.162
57	73	6.8002
57	74	7.9401
57	75	4.2419
57	76	4.0271
57	77	3.2018
57	78	3.069
57	79	3.9485
57	80	5.4125
57	81	3.801
57	82	7.4586
57	83	4.0472
58	59	143.38
58	60	43.854
58	61	34.671
58	62	22.862
58	63	4.7159
58	64	15.516
58	65	13.813
58	66	14.313
58	67	9.5512
58	68	0.74941
58	69	6.8733
58	70	15.473
58	71	18.854
58	72	12.314
58	73	8.0414
58	74	5.6306
58	75	3.5814
58	76	4.7564
58	77	1.5134
58	78	2.8986
58	79	4.668
58	80	3.5528
58	81	8.0767
58	82	9.7823
58	83	9.5528
59	60	137.19
59	61	74.875
59	62	39.699
59	63	9.3032
59	64	21.649
59	65	18.158
59	66	17.398
59	67	3.8786
59	68	1.9738
59	69	11.665
59	70	18.948
59	71	24.847
59	72	17.393
59	73	11.799
59	74	6.1855
59	75	6.6017
59	76	1.7858
59	77	3.9817
59	78	1.9031
59	79	1.0255
59	80	6.5568
59	81	10.637
59	82	6.4456
59	83	12.55
60	61	232.52
60	62	60.763
60	63	33.07
60	64	37.864
60	65	22.546
60	66	30.182
60	67	10.926
60	68	4.0998
60	69	6.943
60	70	23.428
60	71	17.59
60	72	11.016
60	73	13.331
60	74	6.6187
60	75	7.2729
60	76	5.8248
60	77	4.7292
60	78	3.9516
60	79	4.8695
60	80	10.551
60	81	10.528
60	82	16.872
60	83	14.915
61	62	150.05
61	63	85.114
61	64	43.214
61	65	34.884
61	66	29.632
61	67	17.742
61	68	11.81
61	69	14.622
61	70	14.394
61	71	32.882
61	72	14.701
61	73	11.641
61	74	15.691
61	75	5.9754
61	76	8.172
61	77	4.9078
61	78	4.6902
61	79	7.2215
61	80	8.5715
61	81	8.3271
61	82	16.363
61	83	13.266
62	63	238.28
62	64	70.653
62	65	49.663
62	66	35.828
62	67	19.378
62	68	15.143
62	69	12.974
62	70	22.398
62	71	16.616
62	72	9.2848
62	73	18.095
62	74	8.2581
62	75	12.588
62	76	8.3542
62	77	9.3089
62	78	5.7274
62	79	6.1574
62	80	12.5
62	81	10.267
62	82	14.649
62	83	12.597
63	64	86.774
63	65	51.203
63	66	34.92
63	67	16.598
63	68	10.167
63	69	24.471
63	70	10.025
63	71	13.375
63	72	7.961
63	73	8.0894
63	74	12.75
63	75	8.1005
63	76	13.842
63	77	13.842
63	78	13.131
63	79	5.2794
63	80	11.247
63	81	10.165
63	82	13.31
63	83	10.83
64	65	215.86
64	66	49.354
64	67	21.302
64	68	11.178
64	69	24.229
64	70	25.318
64	71	14.541
64	72	18.552
64	73	18.89
64	74	19.809
64	75	15.081
64	76	7.7371
64	77	6.6387
64	78	7.6152
64	79	6.1507
64	80	8.7355
64	81	17.348
64	82	11.194
64	83	12.57
65	66	122.21
65	67	40.74
65	68	16.258
65	69	35.572
65	70	33.393
65	71	22.791
65	72	13.796
65	73	16.178
65	74	16.988
65	75	7.7732
65	76	9.832
65	77	13.688
65	78	10.488
65	79	15.014
65	80	12.003
65	81	2.1674
65	82	22.461
65	83	23.06
66	67	112.97
66	68	16.654
66	69	50.093
66	70	88.101
66	71	50.081
66	72	28.916
66	73	18.992
66	74	30.862
66	75	13.647
66	76	6.4623
66	77	7.2051
66	78	8.42
66	79	7.4226
66	80	15.822
66	81	9.5161
66	82	17.661
66	83	10.105
67	68	157.01
67	69	161.81
67	70	51.803
67	71	18.427
67	72	27.368
67	73	23.463
67	74	23.925
67	75	26.774
67	76	22.954
67	77	20.287
67	78	20.904
67	79	27.49
67	80	23.583
67	81	19.668
67	82	21.505
67	83	13.481
68	69	170.22
68	70	35.15
68	71	9.3727
68	72	20.275
68	73	20.641
68	74	26.384
68	75	25.748
68	76	27.326
68	77	25.028
68	78	32.265
68	79	34.167
68	80	12.279
68	81	19.405
68	82	9.185
68	83	6.8741
69	70	118.71
69	71	21.279
69	72	25.859
69	73	25.515
69	74	49.877
69	75	31.847
69	76	24.986
69	77	20.029
69	78	33.45
69	79	32.451
69	80	20.192
69	81	22.944
69	82	15.782
69	83	18.032
70	71	148.58
70	72	65.71
70	73	54.497
70	74	40.082
70	75	19.077
70	76	15.163
70	77	20.95
70	78	9.2341
70	79	15.772
70	80	28.031
70	81	13.39
70	82	22.971
70	83	25.389
71	72	198.28
71	73	36.708
71	74	35.258
71	75	17.096
71	76	9.2428
71	77	12.028
71	78	3.2828
71	79	7.97
71	80	16.173
71	81	16.324
71	82	30.059
71	83	5.413
72	73	208.63
72	74	72.395
72	75	32.089
72	76	16.629
72	77	16.632
72	78	16.508
72	79	17.123
72	80	18.035
72	81	22.796
72	82	31.54
72	83	12.113
73	74	152.33
73	75	67.158
73	76	26.799
73	77	23.425
73	78	22.349
73	79	30.182
73	80	26.925
73	81	28.597
73	82	28.721
73	83	20.506
74	75	173.26
74	76	52.024
74	77	43.701
74	78	40.45
74	79	43.609
74	80	31.465
74	81	36.503
74	82	31.007
74	83	25.844
75	76	98.47
75	77	61.911
75	78	64.213
75	79	53.525
75	80	46.929
75	81	38.328
75	82	22.951
75	83	16.436
76	77	170.18
76	78	126.22
76	79	107.48
76	80	31.04
76	81	29.299
76	82	18.538
76	83	24.953
77	78	157.84
77	79	88.801
77	80	37.209
77	81	39.195
77	82	25.667
77	83	24.307
78	79	144.89
78	80	35.082
78	81	34.368
78	82	21.805
78	83	9.981
79	80	80.785
79	81	57.783
79	82	28.625
79	83	21.423
80	81	163.76
80	82	55.603
80	83	9.7881
81	82	192.04
81	83	136.06
82	83	355.11
