1	2	89.21
1	3	33.905
1	4	29.534
1	5	24.661
1	6	16.49
1	7	11.659
1	8	19.344
1	9	8.7527
1	10	3.6972
1	11	12.676
1	12	10.006
1	13	12.309
1	14	6.1432
1	15	6.6669
1	16	4.2331
1	17	14.314
1	18	13.32
1	19	13.353
1	20	10.697
1	21	9.4598
1	22	10.272
1	23	3.3037
1	24	3.3037
1	25	5.5085
1	26	6.0273
1	27	3.4192
1	28	3.249
1	29	5.7683
1	30	4.9859
1	31	1.6533
1	32	5.6369
1	33	1.5158
1	34	4.317
1	35	14.76
1	36	4.3497
1	37	11.886
1	38	12.178
1	39	8.0175
1	40	9.2975
1	41	2.5246
1	42	1.349
1	43	10.418
1	44	5.6167
1	45	1.5242
1	46	6.4054
1	47	11.412
1	48	5.4423
1	49	13.337
1	50	9.563
1	51	9.5178
1	52	7.4898
1	53	4.2711
1	54	1.3713
1	55	1.4536
1	56	2.7252
1	57	5.69
1	58	7.9759
1	59	2.9038
1	60	3.9465
1	61	4.7217
1	62	3.2865
1	63	2.9155
1	64	7.3188
1	65	4.7959
1	66	9.2827
1	67	4.4641
1	68	8.1322
1	69	3.4843
1	70	2.9336
1	71	9.0435
1	72	7.9534
1	73	2.9126
1	74	2.9126
1	75	1.3727
1	76	4.1627
1	77	1.9283
1	78	1.9283
1	79	1.5317
1	80	3.7858
1	81	3.8122
1	82	1.8936
1	83	1.5408
1	84	6.6738
1	85	1.3134
1	86	6.2945
1	87	7.0839
1	88	4.4761
1	89	7.1738
1	90	7.1738
1	91	4.952
1	92	4.952
1	93	3.9715
1	94	7.8801
1	95	5.8155
1	96	5.8155
1	97	5.8155
2	3	225.28
2	4	54.643
2	5	54.559
2	6	42.564
2	7	31.038
2	8	15.604
2	9	19.487
2	10	14.308
2	11	12.269
2	12	16.146
2	13	13.408
2	14	11.149
2	15	20.964
2	16	9.5599
2	17	17.325
2	18	16.475
2	19	12.208
2	20	8.1356
2	21	9.1574
2	22	13.497
2	23	11.994
2	24	12.573
2	25	8.6649
2	26	12.398
2	27	11.583
2	28	7.0769
2	29	6.2811
2	30	8.8472
2	31	12.001
2	32	11.816
2	33	5.1354
2	34	17.758
2	35	11.906
2	36	4.9123
2	37	2.8768
2	38	2.2111
2	39	6.9866
2	40	3.2154
2	41	7.9443
2	42	14.366
2	43	7.9246
2	44	6.7985
2	45	2.2136
2	46	5.4276
2	47	4.7345
2	48	5.2698
2	49	7.1727
2	50	2.3144
2	51	2.6336
2	52	3.6257
2	53	2.7567
2	54	3.3191
2	55	6.3314
2	56	6.5948
2	57	5.5077
2	58	5.1479
2	59	8.4323
2	60	4.458
2	61	6.8533
2	62	4.7708
2	63	4.2335
2	64	3.5438
2	65	1.5476
2	66	3.8525
2	67	3.6024
2	68	7.0857
2	69	2.5288
2	70	2.1301
2	71	2.9182
2	72	4.6188
2	73	7.0487
2	74	4.5591
2	75	1.9933
2	76	4.0292
2	77	4.6638
2	78	5.6808
2	79	5.1883
2	80	6.4124
2	81	10.146
2	82	6.4136
2	83	6.4136
2	84	4.5229
2	85	6.9928
2	86	0.76171
2	87	4.1142
2	88	2.1661
2	89	4.1663
2	90	2.9499
2	91	4.7927
2	92	3.3115
2	93	14.42
2	94	3.8144
2	95	7.0345
2	96	5.7862
2	97	10.014
3	4	121.24
3	5	97.832
3	6	59.579
3	7	32.521
3	8	27.752
3	9	18.395
3	10	15.904
3	11	14.717
3	12	18.334
3	13	16.184
3	14	16.17
3	15	12.759
3	16	11.474
3	17	16.483
3	18	9.9159
3	19	14.213
3	20	7.329
3	21	5.1744
3	22	10.53
3	23	9.4854
3	24	10.975
3	25	7.9005
3	26	8.6461
3	27	10.629
3	28	10.877
3	29	12.425
3	30	17.495
3	31	13.448
3	32	2.6952
3	33	15.951
3	34	16.511
3	35	12.54
3	36	4.1721
3	37	4.9948
3	38	5.8502
3	39	2.3122
3	40	6.3801
3	41	7.2615
3	42	14.228
3	43	5.7108
3	44	5.3951
3	45	5.8591
3	46	3.8482
3	47	3.1314
3	48	3.2676
3	49	4.268
3	50	4.5937
3	51	3.9226
3	52	2.1595
3	53	4.7869
3	54	1.9737
3	55	4.1768
3	56	8.4769
3	57	4.0884
3	58	3.8233
3	59	6.2572
3	60	5.0439
3	61	4.5219
3	62	7.0785
3	63	4.8999
3	64	4.2217
3	65	3.0739
3	66	1.9121
3	67	2.1437
3	68	1.563
3	69	1.6729
3	70	3.5198
3	71	2.1718
3	72	0.76279
3	73	5.5849
3	74	3.0118
3	75	0.65815
3	76	1.3283
3	77	4.6069
3	78	5.6225
3	79	2.1965
3	80	4.522
3	81	7.2877
3	82	11.768
3	83	4.4221
3	84	1.9189
3	85	3.7724
3	86	4.53
3	87	2.0362
3	88	2.8564
3	89	1.3727
3	90	2.9199
3	91	1.5797
3	92	3.2697
3	93	8.5368
3	94	3.7658
3	95	11.107
3	96	1.9043
3	97	19.795
4	5	190.1
4	6	45.097
4	7	23.565
4	8	26.049
4	9	16.729
4	10	16.297
4	11	23.286
4	12	13.481
4	13	17.519
4	14	12.963
4	15	18.358
4	16	15.537
4	17	10.498
4	18	13.037
4	19	11.431
4	20	8.9659
4	21	12.892
4	22	9.159
4	23	8.4891
4	24	3.9253
4	25	4.0442
4	26	6.6401
4	27	4.3945
4	28	4.7725
4	29	10.054
4	30	8.5409
4	31	4.8556
4	32	7.5911
4	33	5.5653
4	34	6.3425
4	35	4.8183
4	36	6.9119
4	37	10.35
4	38	1.6742
4	39	9.4055
4	40	6.3288
4	41	6.0169
4	42	12.863
4	43	6.5498
4	44	7.7221
4	45	6.1472
4	46	4.1085
4	47	5.3803
4	48	4.4886
4	49	7.0635
4	50	3.5059
4	51	3.4876
4	52	5.4913
4	53	6.263
4	54	4.5256
4	55	6.3996
4	56	7.4991
4	57	5.2181
4	58	3.4124
4	59	4.7947
4	60	4.3418
4	61	1.7325
4	62	5.4272
4	63	4.8094
4	64	4.8282
4	65	7.0325
4	66	5.8316
4	67	4.9108
4	68	5.3659
4	69	4.4722
4	70	5.3782
4	71	4.9731
4	72	1.7506
4	73	3.2047
4	74	5.1819
4	75	5.5369
4	76	3.0547
4	77	2.8338
4	78	5.5388
4	79	2.8123
4	80	4.8696
4	81	5.6042
4	82	4.1748
4	83	2.8284
4	84	3.9165
4	85	0.96374
4	86	1.1546
4	87	2.5987
4	88	2.738
4	89	3.6863
4	90	5.5906
4	91	3.0302
4	92	4.1962
4	93	8.0348
4	94	4.3505
4	95	1.0713
4	96	5.874
4	97	5.874
5	6	147.32
5	7	41.237
5	8	18.598
5	9	21.473
5	10	14.453
5	11	18.198
5	12	14.886
5	13	14.304
5	14	14.299
5	15	6.2111
5	16	9.9749
5	17	9.0874
5	18	12.675
5	19	16.037
5	20	5.1347
5	21	8.5514
5	22	9.8293
5	23	4.3037
5	24	6.2647
5	25	7.6778
5	26	7.2884
5	27	7.6368
5	28	6.6489
5	29	6.4445
5	30	9.2809
5	31	4.9257
5	32	9.7985
5	33	7.8964
5	34	13.653
5	35	7.3153
5	36	7.5781
5	37	8.8939
5	38	7.9737
5	39	5.4058
5	40	6.4571
5	41	6.5876
5	42	9.5606
5	43	7.2248
5	44	6.8267
5	45	5.7069
5	46	5.3937
5	47	3.6607
5	48	6.6144
5	49	6.6483
5	50	7.7554
5	51	4.5817
5	52	5.6089
5	53	4.2615
5	54	4.0968
5	55	5.4169
5	56	6.0847
5	57	3.1808
5	58	2.9743
5	59	7.0334
5	60	3.9231
5	61	4.6948
5	62	7.3464
5	63	6.5411
5	64	3.2873
5	65	5.992
5	66	4.4654
5	67	3.896
5	68	3.0447
5	69	1.9569
5	70	2.7408
5	71	2.8201
5	72	3.5655
5	73	5.434
5	74	4.1046
5	75	5.121
5	76	5.167
5	77	2.1536
5	78	4.3785
5	79	4.5578
5	80	4.928
5	81	5.6766
5	82	4.2308
5	83	0.57353
5	84	4.9763
5	85	2.9337
5	86	1.7651
5	87	3.1696
5	88	1.1114
5	89	2.6693
5	90	2.2733
5	91	3.0748
5	92	5.0998
5	93	2.9534
5	94	7.3422
5	95	2.1688
5	96	2.9752
5	97	15.448
6	7	123.49
6	8	47.447
6	9	36.625
6	10	20.773
6	11	20.345
6	12	20.026
6	13	23.237
6	14	11.889
6	15	20.013
6	16	15.84
6	17	6.6455
6	18	7.4474
6	19	9.1872
6	20	7.6861
6	21	12.551
6	22	11.362
6	23	18.543
6	24	8.8723
6	25	8.5277
6	26	7.5858
6	27	11.256
6	28	7.5484
6	29	10.045
6	30	7.7206
6	31	10.882
6	32	10.192
6	33	9.3895
6	34	10.868
6	35	6.9853
6	36	4.4877
6	37	3.4495
6	38	3.5338
6	39	1.8613
6	40	3.0823
6	41	4.3939
6	42	9.9162
6	43	3.4554
6	44	4.8892
6	45	6.488
6	46	3.7163
6	47	3.1547
6	48	3.1577
6	49	7.454
6	50	4.9339
6	51	4.2065
6	52	4.0569
6	53	3.3049
6	54	5.3053
6	55	5.6257
6	56	6.8539
6	57	6.6047
6	58	1.0285
6	59	4.4955
6	60	3.0533
6	61	2.4372
6	62	5.7254
6	63	6.7668
6	64	2.2645
6	65	0.61865
6	66	3.5901
6	67	2.3032
6	68	1.2586
6	69	2.0234
6	70	2.2699
6	71	2.3328
6	72	4.3105
6	73	4.5081
6	74	3.0376
6	75	0.531
6	76	1.6111
6	77	6.7259
6	78	5.1945
6	79	1.7794
6	80	3.6675
6	81	6.6493
6	82	8.0722
6	83	7.7554
6	84	5.1642
6	85	2.5408
6	86	4.8738
6	87	0.54829
6	88	2.8879
6	89	1.666
6	90	1.7694
6	91	2.557
6	92	6.196
6	93	3.8489
6	94	3.0573
6	95	3.3885
6	96	17.027
6	97	16.069
7	8	127.17
7	9	77.015
7	10	36.476
7	11	36.475
7	12	30.16
7	13	18.331
7	14	16.397
7	15	16.437
7	16	8.1135
7	17	12.332
7	18	7.901
7	19	15.227
7	20	7.5247
7	21	12.206
7	22	11.452
7	23	10.176
7	24	8.7833
7	25	5.6555
7	26	4.3337
7	27	10.536
7	28	12.012
7	29	7.1053
7	30	9.5567
7	31	4.7542
7	32	7.7236
7	33	4.9814
7	34	7.9827
7	35	8.7603
7	36	1.1899
7	37	6.7042
7	38	3.1214
7	39	3.9456
7	40	4.9018
7	41	4.143
7	42	7.1957
7	43	4.8854
7	44	6.9117
7	45	6.8771
7	46	1.9699
7	47	3.3444
7	48	2.2316
7	49	3.6476
7	50	3.2688
7	51	3.3442
7	52	3.6862
7	53	4.6711
7	54	3.376
7	55	4.7741
7	56	5.0347
7	57	6.423
7	58	6.5449
7	59	2.9807
7	60	3.2383
7	61	5.8169
7	62	2.6995
7	63	3.5878
7	64	1.8003
7	65	1.9671
7	66	3.8057
7	67	5.4933
7	68	2.001
7	69	3.5749
7	70	1.8052
7	71	1.2365
7	72	3.2648
7	73	1.1953
7	74	1.2886
7	75	2.8159
7	76	3.4183
7	77	5.5504
7	78	6.8867
7	79	4.4052
7	80	4.6694
7	81	7.0535
7	82	2.3356
7	83	3.7977
7	84	3.8344
7	85	3.2351
7	86	2.5835
7	87	4.0712
7	88	3.0638
7	89	2.357
7	90	1.251
7	91	2.0343
7	92	1.8779
7	93	3.267
7	94	4.8641
7	95	10.781
7	96	8.2069
7	97	8.2069
8	9	129.46
8	10	65.522
8	11	53.692
8	12	27.273
8	13	22.524
8	14	16.728
8	15	15.898
8	16	7.6837
8	17	8.7663
8	18	7.0527
8	19	9.089
8	20	10.4
8	21	8.2754
8	22	10.491
8	23	10.12
8	24	5.2012
8	25	5.6221
8	26	10.775
8	27	6.4049
8	28	7.7438
8	29	4.9074
8	30	10.75
8	31	5.6302
8	32	6.4036
8	33	7.2246
8	34	14.705
8	35	4.4668
8	36	3.4534
8	37	5.0574
8	38	4.6625
8	39	2.1834
8	40	3.1628
8	41	5.5802
8	42	8.7193
8	43	6.0774
8	44	3.3449
8	45	5.7073
8	46	2.7243
8	47	2.7755
8	48	3.24
8	49	4.539
8	50	3.2554
8	51	6.0131
8	52	4.0793
8	53	5.8137
8	54	6.9992
8	55	5.4413
8	56	5.0988
8	57	9.6806
8	58	4.0695
8	59	5.9306
8	60	4.0265
8	61	5.8942
8	62	4.4753
8	63	1.9843
8	64	4.98
8	65	2.722
8	66	5.413
8	67	1.0129
8	68	1.6608
8	69	5.9342
8	70	4.4925
8	71	3.0781
8	72	4.8748
8	73	5.4513
8	74	1.6033
8	75	4.2024
8	76	2.3608
8	77	3.944
8	78	1.7132
8	79	5.7365
8	80	4.5158
8	81	7.7985
8	82	3.2279
8	83	1.5739
8	84	1.8165
8	85	2.2342
8	86	2.6795
8	87	1.9286
8	88	1.9286
8	89	4.8829
8	90	0.51868
8	91	4.4977
8	92	3.8951
8	93	6.7728
8	94	2.6919
8	95	8.954
8	96	12.277
8	97	7.0746
9	10	227.28
9	11	58.348
9	12	43.874
9	13	25.636
9	14	19.859
9	15	22.8
9	16	9.392
9	17	8.434
9	18	6.5628
9	19	9.3084
9	20	9.0055
9	21	9.9844
9	22	13.57
9	23	10.992
9	24	10.156
9	25	5.6052
9	26	7.808
9	27	9.4878
9	28	5.4104
9	29	9.5872
9	30	8.6007
9	31	7.3349
9	32	9.0395
9	33	12.335
9	34	14.384
9	35	6.0741
9	36	3.7385
9	37	5.464
9	38	3.9175
9	39	3.5342
9	40	2.4415
9	41	6.9787
9	42	3.9775
9	43	1.6447
9	44	5.6803
9	45	1.6807
9	46	2.9416
9	47	4.1978
9	48	4.0016
9	49	5.4524
9	50	4.1014
9	51	1.4976
9	52	3.853
9	53	3.664
9	54	5.0499
9	55	2.1463
9	56	9.5639
9	57	3.6738
9	58	6.3699
9	59	5.3606
9	60	7.2755
9	61	2.3237
9	62	3.6422
9	63	5.3608
9	64	2.1506
9	65	3.523
9	66	3.41
9	67	1.6422
9	68	2.3907
9	69	3.2039
9	70	1.6195
9	71	1.6625
9	72	3.5173
9	73	6.9783
9	74	5.2049
9	75	3.0347
9	76	4.1002
9	77	5.0006
9	78	3.0953
9	79	1.7009
9	80	4.2107
9	81	3.5322
9	82	7.7153
9	83	2.8493
9	84	1.969
9	85	2.9101
9	86	1.739
9	87	1.739
9	88	1.6538
9	89	1.5913
9	90	2.249
9	91	4.2718
9	92	7.6198
9	93	4.423
9	94	4.3883
9	95	7.5686
9	96	1.481
9	97	23.022
10	11	169.2
10	12	59.348
10	13	32.482
10	14	22.199
10	15	22.791
10	16	15.987
10	17	11.183
10	18	9.83
10	19	6.9554
10	20	7.7588
10	21	11.614
10	22	11.47
10	23	14.201
10	24	17.909
10	25	9.6852
10	26	10.6
10	27	9.3536
10	28	12.064
10	29	9.5753
10	30	9.091
10	31	7.7522
10	32	13.949
10	33	14.217
10	34	14.343
10	35	8.9732
10	36	4.5303
10	37	4.0622
10	38	2.9729
10	39	5.6372
10	40	4.669
10	41	3.9444
10	42	8.4306
10	43	2.3252
10	44	6.0335
10	45	3.5723
10	46	6.8802
10	47	2.5473
10	48	3.1882
10	49	2.8939
10	50	0.62252
10	51	1.5932
10	52	1.1701
10	53	2.7801
10	54	2.1423
10	55	5.11
10	56	7.9836
10	57	3.8894
10	58	2.0769
10	59	4.5375
10	60	4.1107
10	61	6.7613
10	62	3.851
10	63	6.2626
10	64	4.5738
10	65	1.8731
10	66	3.1079
10	67	0.58126
10	68	2.5409
10	69	0.68037
10	70	2.8646
10	71	1.1773
10	72	3.728
10	73	3.9817
10	74	3.0657
10	75	2.6805
10	76	2.7098
10	77	2.2606
10	78	3.2757
10	79	2.9925
10	80	6.6614
10	81	11.924
10	82	9.6234
10	83	2.4082
10	84	5.7356
10	85	2.0522
10	86	4.3032
10	87	1.1067
10	88	2.3317
10	89	1.1211
10	90	2.3809
10	91	2.5801
10	92	3.5698
10	93	4.6628
10	94	4.6628
10	95	6.8325
10	96	12.492
10	97	16.194
11	12	99.644
11	13	45.953
11	14	29.964
11	15	14.035
11	16	9.1789
11	17	16.963
11	18	16.422
11	19	18.727
11	20	7.5941
11	21	12.407
11	22	10.671
11	23	10.746
11	24	8.1842
11	25	8.4318
11	26	5.1917
11	27	6.5445
11	28	3.1095
11	29	8.2738
11	30	13.355
11	31	6.96
11	32	6.4749
11	33	5.2215
11	34	9.0908
11	35	15.697
11	36	6.6517
11	37	3.9752
11	38	8.7266
11	39	10.417
11	40	7.1054
11	41	7.2381
11	42	6.189
11	43	7.9663
11	44	2.6834
11	45	10.486
11	46	2.4474
11	47	4.3625
11	48	4.6792
11	49	6.2307
11	50	4.2641
11	51	7.7913
11	52	4.0068
11	53	4.3526
11	54	4.7178
11	55	3.3359
11	56	5.7328
11	57	5.4396
11	58	4.5738
11	59	3.8875
11	60	2.5147
11	61	1.8061
11	62	6.2868
11	63	1.6712
11	64	2.7961
11	65	4.2763
11	66	5.5733
11	67	6.8258
11	68	3.7292
11	69	5.3284
11	70	4.4852
11	71	2.3042
11	72	4.8668
11	73	3.341
11	74	6.0023
11	75	2.6238
11	76	5.3079
11	77	2.9542
11	78	2.5664
11	79	6.45
11	80	2.9007
11	81	2.1909
11	82	5.0772
11	83	2.9485
11	84	3.0623
11	85	2.5115
11	86	1.2037
11	87	2.1673
11	88	2.2835
11	89	4.9408
11	90	2.9144
11	91	3.7906
11	92	7.8733
11	93	2.2838
11	94	4.5335
11	95	6.6977
11	96	3.0598
11	97	3.0598
12	13	186.55
12	14	47.04
12	15	27.604
12	16	18.885
12	17	17.599
12	18	10.422
12	19	10.961
12	20	8.5915
12	21	13.793
12	22	13.958
12	23	11.052
12	24	11.294
12	25	10.188
12	26	9.5603
12	27	10.846
12	28	11.449
12	29	9.6438
12	30	10.536
12	31	12.23
12	32	16.566
12	33	10.68
12	34	14.46
12	35	6.3609
12	36	3.0569
12	37	4.6951
12	38	5.3432
12	39	3.3758
12	40	5.1267
12	41	3.5482
12	42	8.5342
12	43	6.276
12	44	5.915
12	45	6.955
12	46	2.8088
12	47	2.8629
12	48	2.3874
12	49	6.7657
12	50	2.7977
12	51	3.3372
12	52	5.2567
12	53	3.4981
12	54	3.3724
12	55	5.6259
12	56	5.7545
12	57	4.503
12	58	5.6064
12	59	8.6862
12	60	3.6988
12	61	6.0935
12	62	6.9432
12	63	4.094
12	64	3.0803
12	65	4.4883
12	66	3.2558
12	67	5.2249
12	68	3.4248
12	69	4.2844
12	70	2.0607
12	71	1.5874
12	72	3.9154
12	73	5.1195
12	74	3.3109
12	75	2.4118
12	76	4.8842
12	77	10.208
12	78	2.3612
12	79	3.2397
12	80	6.0124
12	81	10.091
12	82	7.3495
12	83	2.1714
12	84	3.7543
12	85	2.7729
12	86	2.2128
12	87	1.495
12	88	1.0506
12	89	3.5371
12	90	3.2166
12	91	4.0708
12	92	4.0322
12	93	5.611
12	94	1.3927
12	95	3.0891
12	96	15.516
12	97	14.636
13	14	113.68
13	15	50.386
13	16	22.449
13	17	23.192
13	18	21.14
13	19	12.997
13	20	10.404
13	21	15.782
13	22	13.82
13	23	16.087
13	24	13.39
13	25	7.152
13	26	12.241
13	27	8.8889
13	28	10.027
13	29	12.636
13	30	16.192
13	31	11.815
13	32	12.227
13	33	11.324
13	34	9.1227
13	35	7.9942
13	36	7.5204
13	37	4.8151
13	38	5.9175
13	39	6.2338
13	40	3.4403
13	41	3.6804
13	42	5.6841
13	43	1.9298
13	44	4.5491
13	45	5.9264
13	46	3.6295
13	47	5.2857
13	48	4.4056
13	49	3.362
13	50	2.0662
13	51	5.7206
13	52	4.3681
13	53	4.6119
13	54	4.0004
13	55	2.3581
13	56	5.7467
13	57	4.6145
13	58	6.8931
13	59	6.5975
13	60	8.0991
13	61	4.5991
13	62	5.3361
13	63	3.779
13	64	4.2646
13	65	2.5909
13	66	3.4337
13	67	1.9285
13	68	5.2694
13	69	1.6957
13	70	4.2786
13	71	3.419
13	72	4.1294
13	73	4.7225
13	74	3.0552
13	75	3.1139
13	76	2.2514
13	77	5.0223
13	78	4.3562
13	79	0.99546
13	80	6.775
13	81	4.9635
13	82	4.9306
13	83	2.0021
13	84	3.0295
13	85	4.687
13	86	2.0421
13	87	1.8385
13	88	1.4532
13	89	3.2608
13	90	1.4833
13	91	4.291
13	92	7.4428
13	93	3.8804
13	94	2.5706
13	95	11.412
13	96	2.6065
13	97	13.521
14	15	147.72
14	16	58.995
14	17	48.368
14	18	28.799
14	19	16.852
14	20	12.412
14	21	18.397
14	22	12.844
14	23	14.459
14	24	16.86
14	25	13.823
14	26	11.724
14	27	14.973
14	28	9.4798
14	29	9.3524
14	30	10.779
14	31	15.018
14	32	9.7604
14	33	9.3369
14	34	11.2
14	35	6.9066
14	36	5.6521
14	37	5.8021
14	38	4.4581
14	39	4.1783
14	40	2.1596
14	41	3.6853
14	42	8.758
14	43	7.2537
14	44	4.5675
14	45	2.4815
14	46	3.6476
14	47	3.7152
14	48	1.7699
14	49	5.7836
14	50	4.6701
14	51	1.7703
14	52	5.853
14	53	3.706
14	54	4.0099
14	55	2.8298
14	56	6.6232
14	57	3.2306
14	58	7.3337
14	59	8.009
14	60	5.5481
14	61	6.6431
14	62	6.3982
14	63	4.7413
14	64	1.429
14	65	1.5632
14	66	2.5886
14	67	3.8727
14	68	0.52956
14	69	3.9725
14	70	2.3844
14	71	2.4529
14	72	3.6206
14	73	6.6211
14	74	2.5513
14	75	1.7824
14	76	3.5995
14	77	8.1361
14	78	3.8128
14	79	3.4752
14	80	4.9107
14	81	8.6615
14	82	8.6064
14	83	2.4982
14	84	2.599
14	85	4.2575
14	86	5.1198
14	87	1.3795
14	88	6.2918
14	89	2.3252
14	90	2.4739
14	91	3.7502
14	92	5.1911
14	93	4.5085
14	94	2.5626
14	95	2.841
14	96	6.4948
14	97	6.4948
15	16	185.83
15	17	85.397
15	18	33.373
15	19	20.925
15	20	9.7081
15	21	10.948
15	22	14.99
15	23	23.277
15	24	17.236
15	25	13.569
15	26	9.5519
15	27	14.454
15	28	12.587
15	29	8.6376
15	30	9.3684
15	31	8.739
15	32	8.6069
15	33	9.6101
15	34	11.404
15	35	8.658
15	36	5.1168
15	37	4.7262
15	38	3.7665
15	39	5.6718
15	40	3.7545
15	41	8.4569
15	42	7.6136
15	43	5.2532
15	44	3.9696
15	45	4.3117
15	46	2.8308
15	47	5.1863
15	48	4.3267
15	49	5.758
15	50	3.3807
15	51	2.4042
15	52	4.2374
15	53	3.0189
15	54	2.9045
15	55	6.6611
15	56	3.8388
15	57	5.5162
15	58	2.813
15	59	2.559
15	60	6.4935
15	61	7.2137
15	62	11.582
15	63	5.1503
15	64	2.0702
15	65	1.1313
15	66	2.8127
15	67	4.7326
15	68	2.3005
15	69	1.2318
15	70	1.554
15	71	4.7945
15	72	2.8079
15	73	4.6239
15	74	1.6626
15	75	3.8738
15	76	1.9553
15	77	4.754
15	78	5.3231
15	79	4.3139
15	80	7.999
15	81	6.0439
15	82	8.6742
15	83	3.2566
15	84	3.7653
15	85	7.8656
15	86	3.8911
15	87	1.9982
15	88	1.5772
15	89	2.5263
15	90	1.6122
15	91	2.9088
15	92	4.0214
15	93	6.9948
15	94	4.1702
15	95	6.1574
15	96	5.6309
15	97	5.6309
16	17	178.63
16	18	85.936
16	19	18.557
16	20	21.85
16	21	14.879
16	22	12.235
16	23	10.328
16	24	5.0062
16	25	10.242
16	26	12.566
16	27	7.6407
16	28	10.16
16	29	10.303
16	30	7.9192
16	31	7.8809
16	32	5.0433
16	33	9.9311
16	34	9.6478
16	35	6.3475
16	36	7.3415
16	37	8.8587
16	38	5.8979
16	39	5.7386
16	40	3.165
16	41	6.3845
16	42	7.6306
16	43	8.4232
16	44	7.9509
16	45	8.181
16	46	6.2034
16	47	7.2935
16	48	4.053
16	49	8.3913
16	50	5.7031
16	51	5.2669
16	52	5.36
16	53	5.5159
16	54	5.3099
16	55	7.7909
16	56	3.6487
16	57	5.9293
16	58	5.5392
16	59	5.1891
16	60	7.4375
16	61	2.3447
16	62	7.3419
16	63	5.2128
16	64	5.2337
16	65	4.2932
16	66	4.7406
16	67	3.548
16	68	3.8796
16	69	4.1592
16	70	3.0593
16	71	6.2909
16	72	1.4227
16	73	6.5063
16	74	3.2748
16	75	3.269
16	76	3.7173
16	77	4.6014
16	78	0.99964
16	79	3.1929
16	80	3.95
16	81	7.3916
16	82	3.9543
16	83	4.1303
16	84	1.5895
16	85	3.9086
16	86	4.6929
16	87	2.1096
16	88	2.2217
16	89	5.5522
16	90	2.7237
16	91	3.4437
16	92	2.7275
16	93	3.5546
16	94	3.5347
16	95	3.4852
16	96	7.1692
16	97	7.1692
17	18	107.96
17	19	39.166
17	20	11.175
17	21	15.533
17	22	16.404
17	23	15.98
17	24	10.658
17	25	9.5445
17	26	6.8255
17	27	9.8218
17	28	6.8676
17	29	6.1136
17	30	5.0279
17	31	7.5075
17	32	6.8287
17	33	7.7855
17	34	10.43
17	35	9.3898
17	36	7.9502
17	37	7.2764
17	38	7.4559
17	39	8.366
17	40	7.3103
17	41	6.8983
17	42	7.3817
17	43	5.4418
17	44	4.7237
17	45	7.0084
17	46	8.3398
17	47	5.4918
17	48	8.737
17	49	6.3406
17	50	7.3262
17	51	5.8381
17	52	6.8909
17	53	5.6654
17	54	2.508
17	55	3.5271
17	56	4.5314
17	57	3.8846
17	58	6.8655
17	59	4.8437
17	60	3.5938
17	61	8.6051
17	62	7.9698
17	63	4.0121
17	64	7.1765
17	65	6.3886
17	66	4.873
17	67	4.095
17	68	3.99
17	69	4.2741
17	70	1.7914
17	71	2.7695
17	72	5.3369
17	73	5.3171
17	74	3.3512
17	75	2.9222
17	76	2.941
17	77	5.2481
17	78	3.0576
17	79	3.236
17	80	2.2831
17	81	1.7278
17	82	2.8639
17	83	3.2612
17	84	5.2689
17	85	3.1798
17	86	6.2489
17	87	2.1514
17	88	1.8073
17	89	1.7342
17	90	4.6296
17	91	4.0008
17	92	4.832
17	93	2.3912
17	94	3.5752
17	95	2.6413
17	96	6.0429
17	97	6.0429
18	19	129.43
18	20	53.565
18	21	32.077
18	22	22.003
18	23	11.868
18	24	7.6441
18	25	6.4453
18	26	12.24
18	27	10.688
18	28	8.1201
18	29	9.4623
18	30	12.464
18	31	7.2357
18	32	4.1155
18	33	8.9975
18	34	10.794
18	35	13.824
18	36	9.5282
18	37	11.642
18	38	12.88
18	39	8.5501
18	40	8.319
18	41	9.4671
18	42	8.4366
18	43	10.714
18	44	8.7977
18	45	6.6911
18	46	4.0144
18	47	6.6452
18	48	2.9828
18	49	5.5706
18	50	9.4951
18	51	5.9661
18	52	4.6972
18	53	7.5839
18	54	4.7207
18	55	7.2704
18	56	5.9564
18	57	3.5572
18	58	5.4025
18	59	3.6314
18	60	7.3999
18	61	5.9084
18	62	5.6516
18	63	7.3066
18	64	7.3389
18	65	5.0177
18	66	4.1547
18	67	6.5267
18	68	9.1798
18	69	6.5595
18	70	5.9712
18	71	8.032
18	72	3.4878
18	73	4.556
18	74	5.4067
18	75	5.1509
18	76	5.2026
18	77	0.60322
18	78	5.2479
18	79	1.4354
18	80	2.3666
18	81	5.9628
18	82	1.185
18	83	3.8517
18	84	3.3384
18	85	3.2819
18	86	2.4657
18	87	2.2151
18	88	2.3318
18	89	5.3775
18	90	5.2433
18	91	2.5813
18	92	4.2891
18	93	6.8293
18	94	4.94
18	95	10.043
18	96	2.5045
18	97	6.4967
19	20	120.15
19	21	77.47
19	22	24.355
19	23	13.453
19	24	11.027
19	25	8.6112
19	26	11.324
19	27	3.2145
19	28	7.6303
19	29	9.4925
19	30	10.417
19	31	7.257
19	32	10.022
19	33	9.0198
19	34	12.169
19	35	10.771
19	36	14.59
19	37	13.117
19	38	10.079
19	39	9.6202
19	40	6.6948
19	41	7.13
19	42	13.135
19	43	11.702
19	44	12.389
19	45	5.772
19	46	5.0501
19	47	7.7138
19	48	7.7158
19	49	4.6684
19	50	9.5547
19	51	8.1516
19	52	5.6731
19	53	6.2838
19	54	5.1758
19	55	8.209
19	56	5.9736
19	57	4.9097
19	58	4.1734
19	59	5.4663
19	60	3.7149
19	61	4.4486
19	62	4.6395
19	63	5.5118
19	64	5.0781
19	65	6.5687
19	66	9.6168
19	67	6.5643
19	68	4.6197
19	69	4.9506
19	70	7.8508
19	71	5.229
19	72	4.0057
19	73	7.3224
19	74	6.9157
19	75	4.7431
19	76	6.0893
19	77	6.046
19	78	3.688
19	79	4.3154
19	80	2.9628
19	81	5.3772
19	82	1.1877
19	83	2.4138
19	84	4.1898
19	85	3.7035
19	86	2.9746
19	87	3.5583
19	88	4.2104
19	89	3.1451
19	90	1.4358
19	91	4.1426
19	92	4.2969
19	93	3.1069
19	94	3.7108
19	95	7.3133
19	96	5.0166
19	97	6.5138
20	21	110.86
20	22	25.089
20	23	20.263
20	24	10.883
20	25	8.4209
20	26	10.203
20	27	3.3114
20	28	11.524
20	29	7.9249
20	30	8.0521
20	31	10.152
20	32	6.0735
20	33	9.7802
20	34	10.44
20	35	12.138
20	36	17.914
20	37	13.103
20	38	7.4592
20	39	9.4513
20	40	8.669
20	41	6.9561
20	42	12.696
20	43	9.1967
20	44	8.7073
20	45	8.9745
20	46	7.8526
20	47	6.3925
20	48	6.6604
20	49	7.2495
20	50	6.2536
20	51	6.6749
20	52	8.8222
20	53	5.5806
20	54	5.7992
20	55	11.766
20	56	5.2782
20	57	9.6752
20	58	3.4491
20	59	5.64
20	60	3.8369
20	61	5.6124
20	62	7.4435
20	63	6.1839
20	64	5.265
20	65	7.863
20	66	5.6344
20	67	4.3706
20	68	4.2571
20	69	5.1296
20	70	8.6027
20	71	2.9552
20	72	4.1419
20	73	5.2022
20	74	6.1303
20	75	8.0213
20	76	4.4855
20	77	3.7343
20	78	5.439
20	79	4.9362
20	80	6.0948
20	81	4.919
20	82	2.4456
20	83	4.4766
20	84	5.6246
20	85	2.9703
20	86	2.5648
20	87	4.5928
20	88	4.3414
20	89	3.7034
20	90	2.9652
20	91	4.8045
20	92	1.4734
20	93	3.8308
20	94	2.5443
20	95	1.879
20	96	3.8692
20	97	3.8692
21	22	107.09
21	23	31.077
21	24	13.516
21	25	14.505
21	26	19.333
21	27	12.193
21	28	6.4837
21	29	11.513
21	30	14.22
21	31	7.5475
21	32	5.3677
21	33	11.668
21	34	15.394
21	35	14.018
21	36	8.695
21	37	12.325
21	38	8.7069
21	39	11.477
21	40	7.2113
21	41	9.7162
21	42	5.7736
21	43	8.9261
21	44	6.8245
21	45	7.4153
21	46	8.7006
21	47	4.1993
21	48	6.221
21	49	9.7437
21	50	5.0174
21	51	3.4998
21	52	9.432
21	53	7.3284
21	54	3.5247
21	55	10.781
21	56	9.705
21	57	6.0867
21	58	6.0668
21	59	8.2853
21	60	7.1264
21	61	6.2915
21	62	4.22
21	63	3.7509
21	64	4.6042
21	65	4.1226
21	66	3.0327
21	67	8.9343
21	68	5.1201
21	69	5.9884
21	70	3.3535
21	71	6.0367
21	72	5.0026
21	73	7.8996
21	74	5.3835
21	75	3.9165
21	76	6.3297
21	77	3.3047
21	78	6.227
21	79	4.803
21	80	4.3204
21	81	6.5322
21	82	3.2456
21	83	3.9548
21	84	3.4269
21	85	3.3688
21	86	2.7008
21	87	3.6387
21	88	2.5535
21	89	1.6357
21	90	4.3502
21	91	5.1835
21	92	3.2648
21	93	6.2343
21	94	3.3844
21	95	8.344
21	96	2.2891
21	97	11.873
22	23	166.76
22	24	29.351
22	25	24.719
22	26	23.345
22	27	16.955
22	28	12.079
22	29	12.056
22	30	10.296
22	31	7.6854
22	32	13.408
22	33	11.738
22	34	16.057
22	35	13.207
22	36	5.3893
22	37	5.5265
22	38	6.6044
22	39	7.9554
22	40	9.0505
22	41	9.7653
22	42	10.86
22	43	7.377
22	44	5.2214
22	45	6.1439
22	46	5.4577
22	47	7.584
22	48	7.1644
22	49	5.511
22	50	3.4593
22	51	4.2125
22	52	4.6442
22	53	4.8534
22	54	4.2477
22	55	8.1037
22	56	5.4823
22	57	7.9283
22	58	6.9953
22	59	6.7465
22	60	11.4
22	61	4.8776
22	62	5.6005
22	63	2.2585
22	64	2.7208
22	65	4.9599
22	66	2.8753
22	67	4.6116
22	68	4.0337
22	69	4.3251
22	70	1.818
22	71	5.1398
22	72	3.4526
22	73	6.7668
22	74	2.9192
22	75	2.5498
22	76	6.4448
22	77	5.984
22	78	6.2384
22	79	6.1688
22	80	4.1091
22	81	5.3235
22	82	3.5257
22	83	4.774
22	84	2.8931
22	85	2.0327
22	86	1.9523
22	87	2.633
22	88	1.8488
22	89	2.6657
22	90	2.3607
22	91	3.0704
22	92	7.0926
22	93	6.1618
22	94	4.9009
22	95	3.6242
22	96	6.2111
22	97	6.2111
23	24	132.7
23	25	44.118
23	26	25.22
23	27	34.589
23	28	23.788
23	29	17.594
23	30	12.17
23	31	21.34
23	32	15.093
23	33	15.326
23	34	15.811
23	35	8.0014
23	36	4.5528
23	37	5.7087
23	38	4.2524
23	39	3.3622
23	40	2.781
23	41	4.8381
23	42	11.289
23	43	6.2318
23	44	5.8831
23	45	2.1303
23	46	3.9136
23	47	3.4183
23	48	5.698
23	49	4.6567
23	50	2.2276
23	51	2.3736
23	52	2.617
23	53	2.9829
23	54	0.95692
23	55	5.0689
23	56	8.0693
23	57	6.9436
23	58	5.0971
23	59	9.1145
23	60	7.7931
23	61	4.3941
23	62	7.4519
23	63	4.5805
23	64	3.5771
23	65	3.3543
23	66	3.7029
23	67	3.637
23	68	1.7048
23	69	3.0465
23	70	4.6079
23	71	1.053
23	72	4.4446
23	73	4.5726
23	74	2.1922
23	75	1.9144
23	76	2.4184
23	77	7.4086
23	78	5.854
23	79	3.2041
23	80	6.6052
23	81	7.9878
23	82	6.6141
23	83	1.612
23	84	3.2575
23	85	4.5763
23	86	6.0479
23	87	1.9765
23	88	2.0813
23	89	3.5003
23	90	1.595
23	91	1.7282
23	92	4.7898
23	93	5.5457
23	94	5.5457
23	95	8.1589
23	96	18.179
23	97	7.2536
24	25	137.07
24	26	64.646
24	27	45.248
24	28	22.532
24	29	23.278
24	30	11.265
24	31	19.753
24	32	12.749
24	33	13.202
24	34	15.322
24	35	4.7561
24	36	2.8158
24	37	4.3383
24	38	4.9388
24	39	4.1672
24	40	3.4449
24	41	2.4471
24	42	9.1603
24	43	7.2274
24	44	3.6428
24	45	2.4743
24	46	4.1572
24	47	3.1748
24	48	4.411
24	49	2.8824
24	50	6.2088
24	51	2.2071
24	52	3.4051
24	53	3.233
24	54	2.2199
24	55	5.1658
24	56	6.1531
24	57	3.2172
24	58	5.586
24	59	11.728
24	60	4.2504
24	61	6.6154
24	62	6.3699
24	63	1.4181
24	64	0.95007
24	65	0.51978
24	66	4.3019
24	67	2.4127
24	68	3.1685
24	69	1.6976
24	70	1.9013
24	71	4.8911
24	72	1.5461
24	73	1.4134
24	74	2.5423
24	75	1.3317
24	76	3.5832
24	77	8.7178
24	78	3.7969
24	79	1.4817
24	80	3.663
24	81	13.539
24	82	6.1163
24	83	2.4862
24	84	3.8828
24	85	4.2384
24	86	2.041
24	87	1.8319
24	88	1.9271
24	89	0.92562
24	90	0.98548
24	91	1.5999
24	92	3.6882
24	93	5.7633
24	94	1.2744
24	95	3.767
24	96	6.4605
24	97	6.7072
25	26	172.08
25	27	56.153
25	28	33.982
25	29	17.996
25	30	12.067
25	31	16.812
25	32	18.592
25	33	14.089
25	34	11.926
25	35	4.7654
25	36	6.3069
25	37	1.7236
25	38	3.0891
25	39	4.1849
25	40	6.5419
25	41	4.3887
25	42	4.6933
25	43	5.6111
25	44	6.5129
25	45	4.8622
25	46	3.7118
25	47	5.6771
25	48	4.3364
25	49	5.157
25	50	1.3869
25	51	3.1505
25	52	3.0408
25	53	4.1272
25	54	3.1808
25	55	5.0616
25	56	5.9289
25	57	2.8886
25	58	7.3218
25	59	5.479
25	60	8.7691
25	61	5.0274
25	62	6.2036
25	63	2.1132
25	64	2.9684
25	65	4.1745
25	66	3.0729
25	67	5.1775
25	68	4.7161
25	69	2.0234
25	70	5.955
25	71	2.6227
25	72	1.8473
25	73	4.2242
25	74	5.0106
25	75	2.3873
25	76	1.2079
25	77	8.4223
25	78	5.8452
25	79	5.3411
25	80	4.4078
25	81	6.1061
25	82	8.2711
25	83	4.0285
25	84	3.0968
25	85	4.9531
25	86	2.2843
25	87	2.4663
25	88	2.5993
25	89	2.0827
25	90	3.0961
25	91	2.8787
25	92	7.3269
25	93	8.1022
25	94	4.6044
25	95	5.9632
25	96	17.52
25	97	6.0503
26	27	145.84
26	28	38.257
26	29	22.928
26	30	23.264
26	31	18.415
26	32	18.554
26	33	16.88
26	34	15.119
26	35	9.9156
26	36	9.6801
26	37	1.8899
26	38	4.8396
26	39	4.5896
26	40	5.0653
26	41	4.0106
26	42	6.8605
26	43	4.2587
26	44	5.3573
26	45	3.3932
26	46	4.581
26	47	4.149
26	48	3.4592
26	49	6.5967
26	50	4.0552
26	51	5.6172
26	52	2.3818
26	53	2.7157
26	54	3.9235
26	55	2.7734
26	56	6.4972
26	57	3.6181
26	58	2.9573
26	59	5.5418
26	60	3.3442
26	61	3.0042
26	62	7.8414
26	63	3.7077
26	64	1.8608
26	65	4.5773
26	66	5.4783
26	67	1.8926
26	68	2.5859
26	69	2.2178
26	70	3.7311
26	71	1.9172
26	72	4.0489
26	73	6.4826
26	74	2.4965
26	75	3.4901
26	76	3.9708
26	77	6.7589
26	78	6.9371
26	79	4.8742
26	80	6.0303
26	81	5.4673
26	82	7.8446
26	83	4.903
26	84	4.6677
26	85	5.4281
26	86	6.009
26	87	2.2526
26	88	3.7971
26	89	2.2817
26	90	2.9081
26	91	1.5763
26	92	2.1848
26	93	3.1661
26	94	3.7754
26	95	6.5127
26	96	3.8268
26	97	13.224
27	28	113.22
27	29	44.25
27	30	27.607
27	31	30.455
27	32	14.941
27	33	13.684
27	34	11.697
27	35	8.8816
27	36	5.236
27	37	5.9057
27	38	5.4997
27	39	5.216
27	40	0.95939
27	41	3.1888
27	42	6.8182
27	43	5.3752
27	44	5.0728
27	45	1.1018
27	46	3.471
27	47	2.9463
27	48	6.3881
27	49	5.8891
27	50	5.7605
27	51	5.4029
27	52	2.1654
27	53	3.6003
27	54	2.4762
27	55	4.7235
27	56	5.4089
27	57	4.1084
27	58	2.3992
27	59	9.9617
27	60	2.3739
27	61	6.2533
27	62	4.7477
27	63	1.0532
27	64	2.6438
27	65	1.7341
27	66	3.8318
27	67	2.688
27	68	2.351
27	69	3.7795
27	70	3.179
27	71	5.4466
27	72	3.4489
27	73	2.6295
27	74	3.4027
27	75	0.9911
27	76	1.5027
27	77	5.5766
27	78	4.2411
27	79	3.3186
27	80	4.1042
27	81	5.513
27	82	5.4767
27	83	5.0078
27	84	2.8913
27	85	2.8443
27	86	4.5502
27	87	1.5346
27	88	2.1552
27	89	2.0718
27	90	2.2013
27	91	2.9818
27	92	5.7811
27	93	8.6166
27	94	4.2805
27	95	13.708
27	96	15.903
27	97	15.002
28	29	100.86
28	30	47.881
28	31	45.945
28	32	25.169
28	33	20.276
28	34	14.075
28	35	9.0012
28	36	2.9818
28	37	5.6038
28	38	1.5654
28	39	2.1992
28	40	4.5506
28	41	1.7293
28	42	5.0848
28	43	5.1017
28	44	4.3318
28	45	2.6131
28	46	7.1335
28	47	5.5918
28	48	2.797
28	49	8.6363
28	50	6.0119
28	51	4.6583
28	52	3.0817
28	53	2.44
28	54	2.3502
28	55	3.9867
28	56	8.4049
28	57	8.289
28	58	5.4653
28	59	9.9573
28	60	5.8582
28	61	7.5585
28	62	10.146
28	63	4.497
28	64	6.5199
28	65	3.2904
28	66	2.7257
28	67	3.5708
28	68	3.9034
28	69	5.3805
28	70	5.028
28	71	3.6174
28	72	1.0914
28	73	3.9939
28	74	3.2302
28	75	1.8813
28	76	2.3783
28	77	5.9627
28	78	5.1781
28	79	7.3565
28	80	9.7505
28	81	8.5134
28	82	7.1565
28	83	4.757
28	84	5.0319
28	85	5.4013
28	86	3.7793
28	87	0.48574
28	88	1.0233
28	89	1.0233
28	90	2.0902
28	91	4.5318
28	92	1.5705
28	93	6.1418
28	94	6.1418
28	95	7.0217
28	96	4.1253
28	97	4.1253
29	30	133.07
29	31	65.964
29	32	29.212
29	33	24.91
29	34	24.313
29	35	15.458
29	36	11.499
29	37	8.1739
29	38	5.5822
29	39	4.9056
29	40	2.028
29	41	9.9939
29	42	11.923
29	43	7.7194
29	44	6.8629
29	45	4.6617
29	46	9.2983
29	47	8.4743
29	48	4.5706
29	49	8.1471
29	50	6.3358
29	51	4.1562
29	52	8.2462
29	53	5.6557
29	54	3.765
29	55	5.3132
29	56	4.9735
29	57	3.8993
29	58	5.6701
29	59	7.9612
29	60	4.8073
29	61	7.1968
29	62	4.5051
29	63	4.8981
29	64	5.3684
29	65	7.3422
29	66	6.4824
29	67	5.0009
29	68	6.9636
29	69	5.864
29	70	7.613
29	71	4.6075
29	72	2.9143
29	73	6.2165
29	74	3.354
29	75	1.6735
29	76	5.0684
29	77	6.4637
29	78	5.1142
29	79	8.3888
29	80	9.7961
29	81	7.5516
29	82	5.7718
29	83	4.6906
29	84	4.8798
29	85	3.9965
29	86	2.8851
29	87	3.4538
29	88	3.1807
29	89	3.4922
29	90	3.2519
29	91	4.5269
29	92	4.8749
29	93	4.8375
29	94	4.8136
29	95	4.4482
29	96	1.2205
29	97	12.662
30	31	163.09
30	32	44.894
30	33	29.252
30	34	24.245
30	35	13.228
30	36	10.695
30	37	7.8379
30	38	4.2821
30	39	4.5138
30	40	5.1344
30	41	6.6427
30	42	8.998
30	43	7.3199
30	44	12.834
30	45	9.1161
30	46	5.6301
30	47	8.6032
30	48	4.3035
30	49	9.8981
30	50	6.1677
30	51	5.2589
30	52	7.9047
30	53	4.0046
30	54	3.3717
30	55	7.143
30	56	7.6448
30	57	9.4855
30	58	5.5987
30	59	8.1544
30	60	7.3849
30	61	8.8446
30	62	7.4995
30	63	4.6118
30	64	3.6024
30	65	5.6284
30	66	1.3985
30	67	4.1854
30	68	7.4383
30	69	5.5196
30	70	4.1237
30	71	4.7712
30	72	5.0328
30	73	4.6029
30	74	2.7583
30	75	2.4094
30	76	3.8947
30	77	8.1295
30	78	8.2483
30	79	5.3741
30	80	1.3291
30	81	8.0363
30	82	5.3229
30	83	3.2443
30	84	5.6219
30	85	3.2246
30	86	3.3206
30	87	1.4921
30	88	0.5237
30	89	3.523
30	90	1.0703
30	91	2.8985
30	92	2.4083
30	93	8.3693
30	94	4.1606
30	95	4.1009
30	96	5.6237
30	97	5.6237
31	32	122.82
31	33	50.809
31	34	30.153
31	35	10.302
31	36	8.6173
31	37	6.2412
31	38	4.7952
31	39	6.1783
31	40	5.5762
31	41	7.9351
31	42	13.67
31	43	5.7246
31	44	7.3708
31	45	3.2028
31	46	4.4841
31	47	3.4254
31	48	4.2842
31	49	9.8523
31	50	5.5809
31	51	2.8558
31	52	6.8194
31	53	6.4781
31	54	4.3154
31	55	10.156
31	56	6.1817
31	57	2.4844
31	58	7.4302
31	59	8.1157
31	60	11.027
31	61	7.1512
31	62	9.1854
31	63	5.1008
31	64	5.1234
31	65	6.723
31	66	4.6407
31	67	4.1663
31	68	5.1258
31	69	3.0519
31	70	3.0785
31	71	2.6384
31	72	3.8959
31	73	6.6177
31	74	3.2945
31	75	5.2762
31	76	3.876
31	77	5.3917
31	78	9.9669
31	79	5.3471
31	80	9.2563
31	81	12.659
31	82	11.253
31	83	5.919
31	84	3.2642
31	85	2.7509
31	86	4.9575
31	87	2.9702
31	88	3.127
31	89	1.0017
31	90	4.7935
31	91	5.1916
31	92	6.3871
31	93	7.6321
31	94	4.138
31	95	12.231
31	96	8.3865
31	97	7.2531
32	33	233.01
32	34	58.307
32	35	29.307
32	36	9.7962
32	37	7.6818
32	38	4.8438
32	39	6.3794
32	40	6.8666
32	41	9.53
32	42	10.722
32	43	8.8741
32	44	6.7018
32	45	7.2761
32	46	2.548
32	47	7.132
32	48	6.493
32	49	11.195
32	50	8.2408
32	51	7.0319
32	52	4.7665
32	53	2.8308
32	54	3.8156
32	55	5.1971
32	56	8.1169
32	57	7.9116
32	58	4.7542
32	59	6.3448
32	60	5.2269
32	61	9.3784
32	62	9.7907
32	63	2.8981
32	64	1.7469
32	65	6.996
32	66	4.7475
32	67	3.5511
32	68	7.1162
32	69	4.1568
32	70	2.3326
32	71	2.9971
32	72	4.4261
32	73	5.7871
32	74	6.8639
32	75	1.6365
32	76	4.4089
32	77	6.8922
32	78	9.9955
32	79	6.6911
32	80	14.288
32	81	8.3308
32	82	10.533
32	83	7.3441
32	84	4.2431
32	85	5.7384
32	86	4.3801
32	87	2.2516
32	88	4.1489
32	89	4.5585
32	90	3.0275
32	91	5.9022
32	92	5.4405
32	93	7.1046
32	94	4.7018
32	95	9.2546
32	96	11.105
32	97	16.464
33	34	149.28
33	35	19.94
33	36	11.135
33	37	15.7
33	38	12.182
33	39	5.649
33	40	8.9239
33	41	5.6495
33	42	11.65
33	43	7.144
33	44	6.7418
33	45	9.7621
33	46	7.6872
33	47	6.2664
33	48	4.7888
33	49	6.1671
33	50	6.6356
33	51	2.6106
33	52	3.3577
33	53	3.6458
33	54	5.2654
33	55	6.0461
33	56	7.4062
33	57	5.9157
33	58	8.9271
33	59	9.7566
33	60	6.7297
33	61	12.093
33	62	8.4153
33	63	3.2659
33	64	4.2156
33	65	6.6589
33	66	4.2431
33	67	5.2399
33	68	6.7708
33	69	8.934
33	70	7.0416
33	71	5.7914
33	72	5.0944
33	73	6.9902
33	74	5.0257
33	75	0.43903
33	76	4.8827
33	77	8.6528
33	78	4.2961
33	79	4.9022
33	80	7.8832
33	81	6.1095
33	82	7.2836
33	83	3.9453
33	84	5.9772
33	85	4.6198
33	86	3.0244
33	87	1.36
33	88	2.3873
33	89	1.8359
33	90	2.9263
33	91	4.2288
33	92	8.0581
33	93	8.911
33	94	2.5308
33	95	15.907
33	96	5.1312
33	97	6.6533
34	35	68.815
34	36	13.208
34	37	14.887
34	38	17.33
34	39	13.143
34	40	5.4414
34	41	14.368
34	42	15.974
34	43	7.4569
34	44	10.23
34	45	6.9417
34	46	8.0186
34	47	6.6844
34	48	11.149
34	49	6.749
34	50	5.8074
34	51	6.1882
34	52	10.913
34	53	8.4273
34	54	4.9962
34	55	11.922
34	56	11.174
34	57	7.7766
34	58	6.6592
34	59	11.248
34	60	10.783
34	61	5.7392
34	62	8.9888
34	63	7.3013
34	64	5.3299
34	65	2.1844
34	66	6.6395
34	67	2.7107
34	68	8.1469
34	69	6.3508
34	70	6.0122
34	71	8.9235
34	72	7.9741
34	73	6.6338
34	74	5.7217
34	75	1.8753
34	76	5.0587
34	77	9.6834
34	78	9.1742
34	79	4.8899
34	80	11.233
34	81	10.444
34	82	4.3225
34	83	4.2153
34	84	6.6881
34	85	4.1887
34	86	3.5858
34	87	2.582
34	88	5.441
34	89	4.5781
34	90	5.5552
34	91	6.0225
34	92	13.559
34	93	6.3502
34	94	7.2076
34	95	9.3221
34	96	20.079
34	97	28.406
35	36	84.119
35	37	66.669
35	38	60.403
35	39	40.386
35	40	31.61
35	41	28.327
35	42	25.158
35	43	18.504
35	44	9.2069
35	45	11.572
35	46	13.807
35	47	10.133
35	48	8.4477
35	49	12.278
35	50	13.753
35	51	11.249
35	52	8.2696
35	53	7.8593
35	54	10.416
35	55	9.5475
35	56	8.9507
35	57	5.899
35	58	5.5087
35	59	7.0291
35	60	5.9055
35	61	8.1645
35	62	6.8219
35	63	5.0308
35	64	9.0848
35	65	9.3788
35	66	8.2305
35	67	7.7041
35	68	7.8564
35	69	10.832
35	70	6.0767
35	71	7.8032
35	72	8.2469
35	73	9.5587
35	74	8.6767
35	75	6.1614
35	76	6.7174
35	77	8.0261
35	78	8.1213
35	79	9.549
35	80	6.5666
35	81	7.275
35	82	3.2841
35	83	4.8006
35	84	7.3786
35	85	4.9946
35	86	2.7191
35	87	6.3653
35	88	4.6459
35	89	2.9787
35	90	5.7949
35	91	5.1439
35	92	9.5177
35	93	7.588
35	94	5.4825
35	95	12.166
35	96	2.7792
35	97	7.1984
36	37	118.31
36	38	66.042
36	39	58.274
36	40	32.893
36	41	27.948
36	42	18.273
36	43	20.202
36	44	15.65
36	45	10.877
36	46	16.885
36	47	10.612
36	48	10.951
36	49	11.92
36	50	10.876
36	51	12.664
36	52	13.018
36	53	11.028
36	54	11.426
36	55	4.9114
36	56	5.0073
36	57	5.2453
36	58	2.4539
36	59	4.4591
36	60	4.8529
36	61	6.2925
36	62	3.531
36	63	4.9638
36	64	11.351
36	65	9.9449
36	66	9.8672
36	67	11.055
36	68	12.62
36	69	19.463
36	70	9.521
36	71	10.278
36	72	12.279
36	73	5.3836
36	74	5.8158
36	75	8.4546
36	76	5.1065
36	77	3.5429
36	78	6.1917
36	79	4.2149
36	80	4.6263
36	81	4.0838
36	82	4.0608
36	83	3.3032
36	84	4.1046
36	85	1.2077
36	86	2.9196
36	87	2.1784
36	88	3.2034
36	89	4.8312
36	90	7.9701
36	91	6.5841
36	92	4.1947
36	93	7.8761
36	94	8.4506
36	95	5.3502
36	96	6.1206
36	97	12.733
37	38	121.63
37	39	68.895
37	40	39.008
37	41	28.743
37	42	16.661
37	43	18.906
37	44	15.687
37	45	12.687
37	46	14.349
37	47	11.462
37	48	17.808
37	49	9.9223
37	50	10.709
37	51	10.025
37	52	10.556
37	53	9.0995
37	54	9.1513
37	55	5.0458
37	56	2.5697
37	57	3.5935
37	58	4.627
37	59	3.2062
37	60	5.8217
37	61	4.4766
37	62	4.1434
37	63	5.5828
37	64	8.4354
37	65	10.783
37	66	10.182
37	67	10.921
37	68	9.8973
37	69	11.152
37	70	9.809
37	71	11.565
37	72	11.627
37	73	6.9231
37	74	6.9851
37	75	13.049
37	76	6.5534
37	77	4.235
37	78	5.3023
37	79	3.8396
37	80	5.3274
37	81	4.7799
37	82	1.7832
37	83	5.324
37	84	7.5956
37	85	4.96
37	86	4.0089
37	87	5.3745
37	88	2.3488
37	89	8.1092
37	90	7.2279
37	91	7.7955
37	92	6.4391
37	93	1.8582
37	94	16.053
37	95	6.379
37	96	1.2516
37	97	13.044
38	39	112.26
38	40	44.32
38	41	26.583
38	42	22.76
38	43	21.795
38	44	12.862
38	45	10.504
38	46	8.929
38	47	11.215
38	48	11.128
38	49	13.075
38	50	19.863
38	51	12.956
38	52	14.756
38	53	13.523
38	54	7.5911
38	55	8.9291
38	56	5.2644
38	57	4.602
38	58	4.7403
38	59	3.7541
38	60	3.834
38	61	6.6259
38	62	4.245
38	63	5.7218
38	64	7.2042
38	65	7.3707
38	66	12.608
38	67	14.112
38	68	11.747
38	69	12.005
38	70	10.053
38	71	14.324
38	72	9.3257
38	73	11.823
38	74	6.1357
38	75	5.3477
38	76	5.3708
38	77	6.1993
38	78	5.9764
38	79	3.4413
38	80	2.4251
38	81	4.2844
38	82	2.436
38	83	6.9409
38	84	3.891
38	85	2.5404
38	86	7.1906
38	87	3.6711
38	88	5.2936
38	89	4.1532
38	90	7.4058
38	91	6.3895
38	92	4.3988
38	93	4.4404
38	94	11.386
38	95	3.7358
38	96	3.8479
38	97	6.6846
39	40	82.206
39	41	66.915
39	42	31.419
39	43	37.846
39	44	17.96
39	45	19.033
39	46	17.769
39	47	12.98
39	48	14.114
39	49	14.324
39	50	14.916
39	51	14.646
39	52	9.359
39	53	10.35
39	54	5.659
39	55	4.9578
39	56	6.0134
39	57	4.8554
39	58	4.094
39	59	5.4445
39	60	4.9463
39	61	3.226
39	62	3.9169
39	63	7.0534
39	64	9.1403
39	65	12.247
39	66	9.1933
39	67	8.2275
39	68	15.804
39	69	13.893
39	70	15.675
39	71	11.484
39	72	14.221
39	73	6.9892
39	74	7.0188
39	75	10.821
39	76	9.9123
39	77	2.6116
39	78	7.4508
39	79	4.6612
39	80	4.4684
39	81	5.1563
39	82	4.49
39	83	3.658
39	84	2.7374
39	85	1.786
39	86	4.3391
39	87	3.8737
39	88	4.0591
39	89	5.3506
39	90	5.2097
39	91	5.0517
39	92	5.4009
39	93	4.0046
39	94	6.6564
39	95	6.8737
39	96	5.3951
39	97	7.0374
40	41	137.58
40	42	49.976
40	43	38.417
40	44	17.613
40	45	12.64
40	46	16.474
40	47	15.361
40	48	11.636
40	49	13.083
40	50	10.477
40	51	14.401
40	52	14.573
40	53	11.379
40	54	11.676
40	55	6.5558
40	56	6.8844
40	57	5.6169
40	58	7.5125
40	59	4.9097
40	60	5.9408
40	61	7.5551
40	62	6.4781
40	63	9.973
40	64	11.298
40	65	10.093
40	66	5.682
40	67	11.45
40	68	10.702
40	69	7.4742
40	70	8.7613
40	71	9.039
40	72	7.227
40	73	7.0083
40	74	6.2403
40	75	9.3222
40	76	10.926
40	77	4.868
40	78	7.5802
40	79	7.2889
40	80	2.1159
40	81	1.6021
40	82	4.7819
40	83	3.8914
40	84	5.6528
40	85	4.7986
40	86	4.0297
40	87	2.0003
40	88	2.9373
40	89	5.6334
40	90	6.8877
40	91	5.5725
40	92	6.3993
40	93	2.7676
40	94	17.672
40	95	4.8943
40	96	5.6012
40	97	5.6012
41	42	87.246
41	43	36.66
41	44	19.226
41	45	14.35
41	46	15.923
41	47	11.397
41	48	10.954
41	49	8.3519
41	50	11.574
41	51	12.067
41	52	6.8519
41	53	11.857
41	54	8.4464
41	55	7.7591
41	56	4.3521
41	57	5.6957
41	58	4.6156
41	59	4.6503
41	60	5.2665
41	61	3.7861
41	62	6.1392
41	63	6.6525
41	64	7.4745
41	65	8.1894
41	66	5.3435
41	67	9.9865
41	68	7.4389
41	69	9.8514
41	70	6.6866
41	71	5.6718
41	72	6.8236
41	73	8.9595
41	74	7.5726
41	75	5.5039
41	76	5.548
41	77	8.7432
41	78	2.6905
41	79	6.5202
41	80	6.0435
41	81	5.0803
41	82	3.5358
41	83	3.2836
41	84	4.2773
41	85	3.4985
41	86	5.9133
41	87	3.4064
41	88	3.9783
41	89	4.583
41	90	3.6656
41	91	7.048
41	92	5.4847
41	93	5.8069
41	94	4.2093
41	95	10.118
41	96	3.2041
41	97	5.5477
42	43	65.235
42	44	33.888
42	45	20.184
42	46	11.977
42	47	16.884
42	48	15.242
42	49	18.725
42	50	9.1742
42	51	8.6124
42	52	12.941
42	53	11.052
42	54	7.8589
42	55	11.204
42	56	10.862
42	57	8.5294
42	58	12.536
42	59	7.4601
42	60	9.3914
42	61	8.5476
42	62	8.4409
42	63	5.0258
42	64	5.0537
42	65	5.5353
42	66	4.1948
42	67	6.8397
42	68	6.0879
42	69	3.011
42	70	4.6298
42	71	4.3356
42	72	4.5619
42	73	11.668
42	74	6.3008
42	75	3.5333
42	76	5.1422
42	77	6.0453
42	78	8.6317
42	79	6.0994
42	80	8.0736
42	81	7.601
42	82	11.336
42	83	3.072
42	84	4.5759
42	85	6.7359
42	86	5.422
42	87	2.429
42	88	1.7019
42	89	3.6757
42	90	5.2272
42	91	7.0645
42	92	3.9054
42	93	7.8973
42	94	5.6204
42	95	13.293
42	96	3.4207
42	97	17.779
43	44	99.987
43	45	37.391
43	46	27.025
43	47	30.093
43	48	29.407
43	49	26.361
43	50	19.288
43	51	17.771
43	52	17.187
43	53	8.606
43	54	9.5596
43	55	11.918
43	56	8.5682
43	57	6.7315
43	58	6.7183
43	59	7.7829
43	60	9.9644
43	61	9.4421
43	62	5.1786
43	63	8.8038
43	64	7.9257
43	65	14.298
43	66	13.507
43	67	8.5131
43	68	10.366
43	69	9.9922
43	70	8.3793
43	71	9.5943
43	72	6.5557
43	73	8.752
43	74	10.948
43	75	6.5102
43	76	9.1737
43	77	6.0622
43	78	7.9461
43	79	4.3268
43	80	4.7486
43	81	2.3954
43	82	7.1462
43	83	2.4223
43	84	4.6354
43	85	5.7866
43	86	4.9961
43	87	4.9208
43	88	4.6981
43	89	5.4107
43	90	8.1822
43	91	9.879
43	92	7.8938
43	93	1.2437
43	94	8.674
43	95	3.6612
43	96	3.6612
43	97	6.5358
44	45	122.09
44	46	59.508
44	47	44.773
44	48	37.726
44	49	45.066
44	50	28.891
44	51	23.864
44	52	19.933
44	53	11.169
44	54	10.288
44	55	11.266
44	56	7.2814
44	57	8.4855
44	58	5.561
44	59	5.6248
44	60	7.0687
44	61	7.9882
44	62	5.3825
44	63	7.4678
44	64	9.7322
44	65	4.3638
44	66	7.6094
44	67	12.554
44	68	14.264
44	69	12.113
44	70	6.1748
44	71	6.8252
44	72	9.5504
44	73	7.8467
44	74	7.5394
44	75	4.5181
44	76	4.9526
44	77	4.5753
44	78	7.5138
44	79	2.7208
44	80	3.3565
44	81	3.3881
44	82	6.7412
44	83	6.8594
44	84	3.1884
44	85	5.4656
44	86	5.2063
44	87	3.3843
44	88	3.9938
44	89	3.4047
44	90	7.2832
44	91	6.8748
44	92	6.7648
44	93	7.6096
44	94	8.1711
44	95	3.4473
44	96	5.9167
44	97	18.501
45	46	119.08
45	47	69.09
45	48	50.453
45	49	44.19
45	50	30.407
45	51	25.997
45	52	17.761
45	53	12.628
45	54	8.0598
45	55	9.4196
45	56	9.2309
45	57	6.9189
45	58	7.3444
45	59	9.8755
45	60	8.1139
45	61	7.1508
45	62	9.5706
45	63	10.521
45	64	9.1554
45	65	7.3941
45	66	8.7233
45	67	5.3688
45	68	12.319
45	69	11.464
45	70	6.7204
45	71	7.4305
45	72	8.8294
45	73	6.6373
45	74	7.1776
45	75	7.1488
45	76	8.5211
45	77	8.0688
45	78	5.9889
45	79	5.908
45	80	7.2841
45	81	4.2895
45	82	4.8784
45	83	4.4701
45	84	8.2337
45	85	4.2429
45	86	5.6641
45	87	5.5194
45	88	4.339
45	89	6.4723
45	90	5.4433
45	91	3.7338
45	92	4.4025
45	93	4.4444
45	94	5.0649
45	95	4.671
45	96	3.8495
45	97	6.6927
46	47	112.52
46	48	70.321
46	49	55.589
46	50	38.545
46	51	20.238
46	52	20.726
46	53	12.28
46	54	9.8726
46	55	6.9233
46	56	5.0754
46	57	6.7797
46	58	6.8028
46	59	3.4563
46	60	7.1726
46	61	4.2913
46	62	3.9083
46	63	4.5195
46	64	7.5889
46	65	10.541
46	66	4.5798
46	67	7.6878
46	68	9.5635
46	69	11.444
46	70	6.5527
46	71	8.3243
46	72	9.274
46	73	5.9737
46	74	3.7685
46	75	4.6907
46	76	4.238
46	77	3.2605
46	78	4.0028
46	79	3.1018
46	80	4.4627
46	81	1.9312
46	82	6.4058
46	83	4.6934
46	84	4.0946
46	85	4.4537
46	86	7.0314
46	87	4.8294
46	88	5.0626
46	89	5.824
46	90	7.7948
46	91	5.6019
46	92	6.9405
46	93	4.0007
46	94	9.3137
46	95	3.9291
46	96	4.0472
46	97	4.0472
47	48	106.33
47	49	84.533
47	50	39.178
47	51	33.496
47	52	27.912
47	53	14.983
47	54	8.6107
47	55	9.5675
47	56	6.5828
47	57	5.9175
47	58	5.5419
47	59	5.5306
47	60	4.1093
47	61	10.372
47	62	6.2532
47	63	7.1496
47	64	7.7168
47	65	10.707
47	66	7.452
47	67	6.776
47	68	10.291
47	69	9.1781
47	70	7.6913
47	71	10.049
47	72	8.3225
47	73	7.5997
47	74	9.8581
47	75	4.7752
47	76	3.8369
47	77	4.6468
47	78	4.0736
47	79	5.2677
47	80	5.8467
47	81	5.9004
47	82	6.5222
47	83	3.7188
47	84	5.096
47	85	5.4453
47	86	3.8499
47	87	7.3747
47	88	3.6092
47	89	6.4289
47	90	8.4632
47	91	3.4224
47	92	7.0628
47	93	6.1174
47	94	9.4829
47	95	6.9936
47	96	1.3721
47	97	1.3721
48	49	127.11
48	50	50.398
48	51	29.105
48	52	28.1
48	53	16.235
48	54	10.765
48	55	7.5552
48	56	10.579
48	57	8.6309
48	58	10.389
48	59	4.1915
48	60	7.2271
48	61	5.9185
48	62	7.5841
48	63	9.365
48	64	3.8581
48	65	10.34
48	66	5.4324
48	67	10.861
48	68	10.009
48	69	7.6563
48	70	5.9834
48	71	11.023
48	72	11.104
48	73	8.4463
48	74	5.9358
48	75	9.9477
48	76	3.9976
48	77	3.3245
48	78	3.8824
48	79	9.6633
48	80	4.8768
48	81	5.4706
48	82	3.2657
48	83	5.3154
48	84	3.0885
48	85	2.2689
48	86	2.7519
48	87	3.6885
48	88	4.2986
48	89	6.1834
48	90	3.9686
48	91	8.0868
48	92	5.2442
48	93	2.2682
48	94	10.181
48	95	6.6837
48	96	5.737
48	97	5.9782
49	50	79.173
49	51	46.838
49	52	27.216
49	53	19.019
49	54	13.887
49	55	14.629
49	56	11.955
49	57	10.743
49	58	9.6378
49	59	6.8473
49	60	7.4576
49	61	8.426
49	62	14.971
49	63	7.8729
49	64	9.3264
49	65	6.1306
49	66	11.821
49	67	6.6179
49	68	13.996
49	69	9.989
49	70	8.3712
49	71	8.1535
49	72	7.5523
49	73	5.977
49	74	11.926
49	75	4.3325
49	76	4.7903
49	77	4.2241
49	78	5.8119
49	79	5.7437
49	80	5.9056
49	81	4.1718
49	82	5.3356
49	83	4.8259
49	84	2.9432
49	85	5.3559
49	86	2.994
49	87	4.0164
49	88	4.6823
49	89	4.941
49	90	6.722
49	91	4.1448
49	92	7.1386
49	93	8.0365
49	94	11.09
49	95	9.0958
49	96	4.9961
49	97	4.9961
50	51	118.51
50	52	55.675
50	53	29.817
50	54	20.592
50	55	14.279
50	56	11.491
50	57	11.573
50	58	8.5813
50	59	8.3576
50	60	4.9114
50	61	6.407
50	62	5.0027
50	63	11.994
50	64	14.099
50	65	10.484
50	66	14.131
50	67	10.712
50	68	12.313
50	69	14.374
50	70	13.044
50	71	10.354
50	72	9.771
50	73	9.9114
50	74	10.18
50	75	7.4731
50	76	6.0959
50	77	7.7872
50	78	8.5375
50	79	8.2379
50	80	8.2526
50	81	3.2039
50	82	3.8254
50	83	7.7897
50	84	5.4366
50	85	3.1053
50	86	4.3053
50	87	3.8466
50	88	3.5287
50	89	4.8341
50	90	8.277
50	91	8.9226
50	92	10.74
50	93	5.9766
50	94	13.24
50	95	6.8369
50	96	4.0243
50	97	4.0243
51	52	87.723
51	53	33.424
51	54	23.579
51	55	15.544
51	56	9.4032
51	57	11.519
51	58	10.02
51	59	7.9689
51	60	11.427
51	61	8.6592
51	62	5.2165
51	63	5.5516
51	64	9.8988
51	65	15.108
51	66	9.7396
51	67	12.64
51	68	16.75
51	69	15.37
51	70	9.0001
51	71	10.621
51	72	11.594
51	73	11.423
51	74	8.2376
51	75	6.378
51	76	7.5987
51	77	3.8754
51	78	3.8869
51	79	3.5108
51	80	8.1155
51	81	6.0105
51	82	3.8068
51	83	5.3134
51	84	6.5717
51	85	4.9169
51	86	5.5186
51	87	3.2825
51	88	5.1592
51	89	9.478
51	90	7.5062
51	91	5.7091
51	92	5.2368
51	93	3.9593
51	94	7.9049
51	95	9.17
51	96	2.2901
51	97	2.2901
52	53	78.655
52	54	53.262
52	55	33.795
52	56	19.872
52	57	20.4
52	58	13.59
52	59	9.2432
52	60	10.076
52	61	9.0359
52	62	12.54
52	63	14.575
52	64	12.32
52	65	20.255
52	66	13.297
52	67	18.238
52	68	15.274
52	69	14.655
52	70	16.046
52	71	13.152
52	72	10.212
52	73	9.7873
52	74	8.5673
52	75	10.102
52	76	8.375
52	77	6.0985
52	78	7.4921
52	79	7.2572
52	80	7.7537
52	81	4.2151
52	82	4.1941
52	83	8.2973
52	84	3.4077
52	85	3.3356
52	86	4.5567
52	87	4.069
52	88	5.2124
52	89	4.5431
52	90	8.7558
52	91	4.7179
52	92	5.7669
52	93	6.8614
52	94	7.4645
52	95	3.6708
52	96	3.7817
52	97	6.5724
53	54	162.87
53	55	54.06
53	56	31.592
53	57	27.114
53	58	18.137
53	59	12.727
53	60	16.336
53	61	12.868
53	62	14.39
53	63	12.04
53	64	17.069
53	65	15.262
53	66	15.857
53	67	10.467
53	68	12.483
53	69	7.4829
53	70	12.087
53	71	7.8519
53	72	12.596
53	73	12.826
53	74	10.52
53	75	11.669
53	76	11.719
53	77	5.2171
53	78	9.6534
53	79	7.3556
53	80	5.1033
53	81	3.4343
53	82	6.834
53	83	5.5642
53	84	4.4476
53	85	4.3557
53	86	5.7637
53	87	6.8664
53	88	5.8502
53	89	6.9048
53	90	7.3876
53	91	8.4651
53	92	8.2267
53	93	7.7135
53	94	9.4678
53	95	9.608
53	96	3.5993
53	97	6.2504
54	55	73.499
54	56	31.968
54	57	34.733
54	58	16.252
54	59	10.968
54	60	9.5655
54	61	11.907
54	62	10.497
54	63	14.523
54	64	13.325
54	65	11.772
54	66	12.065
54	67	16.133
54	68	13.382
54	69	11.773
54	70	12.873
54	71	11.942
54	72	11.621
54	73	10.613
54	74	7.7967
54	75	9.1999
54	76	7.6477
54	77	7.8192
54	78	6.8348
54	79	6.6434
54	80	4.9216
54	81	6.6212
54	82	7.1326
54	83	6.249
54	84	6.6016
54	85	4.9502
54	86	5.5271
54	87	4.1221
54	88	8.2251
54	89	6.6459
54	90	8.4279
54	91	8.1445
54	92	5.9507
54	93	8.0192
54	94	10.275
54	95	8.4331
54	96	3.4733
54	97	3.4733
55	56	120.8
55	57	63.83
55	58	37.194
55	59	26.326
55	60	14.554
55	61	22.752
55	62	13.632
55	63	13.494
55	64	13.11
55	65	9.3998
55	66	11.054
55	67	11.02
55	68	9.5494
55	69	4.3087
55	70	6.3314
55	71	5.5856
55	72	6.3744
55	73	13.447
55	74	8.2241
55	75	6.7566
55	76	8.52
55	77	11.253
55	78	6.7082
55	79	9.8636
55	80	7.5476
55	81	11.121
55	82	6.9811
55	83	6.1482
55	84	8.6178
55	85	5.2403
55	86	7.2825
55	87	3.4853
55	88	2.7494
55	89	7.0419
55	90	7.031
55	91	4.5653
55	92	7.0168
55	93	8.5258
55	94	12.122
55	95	8.959
55	96	3.6879
55	97	3.6879
56	57	141.91
56	58	48.917
56	59	31.735
56	60	20.793
56	61	26.726
56	62	14.652
56	63	15.538
56	64	8.8568
56	65	11.077
56	66	7.2573
56	67	7.7179
56	68	9.8498
56	69	7.0406
56	70	3.3795
56	71	7.8218
56	72	6.8752
56	73	12.571
56	74	4.973
56	75	5.921
56	76	10.368
56	77	12.217
56	78	11.588
56	79	11.006
56	80	8.1681
56	81	14.82
56	82	9.8169
56	83	8.8598
56	84	6.5243
56	85	6.4142
56	86	6.3515
56	87	6.5198
56	88	5.1482
56	89	5.3591
56	90	4.3851
56	91	4.2754
56	92	11.193
56	93	6.287
56	94	3.4129
56	95	11.781
56	96	5.7712
56	97	5.9849
57	58	100.81
57	59	35.806
57	60	21.369
57	61	19.427
57	62	15.318
57	63	14.533
57	64	16.822
57	65	12.598
57	66	8.4194
57	67	8.9928
57	68	5.9064
57	69	11.605
57	70	7.5269
57	71	8.2051
57	72	9.6013
57	73	14.039
57	74	6.6299
57	75	8.6803
57	76	9.1718
57	77	9.8523
57	78	9.0914
57	79	5.5152
57	80	10.793
57	81	7.446
57	82	6.8309
57	83	9.2551
57	84	7.631
57	85	8.2825
57	86	6.6555
57	87	5.543
57	88	7.6237
57	89	6.0289
57	90	7.341
57	91	10.424
57	92	10.986
57	93	7.1481
57	94	8.3023
57	95	4.3829
57	96	3.6082
57	97	3.6082
58	59	135.95
58	60	48.837
58	61	22.601
58	62	17.092
58	63	14.021
58	64	19.072
58	65	11.807
58	66	12.764
58	67	9.2602
58	68	7.8381
58	69	8.8944
58	70	9.1183
58	71	9.3915
58	72	4.4929
58	73	12.312
58	74	10.194
58	75	6.9596
58	76	7.4037
58	77	5.4156
58	78	9.9197
58	79	7.7273
58	80	10.608
58	81	9.0956
58	82	6.3831
58	83	9.9444
58	84	11.267
58	85	6.2667
58	86	6.2298
58	87	4.3862
58	88	7.1255
58	89	6.0355
58	90	7.2942
58	91	5.1039
58	92	10.906
58	93	5.0038
58	94	4.4318
58	95	6.5525
58	96	11.241
58	97	5.8403
59	60	139.33
59	61	51.735
59	62	34.296
59	63	14.82
59	64	13.992
59	65	10.371
59	66	6.9493
59	67	4.1268
59	68	6.5233
59	69	6.4525
59	70	4.9677
59	71	6.5068
59	72	6.8555
59	73	8.9529
59	74	7.7295
59	75	6.7484
59	76	11.491
59	77	13.608
59	78	11.854
59	79	8.447
59	80	9.2808
59	81	9.9407
59	82	12.203
59	83	6.6143
59	84	8.6075
59	85	10.872
59	86	8.7271
59	87	4.7866
59	88	6.8664
59	89	2.1985
59	90	4.2137
59	91	6.5869
59	92	13.316
59	93	8.5175
59	94	6.0533
59	95	10.735
59	96	6.1364
59	97	19.113
60	61	189.36
60	62	59.405
60	63	33.838
60	64	20.9
60	65	14.814
60	66	17.44
60	67	12.484
60	68	9.5713
60	69	5.3741
60	70	7.786
60	71	10.972
60	72	7.9972
60	73	10.147
60	74	6.5745
60	75	4.9703
60	76	7.7089
60	77	9.6478
60	78	14.485
60	79	7.6456
60	80	8.9239
60	81	14.296
60	82	8.9491
60	83	7.2725
60	84	8.9148
60	85	9.8457
60	86	7.4801
60	87	9.8598
60	88	9.9507
60	89	5.1749
60	90	4.6682
60	91	4.1316
60	92	8.8913
60	93	6.0537
60	94	3.2904
60	95	8.9216
60	96	6.6783
60	97	5.7805
61	62	128
61	63	60.967
61	64	21.087
61	65	27.894
61	66	17.766
61	67	14.44
61	68	16.896
61	69	9.9236
61	70	10.297
61	71	7.0662
61	72	9.5651
61	73	13.117
61	74	8.914
61	75	5.4943
61	76	11.54
61	77	11.539
61	78	7.2678
61	79	7.6318
61	80	9.4299
61	81	8.2387
61	82	8.818
61	83	10.759
61	84	9.3418
61	85	6.1163
61	86	6.8406
61	87	6.6097
61	88	5.9582
61	89	5.2458
61	90	8.1275
61	91	12.637
61	92	9.8694
61	93	10.551
61	94	9.1826
61	95	11.624
61	96	13.295
61	97	6.9046
62	63	153.39
62	64	55.123
62	65	43.542
62	66	22.652
62	67	20.223
62	68	18.722
62	69	13.372
62	70	10.726
62	71	7.3569
62	72	10.522
62	73	16.205
62	74	10.382
62	75	6.2036
62	76	9.1506
62	77	11.382
62	78	9.3291
62	79	6.9063
62	80	11.821
62	81	11.914
62	82	8.5503
62	83	6.4172
62	84	8.3486
62	85	13.673
62	86	13.158
62	87	7.8774
62	88	8.2892
62	89	6.9684
62	90	6.8861
62	91	10.321
62	92	9.5182
62	93	12.404
62	94	9.595
62	95	12.152
62	96	13.894
62	97	13.894
63	64	123.98
63	65	69.437
63	66	35.751
63	67	33.513
63	68	30.63
63	69	22.953
63	70	15.108
63	71	16.057
63	72	13.382
63	73	19.456
63	74	12.716
63	75	12.366
63	76	8.5689
63	77	11.871
63	78	7.7991
63	79	10.357
63	80	5.227
63	81	6.448
63	82	7.5803
63	83	7.1202
63	84	9.515
63	85	10.537
63	86	12.774
63	87	11.418
63	88	10.595
63	89	8.3942
63	90	6.1431
63	91	12.743
63	92	6.3187
63	93	7.2935
63	94	12.119
63	95	9.8406
63	96	2.4569
63	97	6.3984
64	65	98.44
64	66	61.139
64	67	37.493
64	68	30.353
64	69	15.973
64	70	15.209
64	71	19.507
64	72	17.458
64	73	13.198
64	74	13.29
64	75	13.723
64	76	12.913
64	77	5.9607
64	78	7.3187
64	79	10.868
64	80	5.2436
64	81	4.707
64	82	5.2695
64	83	9.0566
64	84	5.4066
64	85	4.478
64	86	8.9025
64	87	7.5055
64	88	9.7182
64	89	9.7595
64	90	14.252
64	91	8.1931
64	92	12.687
64	93	8.5302
64	94	17.025
64	95	4.4894
64	96	3.6995
64	97	6.4302
65	66	122.18
65	67	59.068
65	68	37.214
65	69	25.931
65	70	21.713
65	71	14.077
65	72	19.109
65	73	15.946
65	74	8.6236
65	75	17.85
65	76	8.477
65	77	9.761
65	78	3.4312
65	79	7.2308
65	80	10.182
65	81	6.4252
65	82	5.1153
65	83	10.424
65	84	8.6528
65	85	10.247
65	86	8.1226
65	87	8.2154
65	88	10.124
65	89	13.586
65	90	15.597
65	91	16.795
65	92	12.299
65	93	11.309
65	94	11.938
65	95	5.8663
65	96	6.716
65	97	6.716
66	67	86.965
66	68	45.637
66	69	28.922
66	70	28.792
66	71	18.519
66	72	22.131
66	73	17.309
66	74	12.034
66	75	10.872
66	76	7.7967
66	77	10.801
66	78	8.0487
66	79	8.9887
66	80	6.8623
66	81	8.5285
66	82	6.8959
66	83	12.089
66	84	8.2859
66	85	5.5305
66	86	6.7166
66	87	10.395
66	88	12.574
66	89	10.849
66	90	11.616
66	91	14.842
66	92	14.691
66	93	11.042
66	94	13.223
66	95	9.7648
66	96	5.5876
66	97	5.5876
67	68	97.949
67	69	51.882
67	70	32.246
67	71	26.994
67	72	28.837
67	73	23.558
67	74	15.978
67	75	10.445
67	76	11.809
67	77	9.0917
67	78	5.8384
67	79	4.3255
67	80	7.7075
67	81	6.5828
67	82	7.1445
67	83	9.693
67	84	9.2914
67	85	11.586
67	86	2.0057
67	87	10.759
67	88	10.817
67	89	14.886
67	90	17.364
67	91	9.3669
67	92	6.4522
67	93	12.41
67	94	14.846
67	95	16.442
67	96	1.2543
67	97	6.5358
68	69	94.233
68	70	53.801
68	71	52.355
68	72	40.466
68	73	36.43
68	74	19.697
68	75	16.69
68	76	13.878
68	77	8.6083
68	78	9.8772
68	79	11.556
68	80	12.952
68	81	5.8843
68	82	7.8069
68	83	7.9487
68	84	8.3247
68	85	6.3381
68	86	11.542
68	87	14.725
68	88	7.2028
68	89	9.8653
68	90	13.73
68	91	10.814
68	92	18.004
68	93	11.515
68	94	14.86
68	95	23.919
68	96	9.5831
68	97	9.5831
69	70	120.16
69	71	80.936
69	72	67.649
69	73	52.576
69	74	19.334
69	75	18.905
69	76	16.413
69	77	12.765
69	78	14.312
69	79	14.64
69	80	9.0247
69	81	7.0046
69	82	7.6661
69	83	11.36
69	84	8.4258
69	85	12.134
69	86	5.2947
69	87	8.4146
69	88	10.475
69	89	13.221
69	90	18.669
69	91	12.805
69	92	18.436
69	93	7.9904
69	94	17.362
69	95	12.795
69	96	8.7884
69	97	22.909
70	71	116.16
70	72	68.718
70	73	46.38
70	74	23.095
70	75	13.283
70	76	15.943
70	77	11.35
70	78	12.545
70	79	13.266
70	80	11.693
70	81	8.2601
70	82	6.4551
70	83	10.984
70	84	8.7332
70	85	5.299
70	86	7.8958
70	87	8.3871
70	88	9.7295
70	89	14.669
70	90	13.3
70	91	14.356
70	92	12.722
70	93	7.3453
70	94	19.523
70	95	12.612
70	96	7.4211
70	97	12.878
71	72	113.39
71	73	76.353
71	74	38.488
71	75	20.306
71	76	20.391
71	77	15.956
71	78	11.837
71	79	16.066
71	80	7.8043
71	81	10.301
71	82	11.456
71	83	10.803
71	84	10.278
71	85	5.4521
71	86	6.1034
71	87	10.454
71	88	12.391
71	89	16.454
71	90	23.472
71	91	14.236
71	92	15.964
71	93	10.05
71	94	16.28
71	95	13.86
71	96	6.3455
71	97	19.849
72	73	106.92
72	74	42.044
72	75	20.433
72	76	22.898
72	77	16.197
72	78	13.028
72	79	20.052
72	80	10.155
72	81	8.9618
72	82	10.821
72	83	15.026
72	84	11.723
72	85	6.6332
72	86	6.9451
72	87	14.355
72	88	11.557
72	89	12.54
72	90	18.018
72	91	19.459
72	92	13.031
72	93	7.9785
72	94	19.857
72	95	14.654
72	96	8.0469
72	97	6.9777
73	74	106.47
73	75	30.963
73	76	30.334
73	77	40.338
73	78	31.073
73	79	22.582
73	80	15.69
73	81	21.099
73	82	18.065
73	83	15.64
73	84	15.242
73	85	11.722
73	86	8.2972
73	87	11.807
73	88	11.028
73	89	14.556
73	90	10.352
73	91	16.783
73	92	20.369
73	93	15.225
73	94	6.0652
73	95	8.9612
73	96	7.3798
73	97	19.176
74	75	117.74
74	76	98.195
74	77	50.509
74	78	35.774
74	79	30.943
74	80	20.665
74	81	14.53
74	82	15.075
74	83	21.469
74	84	21.794
74	85	6.1066
74	86	10.019
74	87	12.274
74	88	11.403
74	89	18.555
74	90	20.318
74	91	10.972
74	92	14.376
74	93	11.809
74	94	19.602
74	95	8.6826
74	96	3.9735
74	97	27.55
75	76	136.45
75	77	53.118
75	78	26.355
75	79	27.483
75	80	22.451
75	81	14.915
75	82	14.83
75	83	14.29
75	84	10.478
75	85	13.709
75	86	9.1997
75	87	13.597
75	88	14.72
75	89	17.869
75	90	17.29
75	91	9.5847
75	92	10.596
75	93	11.478
75	94	19.443
75	95	6.7625
75	96	8.1221
75	97	8.1221
76	77	107.42
76	78	47.73
76	79	37.664
76	80	26.06
76	81	20.12
76	82	15.551
76	83	20.309
76	84	16.825
76	85	12.69
76	86	8.7892
76	87	12.461
76	88	12.678
76	89	15.12
76	90	16.983
76	91	16.939
76	92	16.753
76	93	15.129
76	94	12.738
76	95	4.2804
76	96	5.8728
76	97	5.8728
77	78	145.54
77	79	51.831
77	80	37.072
77	81	38.1
77	82	34.75
77	83	25.125
77	84	19.035
77	85	18.199
77	86	15.383
77	87	10.389
77	88	10.337
77	89	8.7725
77	90	17.383
77	91	14.802
77	92	17.687
77	93	18.655
77	94	4.8277
77	95	14.253
77	96	11.399
77	97	25.334
78	79	138.81
78	80	42.204
78	81	39.844
78	82	30.206
78	83	25.117
78	84	20.864
78	85	17.23
78	86	11.779
78	87	17.615
78	88	13.23
78	89	14.232
78	90	8.1217
78	91	18.74
78	92	16.988
78	93	14.049
78	94	18.167
78	95	15.478
78	96	11.328
78	97	11.328
79	80	125.06
79	81	54.337
79	82	39.869
79	83	29.399
79	84	21.559
79	85	16.974
79	86	12.716
79	87	11.444
79	88	14.471
79	89	10.668
79	90	14.282
79	91	8.0097
79	92	17.027
79	93	16.74
79	94	10.235
79	95	10.405
79	96	9.0789
79	97	6.7231
80	81	195.49
80	82	72.047
80	83	39.444
80	84	35.164
80	85	18.892
80	86	8.787
80	87	7.3538
80	88	16.699
80	89	10.901
80	90	13.994
80	91	13.862
80	92	19.217
80	93	14.34
80	94	9.4856
80	95	17.525
80	96	9.6046
80	97	16.601
81	82	186.33
81	83	64.58
81	84	39.225
81	85	30.684
81	86	18.995
81	87	10.268
81	88	15.027
81	89	13.876
81	90	15.95
81	91	15.963
81	92	23.94
81	93	19.244
81	94	7.9545
81	95	27.021
81	96	27.371
81	97	16.708
82	83	133.87
82	84	59.29
82	85	27.335
82	86	23.93
82	87	13.04
82	88	18.516
82	89	8.0415
82	90	8.5378
82	91	7.9304
82	92	20.116
82	93	26.271
82	94	9.4782
82	95	25.656
82	96	15.985
82	97	8.2962
83	84	138.95
83	85	35.021
83	86	25.125
83	87	28.121
83	88	27.672
83	89	23.798
83	90	10.912
83	91	15.047
83	92	11.165
83	93	12.939
83	94	7.7161
83	95	17.111
83	96	15.642
83	97	6.7608
84	85	87.726
84	86	57.599
84	87	41.231
84	88	40.402
84	89	39.601
84	90	24.984
84	91	14.908
84	92	21.259
84	93	18.989
84	94	6.6749
84	95	18.913
84	96	12.411
84	97	29.309
85	86	250.4
85	87	76.643
85	88	79.426
85	89	48.883
85	90	27.914
85	91	20.61
85	92	20.937
85	93	21.474
85	94	14.249
85	95	16.212
85	96	22.237
85	97	11.536
86	87	151.16
86	88	109.43
86	89	70.642
86	90	36.194
86	91	26.964
86	92	23.501
86	93	20.374
86	94	14.398
86	95	19.315
86	96	17.237
86	97	20.711
87	88	184.08
87	89	92.242
87	90	32.463
87	91	24.233
87	92	24.612
87	93	13.051
87	94	9.4484
87	95	9.5994
87	96	13.174
87	97	13.174
88	89	124.26
88	90	50.956
88	91	26.547
88	92	28.821
88	93	13.141
88	94	22.408
88	95	11.961
88	96	10.096
88	97	10.096
89	90	126.03
89	91	61.53
89	92	44.372
89	93	27.103
89	94	39.532
89	95	15.06
89	96	7.2889
89	97	6.2991
90	91	154.82
90	92	92.63
90	93	30.622
90	94	36.826
90	95	26.264
90	96	6.4363
90	97	6.4363
91	92	223.91
91	93	52.637
91	94	55.067
91	95	32.538
91	96	27.891
91	97	7.2386
92	93	167.15
92	94	66.583
92	95	92.582
92	96	34.591
92	97	49.897
93	94	154.22
93	95	170.37
93	96	75.494
93	97	69.666
94	95	176.74
94	96	66.277
94	97	68.939
95	96	287.83
95	97	177.72
96	97	782.79
