1	2	141.8
1	3	38.877
1	4	38.877
1	5	20.208
1	6	20.208
1	7	52.75
1	8	93.403
1	9	35.224
1	10	57.064
1	11	11.711
1	12	53.472
1	13	53.472
1	14	53.472
1	15	11.115
1	16	12.849
1	17	12.849
1	18	14.641
1	19	14.641
1	20	12.976
1	21	42.034
1	22	42.034
1	23	13.172
1	24	13.172
1	25	13.172
1	26	12.141
1	27	12.141
1	28	13.498
1	29	11.987
1	30	11.987
1	31	11.65
1	32	11.65
1	33	11.65
1	34	11.65
1	35	11.65
1	36	11.957
1	37	11.957
1	38	11.957
1	39	12.891
1	40	12.891
1	41	12.891
1	42	12.891
1	43	12.891
1	44	12.891
1	45	12.891
1	46	12.891
1	47	12.891
1	48	12.891
1	49	12.891
1	50	12.891
1	51	12.891
1	52	12.891
1	53	12.891
1	54	12.891
1	55	12.891
1	56	12.891
1	57	12.891
1	58	12.891
1	59	12.891
1	60	12.891
1	61	12.891
1	62	11.523
1	63	25.92
1	64	23.773
1	65	23.773
1	66	23.773
1	67	23.773
1	68	23.773
1	69	23.773
1	70	12.459
1	71	12.459
1	72	12.459
1	73	12.459
1	74	17.247
1	75	17.247
1	76	17.225
1	77	17.599
1	78	17.599
1	79	25.658
1	80	25.952
1	81	16.103
1	82	16.103
1	83	16.103
1	84	16.103
1	85	16.103
1	86	16.103
1	87	16.103
1	88	16.103
1	89	16.103
2	3	144.78
2	4	40.857
2	5	26.345
2	6	35.569
2	7	32.931
2	8	44.641
2	9	28.759
2	10	25.97
2	11	23.733
2	12	35.335
2	13	8.1591
2	14	14.055
2	15	15.453
2	16	15.956
2	17	16.172
2	18	14.269
2	19	20.234
2	20	21.704
2	21	15.594
2	22	12.803
2	23	15.698
2	24	11.81
2	25	13.336
2	26	17.812
2	27	18.534
2	28	14.155
2	29	16.773
2	30	16.138
2	31	16.226
2	32	11.269
2	33	4.4022
2	34	7.4184
2	35	4.6449
2	36	5.7916
2	37	3.3496
2	38	5.2149
2	39	9.8214
2	40	6.1577
2	41	8.3363
2	42	1.7564
2	43	4.1402
2	44	3.5079
2	45	3.7713
2	46	3.5728
2	47	6.0722
2	48	2.6518
2	49	1.1042
2	50	2.8784
2	51	4.8374
2	52	1.102
2	53	1.9944
2	54	1.6194
2	55	1.1927
2	56	2.9381
2	57	2.2447
2	58	4.4689
2	59	1.5461
2	60	12.406
2	61	7.9192
2	62	5.5972
2	63	6.3042
2	64	5.7835
2	65	4.7384
2	66	5.9795
2	67	5.0704
2	68	6.6052
2	69	4.1671
2	70	9.4721
2	71	4.264
2	72	3.5775
2	73	6.0959
2	74	4.7811
2	75	5.5028
2	76	9.5126
2	77	6.0417
2	78	6.886
2	79	6.1969
2	80	5.366
2	81	9.9885
2	82	4.453
2	83	12.983
2	84	1.4691
2	85	3.2179
2	86	3.7018
2	87	9.1635
2	88	2.4944
2	89	2.4944
3	4	145.39
3	5	83.646
3	6	74.549
3	7	39.721
3	8	16.596
3	9	10.664
3	10	9.7105
3	11	12.634
3	12	11.391
3	13	24.109
3	14	12.281
3	15	11.378
3	16	13.16
3	17	25.085
3	18	22.44
3	19	9.0762
3	20	5.8953
3	21	19.093
3	22	11.086
3	23	7.4659
3	24	5.8823
3	25	7.898
3	26	2.7565
3	27	9.0762
3	28	6.8956
3	29	3.4012
3	30	2.3094
3	31	10.594
3	32	25.793
3	33	11.569
3	34	13.701
3	35	8.5302
3	36	7.481
3	37	9.1661
3	38	8.5714
3	39	5.86
3	40	7.9319
3	41	6.8408
3	42	4.3066
3	43	5.9283
3	44	5.0258
3	45	5.5489
3	46	10.742
3	47	4.9986
3	48	2.1787
3	49	4.483
3	50	5.5226
3	51	6.975
3	52	2.73
3	53	4.9162
3	54	3.3347
3	55	2.9436
3	56	8.4558
3	57	9.2693
3	58	5.5228
3	59	10.211
3	60	9.3091
3	61	5.2039
3	62	2.6219
3	63	6.6252
3	64	4.7282
3	65	0.64114
3	66	3.4694
3	67	3.4486
3	68	1.5401
3	69	2.7165
3	70	3.5432
3	71	10.5
3	72	4.9007
3	73	6.0247
3	74	9.7801
3	75	1.1334
3	76	4.8841
3	77	8.9777
3	78	9.4738
3	79	10.93
3	80	5.1619
3	81	1.8268
3	82	12.222
3	83	3.9889
3	84	8.4596
3	85	6.6182
3	86	3.035
3	87	10.033
3	88	2.0458
3	89	3.0814
4	5	276.93
4	6	73.227
4	7	35.373
4	8	7.9713
4	9	3.7484
4	10	7.8057
4	11	11.747
4	12	10.949
4	13	14.664
4	14	12.282
4	15	9.1081
4	16	13.415
4	17	13.753
4	18	8.6603
4	19	9.9213
4	20	6.5003
4	21	9.5626
4	22	6.7983
4	23	4.8053
4	24	7.096
4	25	5.2022
4	26	7.1939
4	27	7.8794
4	28	7.3828
4	29	4.9194
4	30	4.3298
4	31	9.0206
4	32	13.279
4	33	9.2466
4	34	10.344
4	35	8.3537
4	36	6.5205
4	37	9.5257
4	38	6.2787
4	39	9.9578
4	40	4.6147
4	41	8.2036
4	42	5.7484
4	43	4.7467
4	44	6.3209
4	45	5.9248
4	46	9.3723
4	47	7.9863
4	48	5.8045
4	49	7.2019
4	50	8.8243
4	51	9.5517
4	52	2.1781
4	53	9.1675
4	54	3.1949
4	55	3.1358
4	56	5.7923
4	57	5.9168
4	58	5.8799
4	59	7.1312
4	60	6.6835
4	61	4.1584
4	62	2.6212
4	63	5.3054
4	64	2.7043
4	65	3.0896
4	66	3.8994
4	67	3.8687
4	68	3.7021
4	69	2.7228
4	70	3.395
4	71	1.3993
4	72	7.8334
4	73	13.634
4	74	10.963
4	75	10.869
4	76	5.4667
4	77	4.7791
4	78	9.829
4	79	5.2399
4	80	2.9428
4	81	1.4597
4	82	13.672
4	83	4.2604
4	84	9.6575
4	85	6.3475
4	86	8.509
4	87	4.0189
4	88	3.2742
4	89	3.2742
5	6	228.51
5	7	24.097
5	8	6.8819
5	9	6.1929
5	10	4.1763
5	11	9.6233
5	12	9.4402
5	13	17.203
5	14	17.512
5	15	5.8977
5	16	16.736
5	17	30.061
5	18	14.621
5	19	6.8306
5	20	4.576
5	21	9.8839
5	22	4.0499
5	23	4.6188
5	24	6.8279
5	25	2.9601
5	26	2.1357
5	27	9.3977
5	28	5.5409
5	29	4.9173
5	30	5.5645
5	31	2.0572
5	32	12.407
5	33	9.008
5	34	10.27
5	35	9.812
5	36	5.6516
5	37	12.367
5	38	7.4184
5	39	6.0814
5	40	8.9778
5	41	4.9709
5	42	6.692
5	43	5.2669
5	44	4.4668
5	45	5.1122
5	46	17.217
5	47	15.578
5	48	5.2784
5	49	5.5556
5	50	10.654
5	51	6.2115
5	52	6.6267
5	53	3.4032
5	54	6.2417
5	55	8.1509
5	56	5.016
5	57	9.6415
5	58	3.8266
5	59	9.2863
5	60	6.7759
5	61	2.0268
5	62	4.0808
5	63	1.5253
5	64	2.0997
5	65	1.3248
5	66	1.3248
5	67	4.2857
5	68	0.79749
5	69	2.8116
5	70	5.1544
5	71	9.0807
5	72	5.0881
5	73	11.472
5	74	8.1078
5	75	15.301
5	76	5.0674
5	77	7.2585
5	78	9.8498
5	79	5.3
5	80	5.3681
5	81	2.8461
5	82	10.149
5	83	10.149
5	84	17.563
5	85	15.111
5	86	7.8555
5	87	7.7849
5	88	7.7849
5	89	22.327
6	7	75.531
6	8	16.174
6	9	7.3605
6	10	11.621
6	11	20.582
6	12	13.452
6	13	29.425
6	14	13.6
6	15	6.2986
6	16	22.712
6	17	36.527
6	18	15.629
6	19	8.2135
6	20	5.7066
6	21	12.322
6	22	7.2139
6	23	7.4165
6	24	4.8713
6	25	4.7529
6	26	6.8514
6	27	14.226
6	28	5.9275
6	29	3.0059
6	30	6.8048
6	31	7.3258
6	32	14.274
6	33	13.617
6	34	11.805
6	35	5.2445
6	36	10.553
6	37	10.154
6	38	7.1222
6	39	4.8685
6	40	3.9933
6	41	7.5797
6	42	5.5594
6	43	7.4983
6	44	3.9748
6	45	2.73
6	46	9.7337
6	47	4.4291
6	48	8.044
6	49	7.9224
6	50	6.9956
6	51	4.4112
6	52	5.0417
6	53	5.446
6	54	9.6118
6	55	7.6038
6	56	5.3503
6	57	7.1871
6	58	11.218
6	59	11.303
6	60	13.412
6	61	2.1632
6	62	2.9046
6	63	5.7036
6	64	3.7384
6	65	5.6685
6	66	4.6009
6	67	2.29
6	68	0.85245
6	69	0.85245
6	70	3.9273
6	71	8.7204
6	72	2.1715
6	73	10.001
6	74	6.4932
6	75	7.5182
6	76	3.2429
6	77	8.8266
6	78	7.3427
6	79	7.2615
6	80	6.5398
6	81	7.0782
6	82	14.867
6	83	2.9356
6	84	9.3625
6	85	1.4644
6	86	6.6962
6	87	2.7616
6	88	2.7616
6	89	10.229
7	8	79.442
7	9	39.149
7	10	33.762
7	11	40.846
7	12	41.37
7	13	33.452
7	14	23.479
7	15	13.319
7	16	18.316
7	17	17.135
7	18	20.964
7	19	20.257
7	20	15.572
7	21	19.512
7	22	9.7723
7	23	12.781
7	24	13.081
7	25	8.3585
7	26	7.0567
7	27	17.517
7	28	12.559
7	29	8.3661
7	30	11.578
7	31	10.816
7	32	8.7861
7	33	6.3803
7	34	6.2026
7	35	7.1098
7	36	8.7642
7	37	6.2311
7	38	2.9074
7	39	7.4641
7	40	6.8588
7	41	6.0374
7	42	5.86
7	43	6.3405
7	44	8.7885
7	45	3.7733
7	46	3.3225
7	47	4.0743
7	48	2.4643
7	49	2.4522
7	50	2.6773
7	51	3.3829
7	52	3.0833
7	53	3.8941
7	54	2.2588
7	55	2.0004
7	56	6.5731
7	57	1.8849
7	58	4.3723
7	59	3.4671
7	60	4.4188
7	61	3.9719
7	62	7.122
7	63	8.018
7	64	5.5147
7	65	7.005
7	66	3.3172
7	67	3.2879
7	68	7.3441
7	69	5.0901
7	70	7.6865
7	71	8.3279
7	72	7.3288
7	73	2.0453
7	74	3.9976
7	75	2.31
7	76	3.9856
7	77	4.7371
7	78	4.4964
7	79	4.4488
7	80	8.9957
7	81	4.9639
7	82	7.477
7	83	6.3556
7	84	4.9321
7	85	5.4058
7	86	3.1076
7	87	3.4347
7	88	1.3941
7	89	1.3941
8	9	126.5
8	10	85.536
8	11	45.915
8	12	43.561
8	13	13.581
8	14	13.408
8	15	15.992
8	16	9.1986
8	17	7.203
8	18	10.555
8	19	27.956
8	20	20.496
8	21	10.574
8	22	7.4846
8	23	11.357
8	24	15.196
8	25	10.05
8	26	15.45
8	27	10.965
8	28	15.329
8	29	18.157
8	30	15.89
8	31	12.786
8	32	4.4523
8	33	3.4777
8	34	4.5784
8	35	5.1602
8	36	3.6761
8	37	0.55213
8	38	2.5746
8	39	3.0857
8	40	0.86803
8	41	2.0567
8	42	3.0303
8	43	3.5767
8	44	4.7599
8	45	4.4591
8	46	1.178
8	47	2.406
8	48	2.6189
8	49	2.1774
8	50	0.94831
8	51	2.397
8	52	1.0917
8	53	2.9565
8	54	1.1994
8	55	2.363
8	56	2.363
8	57	1.6683
8	58	1.6683
8	59	0.7677
8	60	2.7944
8	61	2.7355
8	62	7.0978
8	63	5.3314
8	64	5.2958
8	65	10.493
8	66	5.4688
8	67	4.1648
8	68	6.9781
8	69	6.5668
8	70	5.1038
8	71	2.1085
8	72	4.7223
8	73	1.8116
8	74	1.7724
8	75	0.68214
8	76	4.1206
8	77	1.7976
8	78	2.8433
8	79	4.8146
8	80	6.6352
8	81	9.3437
8	82	2.9445
8	83	14.503
8	84	0.72845
8	85	0.72845
8	86	2.7574
8	87	2.7574
8	88	2.7574
8	89	1.8668
9	10	132.96
9	11	55.188
9	12	38.942
9	13	10.691
9	14	16.323
9	15	15.77
9	16	10.992
9	17	10.502
9	18	14.241
9	19	24.741
9	20	23.462
9	21	8.7491
9	22	10.375
9	23	12.49
9	24	10.461
9	25	20.937
9	26	14.837
9	27	4.6206
9	28	17.454
9	29	15.937
9	30	20.895
9	31	12.129
9	32	3.9324
9	33	5.6889
9	34	3.6889
9	35	5.795
9	36	3.2879
9	37	0.55554
9	38	3.8861
9	39	1.3322
9	40	2.188
9	41	2.4867
9	42	3.9375
9	43	3.6089
9	44	5.2386
9	45	3.3799
9	46	2.9655
9	47	0.60357
9	48	0.87848
9	49	1.6569
9	50	2.8608
9	51	2.4028
9	52	2.1863
9	53	2.1863
9	54	2.4102
9	55	1.186
9	56	1.4619
9	57	1.1135
9	58	0.55488
9	59	1.5361
9	60	3.359
9	61	6.6897
9	62	7.9534
9	63	3.1418
9	64	6.9969
9	65	6.71
9	66	8.54
9	67	8.0045
9	68	6.1166
9	69	4.1573
9	70	2.5655
9	71	2.1211
9	72	3.5591
9	73	3.0287
9	74	1.1915
9	75	1.367
9	76	0.59165
9	77	2.3983
9	78	2.2779
9	79	5.2745
9	80	6.2132
9	81	3.3093
9	82	3.6904
9	83	4.8579
9	84	3.6542
9	85	3.6542
9	86	0.92298
9	87	0.92298
9	88	0.92298
9	89	1.8841
10	11	82.059
10	12	61.429
10	13	13.614
10	14	13.609
10	15	15.908
10	16	17.637
10	17	4.9023
10	18	14.221
10	19	17.182
10	20	29.632
10	21	13
10	22	4.3699
10	23	15.191
10	24	17.149
10	25	17.345
10	26	13.407
10	27	10.676
10	28	15.489
10	29	22.448
10	30	16.169
10	31	16.232
10	32	1.3653
10	33	1.3653
10	34	2.8031
10	35	4.2243
10	36	4.4983
10	37	2.0247
10	38	2.1003
10	39	1.6197
10	40	5.3216
10	41	2.52
10	42	1.5964
10	43	3.7604
10	44	4.2464
10	45	2.2845
10	46	0.72036
10	47	2.199
10	48	1.6023
10	49	2.6853
10	50	0.57946
10	51	1.4592
10	52	0.6641
10	53	1.8073
10	54	5.862
10	55	0.72008
10	56	1.7747
10	57	2.029
10	58	1.3481
10	59	2.7956
10	60	2.7195
10	61	6.6992
10	62	5.8044
10	63	6.5476
10	64	8.5086
10	65	4.3214
10	66	8.3085
10	67	6.6602
10	68	6.2926
10	69	7.08
10	70	4.6787
10	71	3.2214
10	72	3.6018
10	73	0.73583
10	74	0.73583
10	75	4.9805
10	76	4.3119
10	77	2.9133
10	78	2.0755
10	79	3.2062
10	80	5.3937
10	81	8.7091
10	82	2.6881
10	83	9.8209
10	84	1.774
10	85	1.9432
10	86	1.9432
10	87	1.8468
10	88	1.8468
10	89	1.8468
11	12	137.63
11	13	50.203
11	14	26.503
11	15	27.215
11	16	21.938
11	17	13.687
11	18	16.72
11	19	25.15
11	20	20.67
11	21	18.4
11	22	11.525
11	23	14.262
11	24	11.309
11	25	11.072
11	26	14.769
11	27	18.415
11	28	21.123
11	29	16.693
11	30	17.483
11	31	10.068
11	32	9.5187
11	33	6.1108
11	34	4.5993
11	35	2.3095
11	36	4.1003
11	37	2.7708
11	38	4.7378
11	39	2.6571
11	40	0.87263
11	41	4.9596
11	42	3.0518
11	43	4.6252
11	44	4.7871
11	45	4.1164
11	46	2.366
11	47	1.8071
11	48	2.1908
11	49	7.6968
11	50	2.8539
11	51	1.799
11	52	1.0917
11	53	1.4833
11	54	3.2064
11	55	1.7753
11	56	2.1885
11	57	2.224
11	58	3.8769
11	59	1.5338
11	60	3.3544
11	61	6.6716
11	62	4.3615
11	63	5.8146
11	64	5.332
11	65	4.3209
11	66	3.8257
11	67	7.1344
11	68	6.5623
11	69	7.0387
11	70	6.3996
11	71	4.7604
11	72	4.7344
11	73	4.8374
11	74	1.7815
11	75	3.4121
11	76	1.1807
11	77	3.593
11	78	4.5497
11	79	4.3864
11	80	11.075
11	81	7.1558
11	82	2.9472
11	83	8.0773
11	84	1.4588
11	85	3.1974
11	86	1.8421
11	87	3.0469
11	88	1.2398
11	89	3.7555
12	13	76.072
12	14	37.081
12	15	38.848
12	16	25.584
12	17	19.223
12	18	18.428
12	19	34.881
12	20	27.067
12	21	17.073
12	22	15.811
12	23	13.543
12	24	13.836
12	25	12.531
12	26	13.408
12	27	14.66
12	28	21.302
12	29	12.304
12	30	9.6433
12	31	13.286
12	32	10.196
12	33	2.9879
12	34	5.2449
12	35	5.2522
12	36	3.7437
12	37	3.1598
12	38	3.4412
12	39	5.5547
12	40	3.4813
12	41	3.2992
12	42	5.4583
12	43	7.0234
12	44	4.4617
12	45	4.2601
12	46	2.0223
12	47	2.7524
12	48	3.0002
12	49	1.2474
12	50	2.7148
12	51	2.0566
12	52	3.7473
12	53	1.1285
12	54	1.3742
12	55	1.3515
12	56	0.83258
12	57	0.63624
12	58	0.63291
12	59	2.6323
12	60	8.3104
12	61	6.2687
12	62	8.1344
12	63	9.1624
12	64	5.6021
12	65	3.1193
12	66	8.1976
12	67	7.6375
12	68	4.2644
12	69	5.6466
12	70	6.3332
12	71	1.81
12	72	3.377
12	73	4.8363
12	74	1.3526
12	75	3.1207
12	76	3.3678
12	77	3.4269
12	78	3.9037
12	79	4.0095
12	80	6.0771
12	81	6.2883
12	82	7.5762
12	83	6.4444
12	84	4.1644
12	85	1.8253
12	86	1.8253
12	87	3.4774
12	88	3.4774
12	89	3.4774
13	14	123.13
13	15	34.958
13	16	45.618
13	17	54.141
13	18	38.532
13	19	20.066
13	20	14.571
13	21	24.767
13	22	10.909
13	23	9.7248
13	24	6.191
13	25	4.4062
13	26	5.2565
13	27	14.933
13	28	8.7698
13	29	6.7553
13	30	6.4698
13	31	11.061
13	32	13.272
13	33	14.191
13	34	9.7725
13	35	5.758
13	36	7.1809
13	37	8.9995
13	38	7.0046
13	39	6.6422
13	40	8.1794
13	41	9.8179
13	42	9.7981
13	43	9.6241
13	44	4.892
13	45	6.544
13	46	17.721
13	47	7.5319
13	48	6.5759
13	49	4.7902
13	50	3.5694
13	51	5.2511
13	52	5.4678
13	53	4.9459
13	54	7.53
13	55	5.9169
13	56	4.5555
13	57	2.7846
13	58	4.1572
13	59	6.715
13	60	4.8963
13	61	5.8909
13	62	3.4693
13	63	6.1403
13	64	4.6085
13	65	3.9145
13	66	3.1756
13	67	3.6659
13	68	4.0935
13	69	4.648
13	70	4.2708
13	71	3.9652
13	72	9.6133
13	73	7.5616
13	74	5.928
13	75	10.241
13	76	7.3739
13	77	8.246
13	78	4.9832
13	79	7.6857
13	80	2.7729
13	81	5.5067
13	82	11.051
13	83	10.068
13	84	9.112
13	85	8.9822
13	86	9.1879
13	87	7.5866
13	88	1.5471
13	89	2.3387
14	15	80.988
14	16	76.563
14	17	33.249
14	18	30.761
14	19	33.43
14	20	13.894
14	21	13.324
14	22	10.011
14	23	10.999
14	24	11.856
14	25	8.0607
14	26	6.2655
14	27	13.194
14	28	5.8968
14	29	7.1427
14	30	7.0091
14	31	9.2337
14	32	10.285
14	33	8.0439
14	34	6.3528
14	35	6.6203
14	36	6.6151
14	37	6.382
14	38	7.9414
14	39	6.6259
14	40	6.5238
14	41	6.1842
14	42	7.0035
14	43	5.3138
14	44	9.5025
14	45	7.3016
14	46	4.764
14	47	4.8683
14	48	9.087
14	49	5.0239
14	50	1.6453
14	51	2.7718
14	52	2.5264
14	53	3.4189
14	54	2.7765
14	55	6.8288
14	56	0.8414
14	57	2.5738
14	58	4.478
14	59	3.5503
14	60	6.4645
14	61	6.3289
14	62	5.9276
14	63	6.6729
14	64	2.3538
14	65	4.934
14	66	5.8253
14	67	4.8116
14	68	4.2989
14	69	2.3703
14	70	4.9207
14	71	7.9205
14	72	6.8235
14	73	3.4911
14	74	6.142
14	75	7.0972
14	76	3.4014
14	77	5.5445
14	78	3.2891
14	79	6.0758
14	80	6.6541
14	81	5.7192
14	82	7.6571
14	83	6.5085
14	84	2.5253
14	85	2.7676
14	86	2.1214
14	87	1.7579
14	88	1.4276
14	89	2.1545
15	16	155.53
15	17	35.064
15	18	30.623
15	19	31.841
15	20	18.66
15	21	12.354
15	22	4.8737
15	23	9.9441
15	24	8.5063
15	25	10.81
15	26	9.9363
15	27	13.047
15	28	12.821
15	29	8.2476
15	30	8.0067
15	31	11.408
15	32	6.8878
15	33	5.7933
15	34	5.2305
15	35	6.551
15	36	5.8322
15	37	4.2055
15	38	2.4506
15	39	3.7767
15	40	6.6103
15	41	4.3072
15	42	5.7687
15	43	5.3504
15	44	3.2952
15	45	8.134
15	46	5.0478
15	47	3.436
15	48	4.9858
15	49	2.0728
15	50	1.3543
15	51	1.7114
15	52	1.5588
15	53	0.93814
15	54	2.2833
15	55	1.6873
15	56	2.08
15	57	3.706
15	58	2.6329
15	59	5.8478
15	60	8.5147
15	61	5.2079
15	62	6.7562
15	63	7.6129
15	64	6.2044
15	65	2.5891
15	66	6.4069
15	67	4.3609
15	68	4.4281
15	69	5.8597
15	70	6.0732
15	71	5.018
15	72	3.9345
15	73	3.4494
15	74	3.375
15	75	3.8962
15	76	5.0444
15	77	3.4222
15	78	2.7069
15	79	4.5825
15	80	3.3689
15	81	6.8021
15	82	4.9063
15	83	4.6034
15	84	1.3873
15	85	3.8024
15	86	1.7504
15	87	1.4527
15	88	1.4527
15	89	1.4527
16	17	77.124
16	18	59.323
16	19	27.284
16	20	16.057
16	21	21.552
16	22	15.053
16	23	10.356
16	24	11.651
16	25	11.843
16	26	9.5519
16	27	13.489
16	28	13.657
16	29	6.7342
16	30	6.6104
16	31	8.7347
16	32	12.802
16	33	8.1196
16	34	8.0469
16	35	9.4091
16	36	6.7358
16	37	5.4611
16	38	5.1883
16	39	5.8077
16	40	6.6662
16	41	8.1297
16	42	9.0016
16	43	6.159
16	44	9.4873
16	45	5.6935
16	46	4.528
16	47	6.6261
16	48	2.8784
16	49	7.1171
16	50	4.1729
16	51	1.9818
16	52	1.8077
16	53	3.2505
16	54	3.9619
16	55	3.2527
16	56	3.2063
16	57	4.9127
16	58	3.6573
16	59	5.0877
16	60	7.4028
16	61	6.4404
16	62	6.9207
16	63	8.2684
16	64	4.4597
16	65	5.0773
16	66	5.4993
16	67	7.2861
16	68	2.0347
16	69	4.0333
16	70	7.0204
16	71	6.3718
16	72	5.8457
16	73	5.3231
16	74	7.1246
16	75	7.5204
16	76	5.8266
16	77	5.9542
16	78	7.5325
16	79	6.2636
16	80	4.3889
16	81	6.6587
16	82	12.169
16	83	8.8519
16	84	4.8147
16	85	4.3996
16	86	3.0309
16	87	5.0433
16	88	5.0433
16	89	2.0449
17	18	190.42
17	19	28.839
17	20	6.2307
17	21	19.186
17	22	12.616
17	23	1.8112
17	24	7.1354
17	25	5.236
17	26	6.6728
17	27	13.684
17	28	7.419
17	29	4.9456
17	30	5.5928
17	31	6.3984
17	32	29.923
17	33	13.033
17	34	17.378
17	35	15.972
17	36	9.8056
17	37	15.393
17	38	10.301
17	39	8.8064
17	40	9.5465
17	41	7.4046
17	42	5.1936
17	43	15.291
17	44	10.372
17	45	8.1835
17	46	18.744
17	47	9.5739
17	48	2.6181
17	49	7.5852
17	50	8.5206
17	51	8.347
17	52	7.6171
17	53	8.853
17	54	5.6057
17	55	16.442
17	56	4.3354
17	57	9.9731
17	58	7.7134
17	59	13.705
17	60	17.796
17	61	3.9102
17	62	2.3673
17	63	3.5471
17	64	7.3269
17	65	7.3269
17	66	4.1955
17	67	2.4965
17	68	5.5724
17	69	2.4619
17	70	6.804
17	71	8.4001
17	72	11.742
17	73	15.623
17	74	5.8767
17	75	12.204
17	76	12.874
17	77	4.7701
17	78	11.327
17	79	8.7433
17	80	3.5337
17	81	3.2816
17	82	8.7672
17	83	3.1817
17	84	13.005
17	85	17.391
17	86	10.892
17	87	8.9477
17	88	8.9477
17	89	3.6982
18	19	104.65
18	20	24.081
18	21	38.033
18	22	15.359
18	23	11.43
18	24	14.621
18	25	9.9045
18	26	9.9793
18	27	21.235
18	28	11.684
18	29	10.904
18	30	8.2278
18	31	16.076
18	32	13.264
18	33	10.909
18	34	9.7665
18	35	8.6323
18	36	6.6636
18	37	6.9193
18	38	5.9233
18	39	9.9572
18	40	6.5394
18	41	8.7787
18	42	8.1588
18	43	8.3362
18	44	7.6047
18	45	7.9398
18	46	6.6425
18	47	9.0354
18	48	6.5721
18	49	5.471
18	50	4.7567
18	51	4.4996
18	52	2.7329
18	53	1.2358
18	54	4.5152
18	55	4.4365
18	56	4.5548
18	57	4.872
18	58	1.3852
18	59	7.6739
18	60	6.9928
18	61	4.4151
18	62	4.457
18	63	3.9048
18	64	5.6285
18	65	3.9113
18	66	4.7595
18	67	4.1864
18	68	4.0903
18	69	3.096
18	70	5.8686
18	71	9.2479
18	72	11.828
18	73	6.803
18	74	4.444
18	75	3.4132
18	76	2.9484
18	77	4.4971
18	78	5.6934
18	79	7.1332
18	80	4.9892
18	81	6.8812
18	82	9.2062
18	83	7.047
18	84	10.931
18	85	2.9938
18	86	3.445
18	87	1.8973
18	88	1.5469
18	89	1.5469
19	20	134
19	21	68.324
19	22	16.728
19	23	19.283
19	24	20.092
19	25	24.026
19	26	31.281
19	27	25.643
19	28	22.617
19	29	13.915
19	30	14.582
19	31	25.443
19	32	4.8513
19	33	7.0425
19	34	5.1349
19	35	7.8542
19	36	7.1283
19	37	3.435
19	38	6.4182
19	39	4.3948
19	40	3.2473
19	41	3.5903
19	42	7.0216
19	43	3.1833
19	44	7.5517
19	45	11.132
19	46	0.7327
19	47	4.4853
19	48	1.0879
19	49	0.67863
19	50	2.3621
19	51	6.7009
19	52	0.67852
19	53	2.4545
19	54	1.9936
19	55	1.468
19	56	0.90412
19	57	0.90412
19	58	4.1265
19	59	1.9042
19	60	6.9435
19	61	12.67
19	62	12.79
19	63	8.3083
19	64	4.065
19	65	7.2796
19	66	7.8741
19	67	8.314
19	68	6.9623
19	69	5.6363
19	70	6.8893
19	71	3.2791
19	72	3.6695
19	73	5.2532
19	74	3.6759
19	75	3.6759
19	76	5.8539
19	77	5.9526
19	78	4.24
19	79	8.7184
19	80	11.562
19	81	6.8315
19	82	6.3965
19	83	4.9929
19	84	1.8084
19	85	0.99029
19	86	3.4172
19	87	3.7609
19	88	3.7609
19	89	3.7609
20	21	118.85
20	22	33.382
20	23	40.587
20	24	34.931
20	25	30.273
20	26	28.888
20	27	32.067
20	28	27.985
20	29	22.11
20	30	22.945
20	31	21.374
20	32	4.9547
20	33	3.8676
20	34	4.5837
20	35	3.83
20	36	5.9052
20	37	3.0683
20	38	2.863
20	39	2.9421
20	40	7.2452
20	41	3.2036
20	42	4.8222
20	43	3.9805
20	44	7.7055
20	45	4.9675
20	46	1.3095
20	47	1.3353
20	48	1.4561
20	49	1.8209
20	50	0.52699
20	51	4.6542
20	52	4.239
20	53	2.7386
20	54	1.333
20	55	0.65577
20	56	1.6164
20	57	1.2337
20	58	2.456
20	59	2.456
20	60	4.9603
20	61	9.9981
20	62	8.3394
20	63	6.9257
20	64	7.7127
20	65	9.541
20	66	6.5703
20	67	7.4242
20	68	8.8098
20	69	10.524
20	70	5.2008
20	71	2.9289
20	72	1.9668
20	73	0.67029
20	74	2.6282
20	75	4.5398
20	76	2.6155
20	77	1.3288
20	78	2.5234
20	79	4.8623
20	80	8.8421
20	81	7.9314
20	82	1.6333
20	83	4.4702
20	84	0.80818
20	85	0.88575
20	86	2.0393
20	87	1.6872
20	88	1.6872
20	89	2.0762
21	22	87.613
21	23	56.255
21	24	48.361
21	25	38.37
21	26	33.132
21	27	63.661
21	28	22.336
21	29	11.908
21	30	15.728
21	31	13.927
21	32	22.039
21	33	4.6963
21	34	6.0461
21	35	6.8812
21	36	10.788
21	37	5.2974
21	38	8.2423
21	39	3.7042
21	40	8.3391
21	41	7.4094
21	42	4.1609
21	43	6.1332
21	44	5.1957
21	45	10.717
21	46	7.0635
21	47	5.766
21	48	4.1916
21	49	4.5764
21	50	5.6892
21	51	5.7427
21	52	2.6162
21	53	4.1386
21	54	3.8397
21	55	2.1234
21	56	2.6164
21	57	1.999
21	58	5.3038
21	59	4.5933
21	60	11.384
21	61	7.039
21	62	5.2104
21	63	8.5364
21	64	9.7876
21	65	6.0744
21	66	6.0672
21	67	7.5058
21	68	3.3527
21	69	7.3993
21	70	9.1895
21	71	8.8498
21	72	2.8301
21	73	4.3419
21	74	8.5036
21	75	6.5349
21	76	1.4111
21	77	2.8701
21	78	5.4507
21	79	2.1
21	80	4.7748
21	81	9.8794
21	82	6.1705
21	83	11.567
21	84	6.1059
21	85	2.8671
21	86	1.0996
21	87	1.0996
21	88	5.9228
21	89	5.9228
22	23	131.55
22	24	79.031
22	25	49.677
22	26	45.335
22	27	59.427
22	28	12.379
22	29	7.7415
22	30	10.613
22	31	16.535
22	32	10.413
22	33	8.5485
22	34	4.9538
22	35	3.9547
22	36	3.6139
22	37	6.5153
22	38	6.3272
22	39	4.7697
22	40	5.1246
22	41	8.0922
22	42	10.233
22	43	10.563
22	44	5.1109
22	45	5.4892
22	46	6.3742
22	47	2.9539
22	48	2.5747
22	49	3.2234
22	50	2.7962
22	51	4.7061
22	52	2.6777
22	53	3.875
22	54	2.3561
22	55	2.3214
22	56	2.862
22	57	2.728
22	58	4.345
22	59	3.7656
22	60	6.0342
22	61	7.3009
22	62	4.6561
22	63	5.6885
22	64	4.8145
22	65	5.754
22	66	3.737
22	67	4.5141
22	68	5.9591
22	69	4.0463
22	70	3.3436
22	71	4.6644
22	72	5.8018
22	73	7.7092
22	74	3.4891
22	75	5.3565
22	76	7.5227
22	77	2.9388
22	78	2.232
22	79	6.0185
22	80	5.6463
22	81	5.938
22	82	5.06
22	83	3.1691
22	84	3.5779
22	85	2.3533
22	86	5.421
22	87	1.4977
22	88	1.4977
22	89	1.8391
23	24	103.96
23	25	74.288
23	26	62.01
23	27	44.661
23	28	22.825
23	29	16.995
23	30	17.634
23	31	16.824
23	32	10.09
23	33	2.4562
23	34	3.6233
23	35	5.2048
23	36	5.5367
23	37	3.115
23	38	3.3931
23	39	8.4752
23	40	6.3896
23	41	5.585
23	42	4.9173
23	43	6.3681
23	44	7.8451
23	45	5.4895
23	46	1.9952
23	47	2.0286
23	48	3.9447
23	49	3.7255
23	50	1.6045
23	51	2.0186
23	52	0.6123
23	53	2.7803
23	54	3.1558
23	55	1.9929
23	56	0.81852
23	57	1.8706
23	58	1.8706
23	59	0.85899
23	60	8.7764
23	61	7.0699
23	62	8.0418
23	63	3.0252
23	64	5.0877
23	65	9.329
23	66	4.8035
23	67	10.418
23	68	3.7014
23	69	7.9492
23	70	9.1168
23	71	4.7578
23	72	5.3177
23	73	2.0361
23	74	2.0051
23	75	2.2961
23	76	2.6524
23	77	4.028
23	78	3.1891
23	79	3.4512
23	80	7.463
23	81	7.4159
23	82	6.6105
23	83	7.2483
23	84	0.8182
23	85	0.8182
23	86	1.0328
23	87	1.0328
23	88	1.0328
23	89	1.0328
24	25	127.76
24	26	75.058
24	27	56.206
24	28	27.66
24	29	14.389
24	30	17.338
24	31	17.888
24	32	9.3108
24	33	4.3517
24	34	8.153
24	35	7.684
24	36	5.45
24	37	3.6807
24	38	2.8626
24	39	4.4161
24	40	3.3857
24	41	4.5805
24	42	5.8056
24	43	7.976
24	44	5.7903
24	45	4.9842
24	46	3.2746
24	47	1.9979
24	48	3.8825
24	49	3.6648
24	50	0.52652
24	51	1.3255
24	52	0.60313
24	53	2.1898
24	54	0.88743
24	55	1.3086
24	56	1.6129
24	57	3.0715
24	58	3.6743
24	59	2.5395
24	60	4.3238
24	61	9.1311
24	62	7.4737
24	63	3.969
24	64	3.6405
24	65	6.5522
24	66	2.3624
24	67	6.0561
24	68	5.202
24	69	5.9786
24	70	7.0854
24	71	4.0988
24	72	3.2732
24	73	4.6799
24	74	5.263
24	75	3.0161
24	76	1.3064
24	77	3.3071
24	78	1.8852
24	79	5.8249
24	80	5.8795
24	81	2.4346
24	82	4.0711
24	83	6.25
24	84	1.6122
24	85	0.88306
24	86	3.0542
24	87	1.6791
24	88	1.6791
24	89	1.6791
25	26	117.6
25	27	46.981
25	28	29.646
25	29	19.096
25	30	14.926
25	31	19.245
25	32	2.4279
25	33	5.6673
25	34	5.9735
25	35	8.7706
25	36	6.2091
25	37	2.9966
25	38	2.3295
25	39	4.7938
25	40	6.6168
25	41	4.0272
25	42	4.7307
25	43	7.24
25	44	6.1309
25	45	6.9031
25	46	5.1206
25	47	3.2509
25	48	2.3697
25	49	4.7856
25	50	2.0567
25	51	4.5276
25	52	1.765
25	53	1.0692
25	54	1.7323
25	55	1.2777
25	56	3.1504
25	57	0.59918
25	58	2.9885
25	59	3.3037
25	60	4.8214
25	61	8.0691
25	62	5.5845
25	63	4.3663
25	64	7.1192
25	65	7.272
25	66	8.3285
25	67	8.6573
25	68	7.6328
25	69	9.4499
25	70	7.3785
25	71	3.4317
25	72	3.8364
25	73	1.3051
25	74	1.2864
25	75	3.6791
25	76	3.19
25	77	3.2254
25	78	1.226
25	79	2.3689
25	80	6.6934
25	81	4.7533
25	82	3.9744
25	83	4.3634
25	84	1.5743
25	85	1.7245
25	86	3.9786
25	87	1.6401
25	88	1.3403
25	89	4.0702
26	27	94.017
26	28	29.694
26	29	28.995
26	30	24.988
26	31	22.134
26	32	5.2227
26	33	5.8816
26	34	6.1968
26	35	5.3858
26	36	4.2502
26	37	4.0198
26	38	5.804
26	39	3.2133
26	40	6.7848
26	41	3.4277
26	42	5.4241
26	43	4.7939
26	44	5.8643
26	45	6.5962
26	46	1.2258
26	47	1.2482
26	48	4.9953
26	49	3.4195
26	50	2.465
26	51	2.4849
26	52	1.6965
26	53	2.0497
26	54	2.9088
26	55	0.61302
26	56	0.61302
26	57	2.3039
26	58	0.57388
26	59	3.9714
26	60	2.3164
26	61	5.6958
26	62	9.4545
26	63	5.5636
26	64	5.9528
26	65	6.5178
26	66	7.0505
26	67	6.9621
26	68	12.635
26	69	11.162
26	70	9.7277
26	71	2.7404
26	72	2.4528
26	73	3.7581
26	74	3.7581
26	75	2.1203
26	76	6.1155
26	77	1.2404
26	78	4.1237
26	79	6.3642
26	80	9.1814
26	81	6.8439
26	82	4.5786
26	83	3.3453
26	84	5.2883
26	85	5.2883
26	86	5.2883
26	87	4.7263
26	88	4.7263
26	89	4.7263
27	28	66.891
27	29	34.437
27	30	30.979
27	31	41.999
27	32	31.749
27	33	11.904
27	34	12.016
27	35	11.123
27	36	11.187
27	37	8.8134
27	38	6.8547
27	39	8.0485
27	40	7.4318
27	41	3.7561
27	42	7.9103
27	43	8.7468
27	44	5.9268
27	45	9.3387
27	46	8.0584
27	47	3.4263
27	48	3.4861
27	49	5.5951
27	50	3.2449
27	51	3.4125
27	52	1.8653
27	53	5.0579
27	54	3.6493
27	55	4.0376
27	56	4.975
27	57	3.1666
27	58	6.3023
27	59	5.2404
27	60	8.9104
27	61	11.598
27	62	12.156
27	63	9.6368
27	64	8.8383
27	65	4.8866
27	66	9.1325
27	67	5.2326
27	68	4.7813
27	69	7.5036
27	70	7.2781
27	71	5.4087
27	72	7.3997
27	73	4.1273
27	74	5.3904
27	75	3.8828
27	76	4.0245
27	77	2.7284
27	78	11.01
27	79	8.9829
27	80	8.5726
27	81	5.0094
27	82	8.3802
27	83	7.3339
27	84	4.1466
27	85	1.8174
27	86	2.0912
27	87	5.1904
27	88	4.2238
27	89	4.2238
28	29	105.92
28	30	83.937
28	31	60.397
28	32	16.135
28	33	7.548
28	34	10.604
28	35	12.644
28	36	10.399
28	37	2.5542
28	38	7.946
28	39	6.1266
28	40	11.067
28	41	5.7185
28	42	7.5421
28	43	5.9247
28	44	7.0248
28	45	15.108
28	46	0.68154
28	47	2.776
28	48	4.0414
28	49	3.1698
28	50	4.3859
28	51	1.3818
28	52	1.2578
28	53	3.4196
28	54	0.92431
28	55	0.92431
28	56	0.92431
28	57	1.2813
28	58	3.1908
28	59	3.5331
28	60	3.864
28	61	14.027
28	62	10.516
28	63	7.22
28	64	12.771
28	65	11.329
28	66	9.8057
28	67	11.133
28	68	10.269
28	69	11.939
28	70	7.8694
28	71	3.0479
28	72	2.7272
28	73	2.787
28	74	1.3688
28	75	1.5725
28	76	4.7615
28	77	1.38
28	78	3.2765
28	79	6.5734
28	80	11.232
28	81	10.149
28	82	3.3949
28	83	5.5803
28	84	4.2008
28	85	0.92045
28	86	1.0607
28	87	1.0607
28	88	1.0607
28	89	1.0607
29	30	122.14
29	31	66.873
29	32	12.615
29	33	12.959
29	34	9.8879
29	35	8.8716
29	36	9.6539
29	37	2.2686
29	38	4.8503
29	39	9.9756
29	40	5.8091
29	41	5.5019
29	42	7.1476
29	43	7.895
29	44	8.4686
29	45	11.121
29	46	1.8162
29	47	3.0807
29	48	2.6912
29	49	3.9456
29	50	3.4075
29	51	3.0663
29	52	2.2325
29	53	1.0121
29	54	1.6409
29	55	1.2106
29	56	1.4922
29	57	0.56848
29	58	3.399
29	59	1.5676
29	60	6.2874
29	61	9.2417
29	62	15.432
29	63	6.4147
29	64	9.2446
29	65	10.476
29	66	9.5891
29	67	12.043
29	68	12.488
29	69	10.187
29	70	7.8594
29	71	4.8719
29	72	4.8436
29	73	3.7107
29	74	3.7107
29	75	2.7911
29	76	3.0199
29	77	7.3464
29	78	3.4889
29	79	6.7328
29	80	9.0632
29	81	5.6306
29	82	4.5205
29	83	8.261
29	84	2.2376
29	85	0.81722
29	86	4.7097
29	87	3.1114
29	88	1.2685
29	89	1.2685
30	31	105.66
30	32	24.013
30	33	10.627
30	34	11.73
30	35	3.3464
30	36	13.31
30	37	8.3447
30	38	6.9917
30	39	9.2417
30	40	5.0602
30	41	4.793
30	42	4.047
30	43	7.7464
30	44	13.122
30	45	10.424
30	46	4.1104
30	47	2.0919
30	48	7.6196
30	49	3.8271
30	50	1.6535
30	51	0.69416
30	52	3.7916
30	53	2.292
30	54	3.7176
30	55	2.7401
30	56	2.7401
30	57	1.931
30	58	0.64128
30	59	2.6606
30	60	8.4105
30	61	9.5567
30	62	12.879
30	63	11.931
30	64	8.0891
30	65	10.492
30	66	13.322
30	67	10.226
30	68	8.6999
30	69	12.496
30	70	6.4287
30	71	4.2891
30	72	4.7964
30	73	4.9007
30	74	0.68807
30	75	3.9491
30	76	4.7853
30	77	0.69311
30	78	5.2668
30	79	7.625
30	80	9.7499
30	81	8.9222
30	82	4.2631
30	83	11.21
30	84	2.5317
30	85	0.92444
30	86	0.92444
30	87	1.7576
30	88	2.87
30	89	2.1741
31	32	49.475
31	33	20.389
31	34	17.367
31	35	16.042
31	36	11.004
31	37	9.919
31	38	6.8499
31	39	10.12
31	40	10.399
31	41	5.3376
31	42	5.6216
31	43	10.715
31	44	11.666
31	45	11.505
31	46	4.1163
31	47	1.1996
31	48	4.3551
31	49	4.3553
31	50	2.3653
31	51	4.1813
31	52	2.1758
31	53	1.4749
31	54	1.5947
31	55	1.7676
31	56	0.72634
31	57	3.325
31	58	3.3089
31	59	9.1795
31	60	9.4716
31	61	13.26
31	62	9.8418
31	63	9.3202
31	64	10.58
31	65	7.7737
31	66	8.8365
31	67	9.155
31	68	7.4373
31	69	14.358
31	70	8.4861
31	71	6.3117
31	72	5.3003
31	73	5.4194
31	74	2.3598
31	75	4.0792
31	76	5.2863
31	77	4.1785
31	78	6.8007
31	79	8.2918
31	80	8.8206
31	81	9.8648
31	82	5.1381
31	83	5.628
31	84	4.3592
31	85	0.79648
31	86	3.6677
31	87	3.6677
31	88	3.6677
31	89	1.8654
32	33	166.86
32	34	61.754
32	35	32.622
32	36	16.481
32	37	40.631
32	38	19.104
32	39	14.71
32	40	13.281
32	41	20.601
32	42	11.439
32	43	14.908
32	44	9.0231
32	45	6.2051
32	46	28.607
32	47	17.53
32	48	7.8925
32	49	4.5317
32	50	9.8875
32	51	9.9794
32	52	8.3412
32	53	7.5338
32	54	7.7923
32	55	15.572
32	56	10.094
32	57	11.586
32	58	12.289
32	59	20.214
32	60	14.741
32	61	5.4383
32	62	7.6815
32	63	11.113
32	64	2.2657
32	65	3.2408
32	66	3.5057
32	67	4.053
32	68	4.5255
32	69	4.5658
32	70	10.651
32	71	10.247
32	72	17.203
32	73	9.2199
32	74	14.756
32	75	17.975
32	76	15.517
32	77	10.81
32	78	6.3171
32	79	4.2595
32	80	3.6903
32	81	3.0513
32	82	16.327
32	83	3.3415
32	84	18.171
32	85	9.9519
32	86	11.436
32	87	16.789
32	88	5.1374
32	89	2.5857
33	34	188.82
33	35	46.062
33	36	32.911
33	37	30.04
33	38	15.883
33	39	14.388
33	40	13.69
33	41	17.904
33	42	8.9344
33	43	12.771
33	44	7.526
33	45	6.8631
33	46	20.499
33	47	7.8616
33	48	8.5521
33	49	7.6658
33	50	7.2292
33	51	8.4868
33	52	10.119
33	53	11.264
33	54	6.9713
33	55	12.221
33	56	10.303
33	57	9.0965
33	58	10.848
33	59	10.042
33	60	9.7496
33	61	5.9562
33	62	3.8601
33	63	6.274
33	64	3.5406
33	65	2.947
33	66	2.2788
33	67	5.4265
33	68	3.0304
33	69	4.0081
33	70	5.0963
33	71	9.7496
33	72	12.21
33	73	12.497
33	74	9.63
33	75	8.9148
33	76	8.3268
33	77	11.756
33	78	6.1996
33	79	7.1508
33	80	2.411
33	81	5.9855
33	82	12.024
33	83	3.5015
33	84	6.3444
33	85	6.0849
33	86	8.9884
33	87	3.3142
33	88	4.0319
33	89	4.0539
34	35	121.26
34	36	47.767
34	37	39.849
34	38	20.169
34	39	17.171
34	40	22.373
34	41	14.141
34	42	15.85
34	43	10.526
34	44	10.403
34	45	10.206
34	46	12.813
34	47	14.483
34	48	8.005
34	49	8.0753
34	50	4.3495
34	51	10.996
34	52	10.025
34	53	10.166
34	54	4.1296
34	55	5.4171
34	56	9.1771
34	57	10.853
34	58	10.151
34	59	8.8076
34	60	12.185
34	61	5.8243
34	62	3.1619
34	63	8.6408
34	64	5.5937
34	65	2.6617
34	66	4.3211
34	67	5.7158
34	68	3.192
34	69	3.7531
34	70	5.8538
34	71	4.8307
34	72	11.5
34	73	12.463
34	74	6.7603
34	75	7.821
34	76	6.0686
34	77	8.2506
34	78	6.5257
34	79	5.5219
34	80	3.5537
34	81	1.8905
34	82	6.7499
34	83	3.6858
34	84	4.1736
34	85	11.893
34	86	3.1538
34	87	10.461
34	88	4.245
34	89	8.5352
35	36	148.03
35	37	75.748
35	38	25.2
35	39	25.244
35	40	24.248
35	41	18.857
35	42	16.75
35	43	16.086
35	44	13.63
35	45	9.5905
35	46	16.826
35	47	13.741
35	48	10.625
35	49	12.458
35	50	11.534
35	51	9.4115
35	52	10.919
35	53	12.69
35	54	4.0106
35	55	8.4324
35	56	5.1922
35	57	4.7667
35	58	4.7418
35	59	15.316
35	60	13.565
35	61	4.4794
35	62	3.956
35	63	7.632
35	64	5.2519
35	65	1.6711
35	66	4.2169
35	67	5.9665
35	68	4.6627
35	69	7.6477
35	70	7.9178
35	71	9.0401
35	72	8.4293
35	73	9.4864
35	74	6.753
35	75	11.681
35	76	7.5645
35	77	5.988
35	78	10.56
35	79	8.1425
35	80	3.7969
35	81	4.7096
35	82	14.699
35	83	5.7316
35	84	11.424
35	85	5.6865
35	86	3.9238
35	87	3.9238
35	88	1.7624
35	89	2.6617
36	37	99.995
36	38	36.008
36	39	27.5
36	40	19.966
36	41	12.621
36	42	18.117
36	43	10.961
36	44	12.821
36	45	11
36	46	6.0236
36	47	12.943
36	48	5.3599
36	49	12.19
36	50	8.2534
36	51	6.7563
36	52	9.5192
36	53	6.5559
36	54	5.3247
36	55	8.471
36	56	2.9828
36	57	3.9938
36	58	6.8022
36	59	13.39
36	60	11.465
36	61	10.797
36	62	6.046
36	63	9.0713
36	64	6.6543
36	65	7.514
36	66	6.8505
36	67	4.2491
36	68	7.1192
36	69	5.8574
36	70	6.5329
36	71	5.9322
36	72	11.484
36	73	4.9496
36	74	7.847
36	75	4.8935
36	76	9.0365
36	77	7.9902
36	78	5.2492
36	79	5.8277
36	80	4.9881
36	81	7.3198
36	82	9.0506
36	83	4.9432
36	84	5.9697
36	85	4.0906
36	86	8.4607
36	87	9.3708
36	88	3.7934
36	89	1.9062
37	38	153.69
37	39	62.106
37	40	50.358
37	41	34.678
37	42	23.288
37	43	11.978
37	44	17.913
37	45	8.7189
37	46	21.114
37	47	23.26
37	48	13.275
37	49	13.456
37	50	13.109
37	51	12.419
37	52	7.5538
37	53	10.894
37	54	6.6448
37	55	16.308
37	56	12.049
37	57	15.389
37	58	17.584
37	59	24.383
37	60	11.591
37	61	5.4044
37	62	3.8138
37	63	9.7991
37	64	7.3045
37	65	2.6719
37	66	4.0472
37	67	4.0183
37	68	5.1277
37	69	3.3927
37	70	4.7074
37	71	9.4566
37	72	8.9618
37	73	10.844
37	74	10.58
37	75	10.36
37	76	8.9314
37	77	13.255
37	78	7.8652
37	79	5.448
37	80	2.4489
37	81	3.7953
37	82	15.235
37	83	3.3211
37	84	11.05
37	85	9.9035
37	86	8.8426
37	87	4.1784
37	88	1.702
37	89	5.1309
38	39	140.63
38	40	54.994
38	41	26.073
38	42	19.03
38	43	13.157
38	44	12.538
38	45	11.555
38	46	12.022
38	47	12.297
38	48	7.5058
38	49	14.551
38	50	5.0992
38	51	5.8041
38	52	7.644
38	53	9.0045
38	54	8.1734
38	55	5.7192
38	56	7.8313
38	57	5.9912
38	58	10.12
38	59	14.059
38	60	14.449
38	61	6.3005
38	62	7.1975
38	63	14.77
38	64	6.9902
38	65	6.6473
38	66	6.7474
38	67	5.8026
38	68	2.4929
38	69	4.8346
38	70	6.4046
38	71	8.4963
38	72	10.156
38	73	10.396
38	74	7.608
38	75	8.8076
38	76	9.491
38	77	10.324
38	78	9.1863
38	79	4.7075
38	80	3.8099
38	81	4.1388
38	82	4.7519
38	83	5.1903
38	84	7.8365
38	85	2.5772
38	86	2.9608
38	87	2.9608
38	88	3.9837
38	89	4.0051
39	40	126.35
39	41	39.024
39	42	32.428
39	43	20.828
39	44	18.599
39	45	13.511
39	46	9.089
39	47	13.939
39	48	6.2607
39	49	7.776
39	50	6.8027
39	51	8.598
39	52	7.236
39	53	4.3491
39	54	5.299
39	55	10.427
39	56	7.2271
39	57	4.3003
39	58	11.601
39	59	11.017
39	60	10.493
39	61	6.8999
39	62	6.0881
39	63	5.8724
39	64	8.5271
39	65	6.8348
39	66	5.0864
39	67	5.0446
39	68	6.6586
39	69	5.8724
39	70	9.3911
39	71	5.2312
39	72	5.2088
39	73	5.3312
39	74	8.4597
39	75	9.0321
39	76	15.578
39	77	6.6164
39	78	6.9084
39	79	6.7638
39	80	5.3743
39	81	5.4581
39	82	5.6847
39	83	3.5479
39	84	4.8204
39	85	2.6416
39	86	9.1074
39	87	6.7122
39	88	5.4474
39	89	4.1088
40	41	115.69
40	42	43.672
40	43	28.274
40	44	29.114
40	45	16.931
40	46	22.377
40	47	15.028
40	48	16.117
40	49	13.559
40	50	6.6959
40	51	11.718
40	52	9.494
40	53	9.6327
40	54	5.2137
40	55	7.6991
40	56	4.7446
40	57	9.0678
40	58	6.6109
40	59	15.85
40	60	9.7204
40	61	5.5177
40	62	4.7089
40	63	7.229
40	64	5.7451
40	65	6.3139
40	66	7.2906
40	67	4.065
40	68	2.0179
40	69	5.3394
40	70	5.083
40	71	9.1566
40	72	12.18
40	73	7.8718
40	74	3.8457
40	75	5.1864
40	76	5.7521
40	77	7.8138
40	78	6.1807
40	79	6.6566
40	80	3.8463
40	81	2.9849
40	82	9.5941
40	83	6.9909
40	84	2.3732
40	85	6.0704
40	86	5.9819
40	87	9.9239
40	88	1.3412
40	89	8.0977
41	42	111.7
41	43	50.979
41	44	28.489
41	45	16.81
41	46	35.161
41	47	25.415
41	48	16.182
41	49	13.962
41	50	13.188
41	51	9.2654
41	52	9.0087
41	53	5.5822
41	54	9.0653
41	55	10.956
41	56	9.0015
41	57	10.326
41	58	13.683
41	59	10.293
41	60	8.6462
41	61	7.6462
41	62	4.4637
41	63	9.1358
41	64	7.1206
41	65	4.3856
41	66	6.0428
41	67	4.7083
41	68	3.8245
41	69	2.5294
41	70	4.8204
41	71	5.4272
41	72	9.1205
41	73	10.58
41	74	7.2924
41	75	13.359
41	76	3.6372
41	77	1.236
41	78	4.1054
41	79	4.961
41	80	4.1046
41	81	3.3982
41	82	11.379
41	83	6.6328
41	84	8.2562
41	85	9.0514
41	86	2.8378
41	87	9.4236
41	88	3.8172
41	89	1.9193
42	43	155.32
42	44	49.621
42	45	40.212
42	46	28.03
42	47	23.408
42	48	14.164
42	49	14.138
42	50	10.771
42	51	9.7143
42	52	6.4893
42	53	4.7964
42	54	8.6489
42	55	6.3856
42	56	6.2963
42	57	8.4143
42	58	7.1755
42	59	10.782
42	60	9.0613
42	61	9.7247
42	62	5.1199
42	63	19.71
42	64	10.139
42	65	4.2069
42	66	5.9191
42	67	10.367
42	68	7.0478
42	69	4.4422
42	70	8.7407
42	71	7.4096
42	72	8.9359
42	73	9.1372
42	74	7.0289
42	75	5.1589
42	76	4.4547
42	77	5.8259
42	78	7.9892
42	79	6.1519
42	80	3.3482
42	81	1.7823
42	82	12.727
42	83	9.5743
42	84	14.17
42	85	6.0396
42	86	8.9344
42	87	4.9355
42	88	4.9355
42	89	8.0761
43	44	159.11
43	45	56.959
43	46	42.074
43	47	17.649
43	48	15.053
43	49	13.18
43	50	7.2666
43	51	6.8794
43	52	6.969
43	53	6.2919
43	54	5.6217
43	55	7.5344
43	56	6.498
43	57	7.8087
43	58	9.8835
43	59	14.677
43	60	9.9863
43	61	10.487
43	62	6.0459
43	63	14.177
43	64	5.7214
43	65	9.42
43	66	11.267
43	67	5.3167
43	68	8.3126
43	69	2.6198
43	70	7.6087
43	71	8.7436
43	72	11.295
43	73	6.9334
43	74	6.78
43	75	15.654
43	76	7.5075
43	77	6.8786
43	78	10.887
43	79	6.148
43	80	7.3456
43	81	6.3102
43	82	6.568
43	83	9.2235
43	84	3.7138
43	85	5.0864
43	86	5.8455
43	87	3.8684
43	88	4.7242
43	89	4.7566
44	45	143.91
44	46	75.775
44	47	26.024
44	48	18.894
44	49	14.693
44	50	15.393
44	51	5.185
44	52	6.4982
44	53	6.3973
44	54	6.4937
44	55	8.3045
44	56	6.2971
44	57	7.8235
44	58	10.173
44	59	7.4706
44	60	15.723
44	61	7.6142
44	62	8.107
44	63	8.6467
44	64	10.133
44	65	9.2368
44	66	10.451
44	67	7.6551
44	68	5.0291
44	69	9.7613
44	70	14.273
44	71	9.1207
44	72	11.49
44	73	8.491
44	74	3.1926
44	75	8.1131
44	76	11.455
44	77	7.7777
44	78	12.921
44	79	6.6308
44	80	5.2669
44	81	7.1332
44	82	8.7536
44	83	13.044
44	84	14.175
44	85	3.4518
44	86	3.9684
44	87	1.6437
44	88	2.671
44	89	4.0325
45	46	86.462
45	47	24.019
45	48	16.62
45	49	10.118
45	50	10.569
45	51	7.2329
45	52	8.6147
45	53	5.4914
45	54	5.5678
45	55	8.7783
45	56	1.3527
45	57	6.1957
45	58	8.7311
45	59	9.979
45	60	12.975
45	61	10.162
45	62	12.452
45	63	14.859
45	64	14.759
45	65	9.7504
45	66	13.684
45	67	12.382
45	68	7.3475
45	69	6.1013
45	70	8.6894
45	71	10.771
45	72	10.418
45	73	8.4115
45	74	6.5866
45	75	5.6998
45	76	8.2018
45	77	6.1184
45	78	3.1677
45	79	8.5332
45	80	8.2146
45	81	10.718
45	82	9.5702
45	83	11.227
45	84	2.7066
45	85	2.9673
45	86	2.5613
45	87	4.2506
45	88	3.4449
45	89	1.7353
46	47	154.88
46	48	36.672
46	49	25.52
46	50	21.659
46	51	17.64
46	52	18.508
46	53	16.693
46	54	8.8564
46	55	11.292
46	56	14.973
46	57	21.31
46	58	21.18
46	59	22.576
46	60	18.107
46	61	5.7632
46	62	3.4867
46	63	3.266
46	64	4.795
46	65	1.7112
46	66	1.2339
46	67	2.4496
46	68	2.735
46	69	3.0168
46	70	6.2732
46	71	6.9774
46	72	10.416
46	73	15.107
46	74	8.6755
46	75	15.049
46	76	6.921
46	77	7.0593
46	78	5.8649
46	79	5.8075
46	80	3.2621
46	81	0.80878
46	82	9.7361
46	83	2.3577
46	84	13.908
46	85	12.887
46	86	10.762
46	87	4.4436
46	88	9.0664
46	89	8.2009
47	48	207.95
47	49	68.222
47	50	30.745
47	51	46.051
47	52	23.916
47	53	23.018
47	54	13.296
47	55	19.561
47	56	22.993
47	57	21.84
47	58	15.016
47	59	30.074
47	60	25.311
47	61	8.2527
47	62	7.127
47	63	8.0035
47	64	7.3436
47	65	1.7423
47	66	2.5139
47	67	2.4996
47	68	2.7911
47	69	3.6915
47	70	7.0634
47	71	8.7226
47	72	5.33
47	73	10.918
47	74	14.179
47	75	12.322
47	76	8.8507
47	77	10.846
47	78	16.31
47	79	3.9616
47	80	2.6733
47	81	4.1389
47	82	3.3219
47	83	3.6139
47	84	9.8575
47	85	14.395
47	86	17.871
47	87	9.0882
47	88	5.5615
47	89	11.17
48	49	123.12
48	50	33.189
48	51	28.849
48	52	36.47
48	53	15.622
48	54	20.128
48	55	12.921
48	56	19.903
48	57	9.7459
48	58	19.37
48	59	19.333
48	60	21.424
48	61	5.9815
48	62	3.4456
48	63	9.6923
48	64	6.2216
48	65	3.8037
48	66	4.5755
48	67	3.6323
48	68	3.043
48	69	4.471
48	70	6.049
48	71	8.064
48	72	7.7447
48	73	10.569
48	74	5.802
48	75	11.191
48	76	9.0061
48	77	5.9036
48	78	8.0945
48	79	6.7022
48	80	3.8744
48	81	4.8094
48	82	8.0504
48	83	7.0326
48	84	3.1865
48	85	5.239
48	86	6.0175
48	87	9.9863
48	88	4.0495
48	89	2.0358
49	50	109.19
49	51	55.784
49	52	30.934
49	53	18.693
49	54	16.258
49	55	18.345
49	56	14.738
49	57	15.75
49	58	18.679
49	59	20.654
49	60	16.584
49	61	9.5484
49	62	4.2876
49	63	7.8509
49	64	3.3245
49	65	0.53063
49	66	0.57381
49	67	3.4016
49	68	2.532
49	69	2.7973
49	70	6.3413
49	71	11.416
49	72	5.5853
49	73	5.7071
49	74	7.2067
49	75	9.1946
49	76	13.527
49	77	13.723
49	78	6.1364
49	79	4.1465
49	80	2.3928
49	81	5.9378
49	82	2.9771
49	83	9.769
49	84	3.9284
49	85	5.377
49	86	4.9509
49	87	8.1536
49	88	1.6692
49	89	5.0554
50	51	307.14
50	52	65.657
50	53	35.123
50	54	27.596
50	55	17.548
50	56	20.753
50	57	29.141
50	58	20.393
50	59	18.27
50	60	9.9795
50	61	6.9652
50	62	3.2761
50	63	4.2103
50	64	4.3444
50	65	5.5046
50	66	4.9659
50	67	3.4512
50	68	1.652
50	69	2.4274
50	70	3.0349
50	71	9.3859
50	72	5.6088
50	73	8.6154
50	74	6.9998
50	75	12.164
50	76	7.6876
50	77	7.8456
50	78	5.4159
50	79	7.2866
50	80	2.1061
50	81	1.9597
50	82	3.4994
50	83	4.7717
50	84	6.0567
50	85	18.018
50	86	1.0889
50	87	10.837
50	88	4.397
50	89	4.4177
51	52	181.65
51	53	61.412
51	54	36.138
51	55	46.073
51	56	42.554
51	57	29.299
51	58	29.097
51	59	29.97
51	60	11.775
51	61	4.7
51	62	2.9588
51	63	7.9731
51	64	3.048
51	65	3.4687
51	66	1.8772
51	67	3.1121
51	68	3.4754
51	69	3.0636
51	70	3.2
51	71	11.062
51	72	7.0826
51	73	10.878
51	74	10.594
51	75	12.273
51	76	12.346
51	77	9.9026
51	78	5.9877
51	79	5.2624
51	80	1.3323
51	81	4.1236
51	82	13.238
51	83	8.3962
51	84	10.914
51	85	16.734
51	86	10.947
51	87	11.307
51	88	7.3872
51	89	13.913
52	53	160.62
52	54	58.223
52	55	47.748
52	56	35.882
52	57	32.121
52	58	23.533
52	59	26.354
52	60	14.596
52	61	6.426
52	62	4.8528
52	63	6.0546
52	64	3.3322
52	65	4.2096
52	66	5.1266
52	67	1.1339
52	68	4.4324
52	69	2.2316
52	70	5.2523
52	71	6.4891
52	72	8.891
52	73	9.9351
52	74	8.8597
52	75	11.218
52	76	6.441
52	77	8.2297
52	78	5.4702
52	79	3.6019
52	80	3.0397
52	81	3.0132
52	82	5.041
52	83	2.1939
52	84	15.958
52	85	6.5568
52	86	7.5103
52	87	29.044
52	88	8.4345
52	89	5.0788
53	54	232.26
53	55	70.705
53	56	42.205
53	57	30.253
53	58	23.226
53	59	16.12
53	60	13.124
53	61	5.7891
53	62	3.8899
53	63	3.2813
53	64	4.0127
53	65	2.8611
53	66	3.6132
53	67	1.0248
53	68	2.8614
53	69	2.523
53	70	1.5761
53	71	4.5496
53	72	5.8255
53	73	7.4546
53	74	6.5451
53	75	15.995
53	76	3.6289
53	77	5.1822
53	78	5.6226
53	79	1.6215
53	80	2.1871
53	81	2.7135
53	82	4.541
53	83	1.9816
53	84	3.5939
53	85	9.8459
53	86	6.7824
53	87	11.243
53	88	6.0891
53	89	9.18
54	55	142.42
54	56	58.514
54	57	26.866
54	58	22.234
54	59	8.5038
54	60	9.563
54	61	5.4837
54	62	6.7096
54	63	5.3287
54	64	2.8499
54	65	3.8658
54	66	5.0251
54	67	3.3264
54	68	2.3225
54	69	3.274
54	70	2.988
54	71	3.6998
54	72	3.5555
54	73	7.2815
54	74	9.4607
54	75	5.4848
54	76	9.4511
54	77	7.8372
54	78	4.005
54	79	2.1965
54	80	1.7784
54	81	3.3123
54	82	9.6187
54	83	8.8877
54	84	5.1246
54	85	8.8307
54	86	10.141
54	87	9.2046
54	88	7.4378
54	89	5.6048
55	56	309.39
55	57	48.632
55	58	41.753
55	59	30.636
55	60	17.383
55	61	7.5249
55	62	2.9162
55	63	7.8593
55	64	4.8079
55	65	2.8527
55	66	1.2346
55	67	1.2275
55	68	0.68528
55	69	0.60436
55	70	2.5217
55	71	4.6703
55	72	4.3591
55	73	8.0354
55	74	13.05
55	75	11.083
55	76	10.424
55	77	7.0939
55	78	6.7385
55	79	4.5371
55	80	1.3119
55	81	2.4369
55	82	10.865
55	83	3.5453
55	84	9.6714
55	85	14.121
55	86	17.529
55	87	8.9082
55	88	10.914
55	89	16.445
56	57	181.71
56	58	78.649
56	59	30.72
56	60	9.1727
56	61	4.9938
56	62	4.3131
56	63	3.2277
56	64	1.4813
56	65	4.2196
56	66	0.76059
56	67	0.76059
56	68	4.2217
56	69	1.4898
56	70	0.77679
56	71	2.8759
56	72	9.6613
56	73	14.293
56	74	13.929
56	75	17.369
56	76	9.625
56	77	4.3682
56	78	9.3358
56	79	6.3894
56	80	1.6163
56	81	5.0019
56	82	8.025
56	83	7.2689
56	84	13.225
56	85	18.822
56	86	14.932
56	87	21.887
56	88	6.7164
56	89	10.117
57	58	232.77
57	59	76.224
57	60	18.783
57	61	7.094
57	62	2.7471
57	63	2.4672
57	64	3.395
57	65	2.1441
57	66	2.1441
57	67	0.57759
57	68	4.5156
57	69	2.2734
57	70	0.59471
57	71	8.8138
57	72	8.2328
57	73	10.963
57	74	16.407
57	75	19.992
57	76	17.219
57	77	10.895
57	78	7.9599
57	79	4.8924
57	80	4.3357
57	81	2.3017
57	82	10.268
57	83	4.466
57	84	19.298
57	85	15.578
57	86	11.466
57	87	21.101
57	88	15.459
57	89	20.688
58	59	196.07
58	60	41.17
58	61	10.843
58	62	4.9154
58	63	4.2946
58	64	6.7538
58	65	4.2717
58	66	4.0459
58	67	5.1721
58	68	4.4923
58	69	3.3943
58	70	2.9534
58	71	6.5681
58	72	16.356
58	73	15.914
58	74	14.682
58	75	9.4569
58	76	18.741
58	77	9.1543
58	78	12.644
58	79	4.2526
58	80	5.5346
58	81	3.8103
58	82	8.159
58	83	7.7713
58	84	15.132
58	85	13.262
58	86	12.668
58	87	16.779
58	88	16.779
58	89	15.429
59	60	170.33
59	61	18.081
59	62	8.3437
59	63	11.907
59	64	8.587
59	65	5.1741
59	66	5.5981
59	67	4.7802
59	68	4.4477
59	69	4.4477
59	70	6.5671
59	71	17.201
59	72	20.405
59	73	23.229
59	74	15.812
59	75	34.061
59	76	20.321
59	77	21.927
59	78	14.258
59	79	5.905
59	80	2.5633
59	81	6.3392
59	82	25.424
59	83	4.5956
59	84	12.571
59	85	33.634
59	86	13.985
59	87	11.528
59	88	16.532
59	89	24.878
60	61	90.467
60	62	29.813
60	63	37.184
60	64	18.765
60	65	10.239
60	66	9.9124
60	67	10.449
60	68	9.7224
60	69	10.854
60	70	22.104
60	71	25.82
60	72	19.015
60	73	17.789
60	74	24.722
60	75	11.479
60	76	17.294
60	77	16.844
60	78	21.589
60	79	15.98
60	80	11.2
60	81	14.644
60	82	33.003
60	83	15.699
60	84	17.337
60	85	11.17
60	86	14.078
60	87	16.946
60	88	1.7252
60	89	2.5954
61	62	123
61	63	78.989
61	64	25.468
61	65	18.928
61	66	23.774
61	67	19.923
61	68	24.524
61	69	16.015
61	70	19.579
61	71	18.058
61	72	9.2506
61	73	8.2862
61	74	8.6633
61	75	7.3567
61	76	10.952
61	77	10.583
61	78	9.4841
61	79	21.439
61	80	15.612
61	81	18.85
61	82	12.989
61	83	12.617
61	84	5.7112
61	85	2.3484
61	86	3.5992
61	87	5.9813
61	88	5.9813
61	89	5.4731
62	63	113.87
62	64	44.573
62	65	29.837
62	66	27.332
62	67	26.267
62	68	25.213
62	69	26.279
62	70	17.211
62	71	12.483
62	72	7.575
62	73	4.7696
62	74	8.1569
62	75	4.0418
62	76	8.1334
62	77	6.5112
62	78	10.673
62	79	13.393
62	80	18.347
62	81	19.536
62	82	10.903
62	83	19.875
62	84	3.5963
62	85	4.7313
62	86	0.90697
62	87	1.5061
62	88	1.2198
62	89	1.2198
63	64	82.774
63	65	36.68
63	66	24.748
63	67	20.348
63	68	25.822
63	69	21.878
63	70	31.639
63	71	19.88
63	72	15.056
63	73	11.383
63	74	11.794
63	75	9.073
63	76	10.443
63	77	13.286
63	78	22.074
63	79	19.431
63	80	15.71
63	81	14.018
63	82	17.131
63	83	10.701
63	84	10.493
63	85	1.7689
63	86	3.052
63	87	3.3675
63	88	2.7393
63	89	2.0685
64	65	117.54
64	66	71.527
64	67	56.405
64	68	54.469
64	69	46.812
64	70	49.366
64	71	23.603
64	72	14.415
64	73	12.287
64	74	10.221
64	75	7.6319
64	76	14.373
64	77	10.971
64	78	9.8355
64	79	17.374
64	80	17.11
64	81	21.25
64	82	12.727
64	83	19.654
64	84	4.4455
64	85	8.1196
64	86	1.8685
64	87	1.8685
64	88	1.2572
64	89	3.7982
65	66	111.19
65	67	60.749
65	68	67.389
65	69	53.947
65	70	39.5
65	71	17.854
65	72	15.978
65	73	6.9959
65	74	5.7282
65	75	7.2371
65	76	10.815
65	77	4.0411
65	78	5.4825
65	79	17.767
65	80	15.377
65	81	19.106
65	82	7.8131
65	83	23.36
65	84	7.0313
65	85	0.77044
65	86	6.2155
65	87	1.4675
65	88	1.1955
65	89	3.6219
66	67	113.08
66	68	78.305
66	69	59.678
66	70	38.309
66	71	21.527
66	72	8.6436
66	73	8.8315
66	74	4.9574
66	75	6.4075
66	76	8.0047
66	77	7.4984
66	78	13.055
66	79	11.909
66	80	15.261
66	81	20.104
66	82	11.525
66	83	19.356
66	84	6.8448
66	85	2.499
66	86	2.8792
66	87	4.7527
66	88	4.7527
66	89	1.9573
67	68	117.21
67	69	59.425
67	70	42.907
67	71	24.113
67	72	12.269
67	73	14.429
67	74	6.1443
67	75	9.9173
67	76	11.012
67	77	11.199
67	78	11.813
67	79	15.015
67	80	19.769
67	81	19.415
67	82	10.702
67	83	21.751
67	84	9.0782
67	85	4.1454
67	86	0.95424
67	87	1.58
67	88	1.58
67	89	1.9411
68	69	105.52
68	70	50.395
68	71	28.148
68	72	17.809
68	73	16.814
68	74	10.976
68	75	9.4927
68	76	8.1975
68	77	12.508
68	78	9.2352
68	79	16.772
68	80	28.244
68	81	21.043
68	82	5.9747
68	83	15.873
68	84	10.979
68	85	1.851
68	86	1.0651
68	87	10.577
68	88	1.4337
68	89	2.1663
69	70	111.91
69	71	28.608
69	72	22.354
69	73	10.5
69	74	9.689
69	75	6.2765
69	76	15.065
69	77	8.5718
69	78	6.3937
69	79	21.501
69	80	25.792
69	81	19.116
69	82	8.2802
69	83	25.562
69	84	5.9602
69	85	4.8995
69	86	4.7023
69	87	1.5576
69	88	1.2654
69	89	1.2654
70	71	93.814
70	72	52.26
70	73	19.984
70	74	13.199
70	75	16.025
70	76	23.846
70	77	17.936
70	78	12.157
70	79	25.691
70	80	29.299
70	81	21.119
70	82	13.359
70	83	18.872
70	84	10.107
70	85	2.5567
70	86	4.8943
70	87	4.8784
70	88	1.3168
70	89	3.9685
71	72	234.1
71	73	65.29
71	74	25.639
71	75	26.964
71	76	30.231
71	77	18.973
71	78	30.778
71	79	14.444
71	80	13.441
71	81	18.837
71	82	41.685
71	83	14.792
71	84	22.057
71	85	13.657
71	86	6.0279
71	87	5.9812
71	88	3.2494
71	89	4.8998
72	73	155.22
72	74	47.828
72	75	47.327
72	76	42.537
72	77	34.555
72	78	34.498
72	79	21.369
72	80	13.757
72	81	21.103
72	82	27.149
72	83	22.46
72	84	17.182
72	85	8.2327
72	86	14.839
72	87	13.377
72	88	13.377
72	89	21.919
73	74	175.31
73	75	81.423
73	76	66.638
73	77	42.633
73	78	32.743
73	79	20.546
73	80	8.7229
73	81	5.8174
73	82	16.674
73	83	7.256
73	84	26.396
73	85	16.862
73	86	16.555
73	87	13.683
73	88	16.752
73	89	5.6092
74	75	226.94
74	76	86.694
74	77	41.495
74	78	36.061
74	79	16.155
74	80	9.1461
74	81	14.576
74	82	31.413
74	83	18.898
74	84	13.929
74	85	17.601
74	86	18.865
74	87	15.566
74	88	7.2666
74	89	24.682
75	76	255.7
75	77	59.341
75	78	44.74
75	79	29.184
75	80	6.0633
75	81	9.3779
75	82	28.835
75	83	12.259
75	84	27.294
75	85	35.315
75	86	21.752
75	87	17.943
75	88	8.3967
75	89	15.823
76	77	168.5
76	78	67.04
76	79	28.389
76	80	21.542
76	81	28.303
76	82	24.868
76	83	28.25
76	84	24.602
76	85	14.054
76	86	26.854
76	87	31.03
76	88	7.2471
76	89	10.925
77	78	188.36
77	79	46.729
77	80	22.006
77	81	20.632
77	82	30.904
77	83	17.986
77	84	34.954
77	85	17.942
77	86	21.883
77	87	15.822
77	88	12.93
77	89	16.699
78	79	108.76
78	80	42.41
78	81	45.474
78	82	44.057
78	83	42.208
78	84	37.361
78	85	22.734
78	86	24.726
78	87	15.078
78	88	1.7556
78	89	18.504
79	80	129.83
79	81	132.67
79	82	54.907
79	83	57.23
79	84	30.364
79	85	18.39
79	86	10.044
79	87	9.9945
79	88	2.7058
79	89	4.0799
80	81	220.99
80	82	28.616
80	83	79.299
80	84	19.409
80	85	6.2047
80	86	9.1505
80	87	8.4387
80	88	2.7374
80	89	4.1227
81	82	79.906
81	83	81.439
81	84	23.014
81	85	5.4797
81	86	12.556
81	87	8.3001
81	88	8.3001
81	89	5.1048
82	83	133.62
82	84	139.1
82	85	51.236
82	86	36.85
82	87	35.886
82	88	13.58
82	89	23.871
83	84	139.47
83	85	20.65
83	86	19.983
83	87	14.87
83	88	7.3813
83	89	7.4262
84	85	217.17
84	86	84.537
84	87	71.014
84	88	20.15
84	89	16.86
85	86	208.41
85	87	89.413
85	88	22.049
85	89	47.972
86	87	359.39
86	88	47.727
86	89	55.09
87	88	203.24
87	89	111.44
88	89	377.48
