1	2	193.57
1	3	91.324
1	4	53.63
1	5	32.285
1	6	26.977
1	7	15.13
1	8	15.509
1	9	10.36
1	10	9.4291
1	11	13.114
1	12	10.343
1	13	4.4764
1	14	10.279
1	15	14.903
1	16	2.6078
1	17	13.683
1	18	6.8334
1	19	12.819
1	20	12.934
1	21	17.133
1	22	7.6069
1	23	8.2489
1	24	9.7644
1	25	6.4707
1	26	12.893
1	27	12.893
1	28	12.893
1	29	4.4982
1	30	10.929
1	31	13.207
1	32	7.4314
1	33	10.138
1	34	19.572
1	35	10.369
1	36	9.2469
1	37	10.273
1	38	4.986
1	39	11.783
1	40	6.68
1	41	4.167
1	42	13.633
1	43	13.016
1	44	14.594
1	45	18.023
1	46	7.1902
1	47	7.2055
1	48	12.578
1	49	5.8932
1	50	10.397
1	51	8.8065
1	52	3.0356
1	53	5.5137
1	54	7.0376
1	55	14.694
1	56	4.8533
1	57	9.5023
1	58	9.807
1	59	9.807
1	60	16.568
1	61	30.894
1	62	67.73
2	3	236.86
2	4	84.705
2	5	35.109
2	6	17.394
2	7	19.408
2	8	6.6693
2	9	10.325
2	10	5.3112
2	11	11.511
2	12	3.6384
2	13	2.5192
2	14	5.2598
2	15	11.108
2	16	11.618
2	17	8.2513
2	18	12.034
2	19	8.137
2	20	6.2985
2	21	10.566
2	22	3.8268
2	23	5.8041
2	24	3.4362
2	25	6.3931
2	26	7.5856
2	27	7.5856
2	28	7.5856
2	29	17.51
2	30	10.3
2	31	13.353
2	32	19.946
2	33	14.325
2	34	15.249
2	35	11.496
2	36	6.5219
2	37	7.2202
2	38	6.3121
2	39	7.5388
2	40	3.3535
2	41	10.78
2	42	12.04
2	43	12.853
2	44	9.2736
2	45	15.897
2	46	7.0971
2	47	11.183
2	48	8.8881
2	49	5.1958
2	50	3.9879
2	51	8.5212
2	52	0.71277
2	53	2.5874
2	54	0.99284
2	55	9.2403
2	56	9.4057
2	57	11.891
2	58	2.3021
2	59	2.4736
2	60	18.881
2	61	26.421
2	62	10.716
3	4	212.53
3	5	54.741
3	6	27.035
3	7	18.441
3	8	12.855
3	9	11.45
3	10	8.6016
3	11	10.866
3	12	6.4313
3	13	5.1944
3	14	7.7457
3	15	11.627
3	16	7.9253
3	17	6.4846
3	18	10.398
3	19	9.5792
3	20	9.9031
3	21	9.7754
3	22	6.3099
3	23	5.1319
3	24	8.1004
3	25	10.748
3	26	8.927
3	27	8.9982
3	28	8.9982
3	29	9.3519
3	30	22.722
3	31	12.558
3	32	16.055
3	33	12.637
3	34	24.435
3	35	13.534
3	36	17.555
3	37	6.1943
3	38	7.4432
3	39	9.7729
3	40	3.1649
3	41	5.7682
3	42	7.0841
3	43	14.049
3	44	10.917
3	45	16.222
3	46	11.946
3	47	17.954
3	48	17.927
3	49	9.7936
3	50	5.485
3	51	9.1298
3	52	3.3574
3	53	0.76181
3	54	1.1692
3	55	5.4332
3	56	7.0508
3	57	6.1308
3	58	0.90435
3	59	1.4541
3	60	13.83
3	61	23.217
3	62	25.123
4	5	194.96
4	6	65.761
4	7	22.085
4	8	17.115
4	9	11.144
4	10	11.234
4	11	9.7496
4	12	7.7011
4	13	6.2221
4	14	6.4961
4	15	6.0987
4	16	11.219
4	17	6.7868
4	18	5.6498
4	19	16.551
4	20	14.797
4	21	14.883
4	22	14.027
4	23	7.1593
4	24	8.4759
4	25	11.566
4	26	12.807
4	27	12.807
4	28	12.807
4	29	17.886
4	30	19.892
4	31	16.864
4	32	16.234
4	33	13.427
4	34	17.498
4	35	16.166
4	36	11.799
4	37	12.034
4	38	5.9336
4	39	8.502
4	40	2.8373
4	41	5.5145
4	42	20.292
4	43	9.0447
4	44	15.933
4	45	8.9403
4	46	9.9835
4	47	14.299
4	48	23.191
4	49	8.7672
4	50	1.8747
4	51	6.5488
4	52	3.0143
4	53	1.8251
4	54	4.1891
4	55	6.4859
4	56	13.244
4	57	6.2874
4	58	3.2432
4	59	5.2063
4	60	16.498
4	61	21.541
4	62	22.476
5	6	169.61
5	7	32.409
5	8	24.98
5	9	23.102
5	10	16.129
5	11	19.466
5	12	10.251
5	13	7.3192
5	14	11.809
5	15	16.3
5	16	11.629
5	17	10.172
5	18	16.954
5	19	11.462
5	20	11.836
5	21	10.366
5	22	11.321
5	23	5.3674
5	24	13.623
5	25	17.37
5	26	6.4129
5	27	6.4129
5	28	6.4129
5	29	15.129
5	30	14.968
5	31	14.104
5	32	8.8697
5	33	8.8262
5	34	10.251
5	35	12.146
5	36	12.802
5	37	13.182
5	38	11.119
5	39	3.9836
5	40	4.9629
5	41	8.2831
5	42	6.3606
5	43	13.579
5	44	9.7992
5	45	6.718
5	46	6.431
5	47	10.742
5	48	13.418
5	49	7.6891
5	50	2.1068
5	51	6.5481
5	52	9.7881
5	53	2.0499
5	54	5.2457
5	55	14.65
5	56	13.556
5	57	8.6442
5	58	4.0551
5	59	6.5366
5	60	17.456
5	61	9.3077
5	62	11.324
6	7	88.489
6	8	48.958
6	9	31.992
6	10	19.24
6	11	19.2
6	12	13.842
6	13	10.503
6	14	16.163
6	15	19.502
6	16	10.736
6	17	10.874
6	18	16.23
6	19	22.272
6	20	9.231
6	21	15.268
6	22	14.126
6	23	6.3786
6	24	14.361
6	25	10.458
6	26	14.704
6	27	13.468
6	28	13.468
6	29	12.633
6	30	18.185
6	31	8.2529
6	32	7.3981
6	33	9.4659
6	34	9.7984
6	35	7.3675
6	36	15.597
6	37	8.6516
6	38	8.6306
6	39	9.2783
6	40	7.0737
6	41	9.4947
6	42	7.4366
6	43	12.933
6	44	16.352
6	45	10.273
6	46	7.1501
6	47	7.1653
6	48	7.8434
6	49	2.7488
6	50	6.421
6	51	7.4924
6	52	6.2633
6	53	3.9757
6	54	6.1244
6	55	12.247
6	56	4.5172
6	57	8.502
6	58	3.3754
6	59	1.0935
6	60	10.475
6	61	5.8684
6	62	9.5172
7	8	216.3
7	9	66.829
7	10	39.749
7	11	29.569
7	12	24.485
7	13	23.68
7	14	20.613
7	15	17.651
7	16	19.586
7	17	12.434
7	18	17.311
7	19	15.134
7	20	17.516
7	21	16.306
7	22	14.399
7	23	10.093
7	24	16.152
7	25	15.294
7	26	18.006
7	27	18.006
7	28	18.006
7	29	20.036
7	30	7.1932
7	31	6.5277
7	32	1.4645
7	33	2.5001
7	34	4.8473
7	35	2.9125
7	36	3.2485
7	37	4.5599
7	38	6.8279
7	39	6.8218
7	40	6.989
7	41	11.613
7	42	10.916
7	43	5.7591
7	44	4.3113
7	45	5.1684
7	46	6.3567
7	47	2.8338
7	48	7.0913
7	49	8.687
7	50	5.0807
7	51	9.6924
7	52	10.428
7	53	7.2098
7	54	7.6102
7	55	6.4618
7	56	5.3634
7	57	5.1815
7	58	3.2051
7	59	1.7307
7	60	9.974
7	61	4.6578
7	62	3.7738
8	9	109.9
8	10	45.693
8	11	23.991
8	12	26.593
8	13	19.98
8	14	24.426
8	15	15.032
8	16	19.812
8	17	17.6
8	18	15.681
8	19	12.217
8	20	9.4197
8	21	13.759
8	22	18.604
8	23	15.637
8	24	11.006
8	25	13.581
8	26	8.2064
8	27	10.43
8	28	14.28
8	29	6.4698
8	30	6.0912
8	31	3.6107
8	32	4.2546
8	33	4.0355
8	34	3.7533
8	35	6.3435
8	36	8.1768
8	37	6.1806
8	38	7.0838
8	39	4.5744
8	40	10.826
8	41	7.9373
8	42	6.5004
8	43	5.5777
8	44	1.3909
8	45	2.1438
8	46	7.5175
8	47	5.4877
8	48	4.2905
8	49	5.603
8	50	5.8157
8	51	8.8644
8	52	7.2182
8	53	8.3005
8	54	7.3654
8	55	3.1271
8	56	4.6162
8	57	6.0231
8	58	6.2069
8	59	3.3498
8	60	3.2181
8	61	3.006
8	62	10.956
9	10	93.763
9	11	43.809
9	12	37.283
9	13	36.179
9	14	26.23
9	15	17.552
9	16	18.597
9	17	18.562
9	18	20.046
9	19	13.461
9	20	11.328
9	21	13.781
9	22	18.114
9	23	17.627
9	24	14.507
9	25	17.312
9	26	16.442
9	27	15.648
9	28	42.829
9	29	10.801
9	30	5.2324
9	31	5.4273
9	32	7.8149
9	33	4.0429
9	34	6.5827
9	35	6.3567
9	36	3.7811
9	37	6.6353
9	38	7.0971
9	39	6.6189
9	40	10.395
9	41	6.6271
9	42	4.0721
9	43	3.725
9	44	3.4849
9	45	4.297
9	46	6.8495
9	47	3.4363
9	48	3.439
9	49	4.2123
9	50	7.1711
9	51	9.4038
9	52	7.2284
9	53	8.3106
9	54	7.3821
9	55	4.7002
9	56	5.2026
9	57	6.5343
9	58	6.7371
9	59	6.7136
9	60	4.836
9	61	3.011
9	62	3.6587
10	11	133.16
10	12	86.852
10	13	66.505
10	14	42.271
10	15	24.65
10	16	13.096
10	17	18.769
10	18	22.504
10	19	15.374
10	20	17.037
10	21	15.616
10	22	19.228
10	23	20.881
10	24	12.693
10	25	16.217
10	26	29.193
10	27	28.433
10	28	15.577
10	29	14.148
10	30	5.7185
10	31	2.9649
10	32	1.5521
10	33	2.6495
10	34	4.108
10	35	2.3163
10	36	4.8225
10	37	4.3549
10	38	6.7271
10	39	6.1227
10	40	10.383
10	41	10.865
10	42	6.2303
10	43	5.4284
10	44	2.2853
10	45	3.1312
10	46	4.4949
10	47	0.75118
10	48	2.8193
10	49	6.9099
10	50	7.8399
10	51	6.2836
10	52	9.4773
10	53	8.6012
10	54	10.269
10	55	9.4174
10	56	9.4801
10	57	5.4976
10	58	10.767
10	59	5.5028
10	60	7.0364
10	61	7.0364
10	62	7.0364
11	12	185.42
11	13	59.081
11	14	39.039
11	15	18.912
11	16	20.685
11	17	18.893
11	18	18.998
11	19	21.428
11	20	13.875
11	21	15.46
11	22	14.193
11	23	13.454
11	24	14.844
11	25	15.819
11	26	22.393
11	27	9.8121
11	28	13.432
11	29	11.257
11	30	4.9703
11	31	2.579
11	32	4.7156
11	33	3.0653
11	34	4.4673
11	35	4.0233
11	36	5.3796
11	37	10.481
11	38	8.5172
11	39	10.123
11	40	4.7135
11	41	9.4286
11	42	4.6442
11	43	8.2387
11	44	2.6472
11	45	2.0403
11	46	4.5548
11	47	5.8694
11	48	4.8989
11	49	5.3376
11	50	5.5165
11	51	5.9434
11	52	8.2019
11	53	5.3699
11	54	7.0077
11	55	9.6749
11	56	8.2191
11	57	9.5161
11	58	6.8773
11	59	7.1779
11	60	7.6608
11	61	1.431
11	62	1.431
12	13	133.79
12	14	48.806
12	15	27.933
12	16	19.383
12	17	25.478
12	18	20.554
12	19	16.487
12	20	16.026
12	21	17.833
12	22	23.761
12	23	31.287
12	24	16.805
12	25	16.051
12	26	19.49
12	27	20.802
12	28	14.238
12	29	16.17
12	30	6.0972
12	31	3.6138
12	32	2.8369
12	33	1.6142
12	34	2.8171
12	35	3.5272
12	36	3.7756
12	37	5.7429
12	38	9.449
12	39	2.5416
12	40	14.446
12	41	7.2795
12	42	4.0676
12	43	3.0997
12	44	4.1763
12	45	2.8611
12	46	4.7897
12	47	2.0592
12	48	0.85879
12	49	9.1175
12	50	7.1592
12	51	8.8701
12	52	9.1376
12	53	10.475
12	54	10.053
12	55	6.2598
12	56	5.7728
12	57	5.0196
12	58	6.7269
12	59	17.603
12	60	17.706
12	61	3.0069
12	62	7.3089
13	14	92.654
13	15	20.364
13	16	25.279
13	17	35.118
13	18	27.522
13	19	16.493
13	20	15.17
13	21	17.464
13	22	26.292
13	23	32.488
13	24	18.052
13	25	13.464
13	26	13.852
13	27	13.852
13	28	29.617
13	29	13.439
13	30	4.5217
13	31	8.4425
13	32	8.4425
13	33	1.6767
13	34	0.97514
13	35	3.6618
13	36	3.2675
13	37	6.4209
13	38	8.8303
13	39	3.6951
13	40	17.808
13	41	14.431
13	42	2.5335
13	43	3.8627
13	44	2.8907
13	45	3.7129
13	46	4.2616
13	47	4.2616
13	48	2.675
13	49	4.3678
13	50	3.7171
13	51	3.7916
13	52	7.9938
13	53	12.697
13	54	10.437
13	55	3.2499
13	56	3.5965
13	57	7.2978
13	58	12.359
13	59	14.796
13	60	1.6722
13	61	1.5619
13	62	3.7959
14	15	66.087
14	16	51.918
14	17	52.755
14	18	33.432
14	19	36.436
14	20	22.99
14	21	18.788
14	22	25.778
14	23	18.022
14	24	19.473
14	25	22.756
14	26	14.461
14	27	11.3
14	28	30.941
14	29	22.217
14	30	3.7745
14	31	3.916
14	32	3.8456
14	33	6.1272
14	34	6.1272
14	35	5.3514
14	36	6.1387
14	37	8.6199
14	38	6.1463
14	39	9.922
14	40	5.3816
14	41	10.043
14	42	6.1692
14	43	4.7046
14	44	9.0518
14	45	3.1006
14	46	2.9647
14	47	5.2076
14	48	3.7216
14	49	2.279
14	50	7.7647
14	51	5.6559
14	52	9.9159
14	53	9.4743
14	54	9.4419
14	55	7.6279
14	56	7.5083
14	57	8.1608
14	58	8.9758
14	59	9.0793
14	60	6.9744
14	61	4.8846
14	62	3.9569
15	16	212.44
15	17	83.009
15	18	40.182
15	19	27.372
15	20	20.609
15	21	20.239
15	22	15.268
15	23	10.447
15	24	14.15
15	25	10.682
15	26	14.62
15	27	10.646
15	28	10.646
15	29	9.882
15	30	9.735
15	31	4.5905
15	32	2.8873
15	33	8.2167
15	34	6.6808
15	35	8.6049
15	36	5.7599
15	37	6.2907
15	38	5.7686
15	39	10.351
15	40	5.5082
15	41	5.3853
15	42	4.958
15	43	6.3085
15	44	4.9524
15	45	4.3618
15	46	5.5596
15	47	4.8858
15	48	6.982
15	49	4.985
15	50	4.5556
15	51	5.3072
15	52	4.4127
15	53	4.8981
15	54	6.1309
15	55	8.7445
15	56	4.1107
15	57	6.1312
15	58	3.685
15	59	5.9603
15	60	8.1797
15	61	4.5838
15	62	11.137
16	17	172.84
16	18	59.996
16	19	35.727
16	20	26.135
16	21	17.984
16	22	20.319
16	23	14.787
16	24	10.517
16	25	12.45
16	26	14.484
16	27	5.2493
16	28	14.375
16	29	10.874
16	30	4.3903
16	31	6.3757
16	32	3.5762
16	33	3.2561
16	34	2.8403
16	35	4.9778
16	36	6.3452
16	37	7.1258
16	38	8.0979
16	39	9.7386
16	40	4.5504
16	41	7.3398
16	42	8.1998
16	43	6.876
16	44	3.5085
16	45	2.8842
16	46	6.8968
16	47	1.3839
16	48	4.3285
16	49	7.0688
16	50	4.5118
16	51	5.2596
16	52	4.3661
16	53	4.8432
16	54	6.0806
16	55	3.1552
16	56	5.2383
16	57	7.0856
16	58	3.1306
16	59	4.2251
16	60	3.2466
16	61	4.5486
16	62	3.6845
17	18	124.57
17	19	60.895
17	20	33.175
17	21	25.409
17	22	21.655
17	23	21.632
17	24	15.776
17	25	18.195
17	26	18.604
17	27	29.341
17	28	29.341
17	29	8.5471
17	30	7.9056
17	31	7.1746
17	32	4.8249
17	33	2.7444
17	34	2.7444
17	35	3.2024
17	36	6.4245
17	37	10.03
17	38	5.8969
17	39	12.105
17	40	5.6374
17	41	6.7558
17	42	4.6171
17	43	2.8122
17	44	5.5286
17	45	3.2471
17	46	6.2152
17	47	3.1148
17	48	4.8709
17	49	7.9643
17	50	15.737
17	51	7.1061
17	52	8.1737
17	53	7.4144
17	54	6.0846
17	55	6.2122
17	56	3.9285
17	57	6.2593
17	58	6.458
17	59	4.7536
17	60	7.2893
17	61	3.4034
17	62	4.1378
18	19	158.24
18	20	64.368
18	21	39.757
18	22	31.423
18	23	29.148
18	24	23.021
18	25	25.301
18	26	21.693
18	27	20.507
18	28	20.507
18	29	15.65
18	30	18.43
18	31	14.334
18	32	1.8757
18	33	2.1334
18	34	4.9621
18	35	7.4723
18	36	7.4948
18	37	7.6161
18	38	14.4
18	39	10.768
18	40	5.987
18	41	11.383
18	42	2.1536
18	43	7.3816
18	44	9.2122
18	45	6.6303
18	46	1.8131
18	47	3.634
18	48	7.9501
18	49	12.08
18	50	6.5227
18	51	8.9898
18	52	8.2684
18	53	5.7699
18	54	9.7618
18	55	11.373
18	56	9.1683
18	57	5.9763
18	58	9.5948
18	59	4.4298
18	60	4.2346
18	61	5.9288
18	62	4.8086
19	20	230.25
19	21	67.634
19	22	33.915
19	23	18.254
19	24	31.138
19	25	30.352
19	26	27.5
19	27	7.7332
19	28	7.7332
19	29	27.252
19	30	19.44
19	31	12.095
19	32	7.3958
19	33	6.0092
19	34	15.35
19	35	13.672
19	36	10.317
19	37	7.2645
19	38	12.705
19	39	12.143
19	40	10.122
19	41	10.851
19	42	2.423
19	43	9.243
19	44	9.3321
19	45	4.2649
19	46	9.1821
19	47	4.093
19	48	11.505
19	49	14.637
19	50	9.3639
19	51	7.7951
19	52	8.6132
19	53	3.9097
19	54	8.9917
19	55	10.469
19	56	17.218
19	57	11.231
19	58	6.1787
19	59	4.9817
19	60	7.1377
19	61	8.8827
19	62	5.4021
20	21	121.64
20	22	52.401
20	23	26.549
20	24	34.119
20	25	25.631
20	26	17.745
20	27	11.907
20	28	11.907
20	29	13.663
20	30	11.065
20	31	11.48
20	32	7.3685
20	33	8.379
20	34	5.4195
20	35	3.2616
20	36	9.4458
20	37	6.6415
20	38	9.8269
20	39	14.082
20	40	9.3978
20	41	9.1703
20	42	15.05
20	43	4.2934
20	44	8.8477
20	45	2.481
20	46	7.1217
20	47	4.7581
20	48	7.9331
20	49	7.3017
20	50	9.3065
20	51	9.0486
20	52	7.2083
20	53	9.0493
20	54	7.7464
20	55	5.4172
20	56	8.663
20	57	10.994
20	58	6.5754
20	59	12.575
20	60	9.2549
20	61	9.2549
20	62	4.2032
21	22	138.93
21	23	40.217
21	24	42.587
21	25	27.637
21	26	30.616
21	27	32.269
21	28	32.269
21	29	25.436
21	30	11.907
21	31	10.1
21	32	4.4107
21	33	5.0173
21	34	9.326
21	35	7.9006
21	36	6.2647
21	37	10.469
21	38	11.191
21	39	13.299
21	40	9.0087
21	41	18.114
21	42	13.152
21	43	9.2565
21	44	7.7931
21	45	7.1218
21	46	8.5179
21	47	5.9788
21	48	14.943
21	49	6.984
21	50	7.8118
21	51	10.405
21	52	10.181
21	53	8.1539
21	54	11.678
21	55	11.659
21	56	7.1858
21	57	10.622
21	58	5.157
21	59	8.3238
21	60	13.927
21	61	11.141
21	62	4.517
22	23	126.6
22	24	62.932
22	25	45.174
22	26	49.178
22	27	32.776
22	28	17.952
22	29	14.949
22	30	10.982
22	31	4.5555
22	32	3.5794
22	33	2.0363
22	34	10.65
22	35	5.3415
22	36	8.7352
22	37	12.841
22	38	13.131
22	39	10.915
22	40	10.838
22	41	17.537
22	42	9.2341
22	43	4.6944
22	44	7.0251
22	45	2.7079
22	46	3.4541
22	47	3.4647
22	48	9.7457
22	49	8.8501
22	50	10.178
22	51	4.6137
22	52	13.362
22	53	6.6152
22	54	21.143
22	55	12.818
22	56	7.2861
22	57	10.771
22	58	13.722
22	59	14.786
22	60	8.0913
22	61	7.5545
22	62	22.961
23	24	120
23	25	57.584
23	26	39.252
23	27	68.028
23	28	50.804
23	29	12.879
23	30	5.2124
23	31	2.1628
23	32	2.5459
23	33	1.9303
23	34	2.2466
23	35	3.3798
23	36	2.2597
23	37	11.119
23	38	10.186
23	39	13.992
23	40	20.562
23	41	15.842
23	42	4.8724
23	43	5.9348
23	44	4.1674
23	45	1.7137
23	46	2.4598
23	47	3.2874
23	48	4.1109
23	49	5.0434
23	50	6.4313
23	51	11.253
23	52	13.226
23	53	13.561
23	54	16.856
23	55	14.975
23	56	5.5269
23	57	7.8025
23	58	17.97
23	59	22.057
23	60	11.516
23	61	3.5834
23	62	4.3576
24	25	145.93
24	26	81.31
24	27	65.978
24	28	20.058
24	29	24.402
24	30	7.3989
24	31	10.238
24	32	7.0367
24	33	5.7154
24	34	9.3029
24	35	4.0012
24	36	16.047
24	37	16.309
24	38	19.441
24	39	17.295
24	40	16.024
24	41	14.068
24	42	11.534
24	43	3.5133
24	44	0.98667
24	45	6.0882
24	46	1.9403
24	47	3.8928
24	48	1.2159
24	49	10.941
24	50	10.162
24	51	11.851
24	52	11.586
24	53	11.744
24	54	5.7031
24	55	19.919
24	56	13.903
24	57	16.333
24	58	13.941
24	59	10.666
24	60	15.863
24	61	4.2285
24	62	10.291
25	26	191.31
25	27	109.17
25	28	85.412
25	29	27.504
25	30	15.698
25	31	13.564
25	32	5.336
25	33	8.4962
25	34	8.4481
25	35	7.4357
25	36	11.368
25	37	18.033
25	38	12.846
25	39	21.477
25	40	16.377
25	41	13.949
25	42	9.787
25	43	6.5342
25	44	4.19
25	45	7.5416
25	46	7.2147
25	47	6.2014
25	48	9.0317
25	49	7.3938
25	50	12.174
25	51	12.606
25	52	15.958
25	53	11.851
25	54	17.16
25	55	15.253
25	56	17.391
25	57	16.632
25	58	24.199
25	59	21.355
25	60	40.708
25	61	6.7002
25	62	5.4359
26	27	233.33
26	28	141.96
26	29	64.493
26	30	21.728
26	31	6.7579
26	32	7.0912
26	33	8.0638
26	34	7.0147
26	35	7.0595
26	36	7.8683
26	37	16.648
26	38	5.9297
26	39	25.492
26	40	13.61
26	41	13.242
26	42	20.323
26	43	7.7547
26	44	6.9592
26	45	7.1578
26	46	10.272
26	47	5.152
26	48	21.434
26	49	8.7723
26	50	21.356
26	51	11.785
26	52	14.462
26	53	7.6597
26	54	5.0306
26	55	15.592
26	56	14.448
26	57	17.589
26	58	15.562
26	59	16.688
26	60	35.766
26	61	11.12
26	62	9.0211
27	28	3375.2
27	29	27.215
27	30	43.783
27	31	43.783
27	32	8.9452
27	33	8.9452
27	34	8.9452
27	35	8.9452
27	36	7.9391
27	37	11.175
27	38	11.175
27	39	12.878
27	40	28.537
27	41	8.3444
27	42	8.3444
27	43	8.3444
27	44	8.3444
27	45	8.3444
27	46	8.3444
27	47	8.3444
27	48	8.3444
27	49	8.3444
27	50	5.6686
27	51	5.6686
27	52	18.313
27	53	5.5544
27	54	25.309
27	55	25.309
27	56	7.2926
27	57	25.44
27	58	26.157
27	59	31.561
27	60	20.149
27	61	20.149
27	62	20.149
28	29	74.542
28	30	59.902
28	31	93.166
28	32	93.166
28	33	27.908
28	34	27.908
28	35	27.908
28	36	27.908
28	37	27.908
28	38	32.742
28	39	32.742
28	40	15.622
28	41	22.859
28	42	27.959
28	43	27.959
28	44	27.959
28	45	27.959
28	46	27.959
28	47	27.959
28	48	27.959
28	49	24.121
28	50	24.121
28	51	18.044
28	52	50.16
28	53	15.211
28	54	46.213
28	55	46.213
28	56	46.213
28	57	17.399
28	58	17.906
28	59	172.72
28	60	172.72
28	61	172.72
28	62	172.72
29	30	243.5
29	31	56.565
29	32	33.43
29	33	42.246
29	34	24.457
29	35	22.194
29	36	42.917
29	37	30.312
29	38	39.857
29	39	40.156
29	40	35.738
29	41	36.439
29	42	31.913
29	43	14.638
29	44	23.698
29	45	9.376
29	46	3.5906
29	47	8.9998
29	48	26.942
29	49	16.552
29	50	12.985
29	51	19.239
29	52	29.103
29	53	14.946
29	54	28.119
29	55	34.69
29	56	27.291
29	57	19.804
29	58	23.143
29	59	41.488
29	60	45.646
29	61	11.611
29	62	18.844
30	31	227.29
30	32	66.173
30	33	70.079
30	34	51.506
30	35	50.948
30	36	61.441
30	37	24.548
30	38	20.161
30	39	16.239
30	40	6.7531
30	41	28.096
30	42	31.051
30	43	30.272
30	44	31.014
30	45	24.32
30	46	26.181
30	47	23.327
30	48	25.447
30	49	17.888
30	50	5.7333
30	51	16.698
30	52	5.1139
30	53	3.7131
30	54	8.5446
30	55	21.467
30	56	15.945
30	57	15.99
30	58	6.6099
30	59	3.5344
30	60	40.229
30	61	18.746
30	62	15.227
31	32	300.73
31	33	99.19
31	34	80.026
31	35	54.367
31	36	48.479
31	37	24.488
31	38	15.687
31	39	19.091
31	40	13.013
31	41	23.302
31	42	17.872
31	43	21.832
31	44	24.493
31	45	15.754
31	46	19.612
31	47	19.644
31	48	35.799
31	49	21.642
31	50	12.885
31	51	11.543
31	52	8.4837
31	53	5.7764
31	54	10.332
31	55	18.828
31	56	8.9048
31	57	12.172
31	58	11.429
31	59	7.3269
31	60	20.831
31	61	25.887
31	62	31.532
32	33	253.69
32	34	105.14
32	35	62.272
32	36	41.389
32	37	12.289
32	38	10.667
32	39	14.108
32	40	6.279
32	41	12.594
32	42	19.684
32	43	23.6
32	44	20.464
32	45	24.762
32	46	16.598
32	47	24.945
32	48	26.701
32	49	9.7185
32	50	7.7735
32	51	17.209
32	52	4.1656
32	53	3.7815
32	54	1.1602
32	55	6.7457
32	56	8.9992
32	57	9.5688
32	58	2.6924
32	59	2.8889
32	60	16.508
32	61	20.537
32	62	20.537
33	34	327.23
33	35	63.859
33	36	49.533
33	37	6.9884
33	38	9.3324
33	39	15.045
33	40	2.6777
33	41	6.5099
33	42	23.972
33	43	19.522
33	44	32.842
33	45	18.298
33	46	10.779
33	47	25.663
33	48	21.917
33	49	8.2833
33	50	4.4219
33	51	9.2719
33	52	6.6365
33	53	2.5823
33	54	7.9137
33	55	6.1321
33	56	7.9586
33	57	6.9245
33	58	3.0616
33	59	3.0616
33	60	9.3745
33	61	23.321
33	62	35.478
34	35	236.99
34	36	84.827
34	37	22.391
34	38	15.211
34	39	17.499
34	40	4.1597
34	41	15.116
34	42	24.106
34	43	21.251
34	44	20.649
34	45	21.255
34	46	23.481
34	47	32.941
34	48	35.183
34	49	12.83
34	50	6.1795
34	51	11.991
34	52	2.2038
34	53	2.0012
34	54	3.0641
34	55	14.198
34	56	11.887
34	57	3.4471
34	58	5.9335
34	59	5.6966
34	60	35.934
34	61	20.092
34	62	24.486
35	36	286.34
35	37	33.65
35	38	22.057
35	39	21.061
35	40	8.5968
35	41	18.246
35	42	36.441
35	43	18.158
35	44	21.594
35	45	9.872
35	46	20.082
35	47	33.134
35	48	20.688
35	49	19.373
35	50	5.4167
35	51	13.529
35	52	3.3155
35	53	0.75199
35	54	2.3121
35	55	9.4078
35	56	11.945
35	57	9.5158
35	58	7.149
35	59	7.1954
35	60	16.443
35	61	28.116
35	62	18.67
36	37	124.74
36	38	40.048
36	39	50.076
36	40	10.448
36	41	28.472
36	42	51.235
36	43	22.86
36	44	25.664
36	45	23.101
36	46	27.363
36	47	16.883
36	48	25.029
36	49	22.651
36	50	11.731
36	51	10.456
36	52	13.313
36	53	4.0266
36	54	9.2756
36	55	13.177
36	56	15.084
36	57	14.648
36	58	6.3717
36	59	15.39
36	60	12.219
36	61	20.515
36	62	38.847
37	38	202.62
37	39	68.204
37	40	36.206
37	41	31.539
37	42	34.423
37	43	17.448
37	44	12.073
37	45	13.187
37	46	12.618
37	47	16.364
37	48	19.543
37	49	14.46
37	50	10.174
37	51	12.438
37	52	14.554
37	53	11.781
37	54	9.447
37	55	19.501
37	56	19.376
37	57	13.025
37	58	12.33
37	59	18.168
37	60	20.897
37	61	8.1293
37	62	15.82
38	39	138.17
38	40	38.173
38	41	49.773
38	42	38.638
38	43	23.664
38	44	19.34
38	45	4.9706
38	46	18.231
38	47	6.3564
38	48	14.906
38	49	15.44
38	50	17.611
38	51	16.315
38	52	20.564
38	53	14.618
38	54	15.522
38	55	16.292
38	56	12.688
38	57	16.82
38	58	14.374
38	59	14.544
38	60	24.146
38	61	12.137
38	62	8.4345
39	40	96.674
39	41	92.16
39	42	66.788
39	43	34.681
39	44	19.045
39	45	23.139
39	46	15.325
39	47	7.6835
39	48	16.011
39	49	20.946
39	50	20.605
39	51	14.288
39	52	17.935
39	53	10.304
39	54	18.343
39	55	23.325
39	56	22.251
39	57	19.957
39	58	11.587
39	59	20.822
39	60	31.898
39	61	26.053
39	62	18.108
40	41	184.57
40	42	16.236
40	43	15.086
40	44	5.398
40	45	7.1349
40	46	7.5855
40	47	2.2803
40	48	3.8038
40	49	19.446
40	50	14.854
40	51	14.446
40	52	26.024
40	53	29.853
40	54	31.932
40	55	23.388
40	56	9.5806
40	57	18.849
40	58	49.255
40	59	47.332
40	60	7.1147
40	61	4.9808
40	62	8.0783
41	42	194.43
41	43	47.079
41	44	33.734
41	45	10.409
41	46	11.07
41	47	15.531
41	48	19.395
41	49	28.363
41	50	23.943
41	51	14.374
41	52	20.996
41	53	19.052
41	54	23.839
41	55	34.021
41	56	21.464
41	57	38.944
41	58	32.671
41	59	35.079
41	60	25.716
41	61	19.19
41	62	19.19
42	43	230.12
42	44	60.796
42	45	46.916
42	46	34.037
42	47	42.265
42	48	35.724
42	49	25.115
42	50	22.318
42	51	17.686
42	52	14.33
42	53	6.0677
42	54	29.305
42	55	34.021
42	56	40.151
42	57	19.944
42	58	10.302
42	59	11.587
42	60	28.289
42	61	23.444
42	62	23.444
43	44	191.73
43	45	76.914
43	46	53.908
43	47	49.879
43	48	45.427
43	49	34
43	50	14.267
43	51	22.959
43	52	7.2851
43	53	5.2887
43	54	9.1346
43	55	24.796
43	56	20.979
43	57	12.92
43	58	7.8463
43	59	10.115
43	60	31.363
43	61	29.257
43	62	27.384
44	45	285.9
44	46	116.46
44	47	85.184
44	48	39.325
44	49	28.647
44	50	11.454
44	51	22.252
44	52	12.266
44	53	5.1943
44	54	11.398
44	55	19.864
44	56	19.633
44	57	9.3857
44	58	5.2876
44	59	7.0885
44	60	18.875
44	61	35.205
44	62	18.37
45	46	284
45	47	100.82
45	48	46.465
45	49	33.162
45	50	10.202
45	51	18.299
45	52	11.766
45	53	6.8623
45	54	8.2074
45	55	8.1797
45	56	11.106
45	57	7.8975
45	58	3.6249
45	59	2.9196
45	60	33.357
45	61	33.708
45	62	6.3134
46	47	207.97
46	48	68.846
46	49	35.261
46	50	20.279
46	51	14.014
46	52	6.4338
46	53	4.3763
46	54	14.593
46	55	15.65
46	56	10.623
46	57	18.447
46	58	4.3349
46	59	4.189
46	60	13.288
46	61	27.259
46	62	12.072
47	48	232.89
47	49	44.75
47	50	15.053
47	51	25.441
47	52	12.904
47	53	5.1224
47	54	11.245
47	55	17.001
47	56	16.464
47	57	9.2595
47	58	6.9532
47	59	4.2011
47	60	29.354
47	61	32.363
47	62	18.183
48	49	199.91
48	50	33.911
48	51	52.672
48	52	13.11
48	53	7.3227
48	54	5.6169
48	55	16.291
48	56	33.867
48	57	15.767
48	58	9.776
48	59	3.4873
48	60	36.42
48	61	27.774
48	62	30.068
49	50	107.03
49	51	85.298
49	52	50.275
49	53	17.939
49	54	40.269
49	55	44.101
49	56	28.708
49	57	25.788
49	58	13.331
49	59	14.309
49	60	21.772
49	61	10.149
49	62	37.088
50	51	201.93
50	52	96.862
50	53	29.599
50	54	42.641
50	55	29.182
50	56	26.579
50	57	20.894
50	58	11.915
50	59	21.152
50	60	3.5287
50	61	13.182
50	62	4.0063
51	52	185.91
51	53	46.738
51	54	49.713
51	55	47.972
51	56	33.195
51	57	26.276
51	58	13.234
51	59	7.4949
51	60	47.139
51	61	11.479
51	62	9.3085
52	53	134.48
52	54	139.39
52	55	56.947
52	56	23.75
52	57	28.333
52	58	37.731
52	59	25.579
52	60	24.508
52	61	8.8022
52	62	4.2798
53	54	159.32
53	55	45.025
53	56	26.473
53	57	25.169
53	58	40.295
53	59	60.74
53	60	15.431
53	61	4.8038
53	62	3.8918
54	55	145.6
54	56	60.537
54	57	51.784
54	58	57.73
54	59	79.321
54	60	23.441
54	61	7.2887
54	62	5.9149
55	56	245.36
55	57	112.83
55	58	36.58
55	59	41.143
55	60	53.937
55	61	27.914
55	62	20.41
56	57	183.2
56	58	40.186
56	59	22.386
56	60	87.696
56	61	20.975
56	62	10.211
57	58	99.021
57	59	62.466
57	60	117.47
57	61	16.433
57	62	17.773
58	59	259.43
58	60	62.738
58	61	7.5544
58	62	4.5954
59	60	112.04
59	61	11.926
59	62	14.538
60	61	273.43
60	62	68.101
61	62	734.55
