1	2	791.5
1	3	791.5
1	4	14.539
1	5	8.3717
1	6	17.807
1	7	18.838
1	8	31.111
1	9	13.212
1	10	70.666
1	11	38.273
1	12	22.594
1	13	4.5949
1	14	4.7717
1	15	16.679
1	16	25.385
1	17	27.44
1	18	24.993
1	19	12.659
1	20	15.543
1	21	15.043
1	22	15.608
1	23	5.7171
1	24	5.1142
1	25	13.102
1	26	11.361
1	27	11.361
1	28	4.6185
1	29	34.922
1	30	23.423
1	31	29.305
1	32	29.305
1	33	29.305
1	34	19.536
1	35	8.6784
1	36	8.6784
2	3	319.17
2	4	319.17
2	5	45.977
2	6	39.025
2	7	30.986
2	8	68.223
2	9	48.253
2	10	33.11
2	11	37.252
2	12	49.479
2	13	10.057
2	14	20.876
2	15	36.582
2	16	9.2938
2	17	68.885
2	18	65.824
2	19	9.2644
2	20	34.138
2	21	10.988
2	22	10.988
2	23	10.988
2	24	10.988
2	25	10.988
2	26	10.988
2	27	10.988
2	28	10.988
2	29	10.929
2	30	61.621
2	31	12.813
2	32	12.813
2	33	12.813
2	34	12.813
2	35	12.813
2	36	12.813
3	4	78.853
3	5	15.171
3	6	32.165
3	7	51.18
3	8	32.134
3	9	47.708
3	10	54.655
3	11	54.655
3	12	32.622
3	13	16.579
3	14	16.579
3	15	16.579
3	16	30.689
3	17	28.389
3	18	36.182
3	19	15.305
3	20	15.305
3	21	18.202
3	22	37.815
3	23	37.815
3	24	37.815
3	25	15.862
3	26	15.862
3	27	15.862
3	28	16.786
3	29	16.786
3	30	17.011
3	31	17.011
3	32	17.011
3	33	17.011
3	34	17.011
3	35	17.011
3	36	17.011
4	5	237.63
4	6	117.21
4	7	55.499
4	8	25.018
4	9	14.399
4	10	11.895
4	11	13.134
4	12	7.3857
4	13	13.347
4	14	15.577
4	15	15.14
4	16	26.835
4	17	12.817
4	18	9.9824
4	19	25.22
4	20	11.289
4	21	18.107
4	22	15.945
4	23	10.301
4	24	21.223
4	25	12.626
4	26	8.1852
4	27	11.046
4	28	15.831
4	29	15.31
4	30	16.915
4	31	13.712
4	32	17.545
4	33	16.858
4	34	15.693
4	35	7.7841
4	36	9.0503
5	6	118.6
5	7	61.555
5	8	31.124
5	9	23.923
5	10	17.9
5	11	17.318
5	12	12.74
5	13	18.227
5	14	16.93
5	15	21.357
5	16	18.598
5	17	11.077
5	18	8.8892
5	19	15.894
5	20	19.106
5	21	18.865
5	22	16.312
5	23	13.722
5	24	10.159
5	25	8.6787
5	26	7.7115
5	27	11.037
5	28	14.488
5	29	13.032
5	30	16.161
5	31	13.461
5	32	12.741
5	33	3.9197
5	34	5.0714
5	35	6.3206
5	36	6.3073
6	7	120.96
6	8	39.648
6	9	29.008
6	10	19.128
6	11	23.283
6	12	25.732
6	13	23.084
6	14	22.342
6	15	19.984
6	16	18.78
6	17	16.161
6	18	18.373
6	19	14.507
6	20	12.553
6	21	21.601
6	22	17.192
6	23	10.715
6	24	7.8952
6	25	13.03
6	26	9.3777
6	27	8.6094
6	28	13.745
6	29	13.222
6	30	14.998
6	31	13.534
6	32	6.2566
6	33	2.0602
6	34	4.2617
6	35	2.8574
6	36	12.183
7	8	108.77
7	9	49.735
7	10	42.677
7	11	37.522
7	12	28.168
7	13	34.033
7	14	23.544
7	15	25.997
7	16	26.365
7	17	25.845
7	18	27.058
7	19	15.869
7	20	19.209
7	21	17.05
7	22	16.457
7	23	5.3517
7	24	5.9941
7	25	8.7116
7	26	9.308
7	27	7.8218
7	28	10.285
7	29	17.544
7	30	23.07
7	31	23.989
7	32	7.6034
7	33	2.1921
7	34	2.2678
7	35	3.0342
7	36	7.0589
8	9	120.66
8	10	90.95
8	11	64.46
8	12	55.87
8	13	49.127
8	14	36.625
8	15	31.54
8	16	27.673
8	17	25.29
8	18	25.01
8	19	15.429
8	20	21.174
8	21	19.931
8	22	12.035
8	23	10.083
8	24	7.331
8	25	5.7892
8	26	5.6265
8	27	3.0731
8	28	12.727
8	29	16.522
8	30	19.648
8	31	14.182
8	32	6.2603
8	33	3.0927
8	34	4.2659
8	35	4.7626
8	36	5.541
9	10	159.85
9	11	78.097
9	12	62.437
9	13	46.726
9	14	31.597
9	15	28.056
9	16	28.788
9	17	20.744
9	18	20.382
9	19	9.7188
9	20	14.134
9	21	19.714
9	22	7.3625
9	23	3.116
9	24	6.1315
9	25	5.2481
9	26	5.5604
9	27	4.2571
9	28	4.5281
9	29	8.1697
9	30	20.45
9	31	11.464
9	32	3.5331
9	33	2.0356
9	34	2.0356
9	35	5.6486
9	36	7.6638
10	11	138.91
10	12	77.168
10	13	46.486
10	14	33.735
10	15	23.685
10	16	33.473
10	17	27.703
10	18	26.478
10	19	17.473
10	20	18.63
10	21	14.401
10	22	9.714
10	23	4.2731
10	24	7.6478
10	25	4.3651
10	26	4.2377
10	27	9.7318
10	28	5.1779
10	29	9.9651
10	30	20.461
10	31	12.373
10	32	6.049
10	33	6.049
10	34	4.8036
10	35	2.1501
10	36	7.4942
11	12	149.21
11	13	88.381
11	14	45.302
11	15	24.439
11	16	23.299
11	17	35.063
11	18	27.667
11	19	9.8246
11	20	24.406
11	21	20.596
11	22	9.8264
11	23	6.6118
11	24	8.0607
11	25	6.4413
11	26	3.5734
11	27	4.6944
11	28	7.7597
11	29	12.082
11	30	16.269
11	31	12.893
11	32	5.9611
11	33	1.9623
11	34	3.0441
11	35	5.448
11	36	10.558
12	13	113.63
12	14	58.367
12	15	25.012
12	16	35.714
12	17	29.709
12	18	25.998
12	19	12.815
12	20	24.607
12	21	11.79
12	22	7.5463
12	23	6.389
12	24	7.9989
12	25	6.8479
12	26	4.4327
12	27	4.3649
12	28	9.2828
12	29	11.727
12	30	19.916
12	31	15.667
12	32	3.6205
12	33	1.043
12	34	4.3145
12	35	2.895
12	36	3.3661
13	14	136.26
13	15	67.655
13	16	36.787
13	17	23.893
13	18	28.155
13	19	15.919
13	20	21.444
13	21	19.395
13	22	11.206
13	23	5.1925
13	24	6.3858
13	25	8.9468
13	26	6.4339
13	27	9.5036
13	28	7.86
13	29	12.484
13	30	14.38
13	31	9.2837
13	32	4.5957
13	33	6.3547
13	34	5.4754
13	35	5.8811
13	36	11.392
14	15	122.93
14	16	56.284
14	17	33.68
14	18	25.636
14	19	27.045
14	20	16.224
14	21	18.959
14	22	13.484
14	23	6.7405
14	24	10.858
14	25	13.424
14	26	6.017
14	27	5.9204
14	28	17.424
14	29	14.144
14	30	11.618
14	31	13.781
14	32	6.6849
14	33	9.9055
14	34	5.6899
14	35	6.1086
14	36	7.0982
15	16	99.023
15	17	25.357
15	18	19.81
15	19	43.432
15	20	18.643
15	21	23.905
15	22	16.14
15	23	17.154
15	24	13.765
15	25	12.226
15	26	19.957
15	27	16.15
15	28	17.683
15	29	18.608
15	30	7.765
15	31	12.71
15	32	14.274
15	33	15.486
15	34	6.0086
15	35	11.624
15	36	17.686
16	17	104.83
16	18	73.414
16	19	45.074
16	20	30.794
16	21	33.917
16	22	19.256
16	23	10.86
16	24	10.819
16	25	10.164
16	26	7.2022
16	27	10.57
16	28	18.078
16	29	15.288
16	30	24.271
16	31	21.05
16	32	5.1561
16	33	4.9573
16	34	9.2376
16	35	6.392
16	36	4.2531
17	18	164.25
17	19	41.723
17	20	48.027
17	21	36.244
17	22	14.209
17	23	3.9033
17	24	5.4912
17	25	8.9623
17	26	8.8584
17	27	5.9776
17	28	13.972
17	29	16.076
17	30	31.566
17	31	15.417
17	32	3.9637
17	33	0.91407
17	34	0.91407
17	35	8.4356
17	36	6.8743
18	19	75.821
18	20	61.218
18	21	41.194
18	22	23.927
18	23	7.1051
18	24	8.9067
18	25	9.7906
18	26	11.289
18	27	4.8473
18	28	13.786
18	29	14.9
18	30	30.318
18	31	20.372
18	32	3.0292
18	33	2.3286
18	34	6.0241
18	35	3.2237
18	36	7.5042
19	20	110.11
19	21	68.161
19	22	43.891
19	23	33.078
19	24	23.194
19	25	12.898
19	26	26.932
19	27	23.414
19	28	19.002
19	29	21.025
19	30	14.323
19	31	18.518
19	32	22.268
19	33	13.835
19	34	6.1372
19	35	10.922
19	36	9.5349
20	21	141.71
20	22	42.239
20	23	13.262
20	24	10.884
20	25	17.339
20	26	10.971
20	27	6.4624
20	28	17.864
20	29	22.689
20	30	33.092
20	31	22.633
20	32	9.4279
20	33	5.4351
20	34	6.5629
20	35	3.3439
20	36	3.893
21	22	114.17
21	23	37.125
21	24	23.724
21	25	19.161
21	26	24.192
21	27	13.888
21	28	22.6
21	29	21.854
21	30	29.936
21	31	35.949
21	32	13.211
21	33	5.865
21	34	7.2816
21	35	6.4773
21	36	8.7902
22	23	140.97
22	24	62.019
22	25	38.13
22	26	47.365
22	27	25.952
22	28	31.351
22	29	33.737
22	30	24.41
22	31	28.238
22	32	13.73
22	33	13.417
22	34	20.195
22	35	14.576
22	36	15.663
23	24	163.32
23	25	47.335
23	26	64.722
23	27	63.93
23	28	36.912
23	29	25.563
23	30	10.016
23	31	17.508
23	32	46.093
23	33	37.248
23	34	24.758
23	35	22.051
23	36	19.933
24	25	118.57
24	26	94.545
24	27	47.481
24	28	36.135
24	29	19.769
24	30	11.395
24	31	11.997
24	32	22.83
24	33	23.967
24	34	29.754
24	35	22.039
24	36	19.236
25	26	193.05
25	27	48.45
25	28	44.481
25	29	31.584
25	30	15.359
25	31	19.843
25	32	20.401
25	33	17.407
25	34	6.3582
25	35	15.072
25	36	14.254
26	27	178.45
26	28	59.835
26	29	41.747
26	30	13.978
26	31	22.469
26	32	33.377
26	33	18.61
26	34	23.38
26	35	19.554
26	36	15.645
27	28	144.76
27	29	46.27
27	30	13.633
27	31	29.972
27	32	40.314
27	33	41.359
27	34	28.06
27	35	20.253
27	36	12.461
28	29	135.44
28	30	35.232
28	31	48.144
28	32	36.626
28	33	14.099
28	34	13.47
28	35	18.939
28	36	18.568
29	30	105.09
29	31	110.15
29	32	41.397
29	33	23.311
29	34	13.265
29	35	31.115
29	36	37.454
30	31	188.06
30	32	23.768
30	33	7.683
30	34	7.9511
30	35	19.184
30	36	18.801
31	32	183.64
31	33	32.844
31	34	42.453
31	35	22.651
31	36	32.197
32	33	268.77
32	34	108.64
32	35	64.051
32	36	66.309
33	34	300.49
33	35	103.97
33	36	53.392
34	35	282.85
34	36	189.2
35	36	327.39
