1	2	158.53
1	3	57.684
1	4	27.798
1	5	43.129
1	6	24.454
1	7	24.234
1	8	20.285
1	9	9.6371
1	10	12.947
1	11	10.119
1	12	6.8444
1	13	9.607
1	14	6.956
1	15	10.745
1	16	15.419
1	17	9.6777
1	18	13.972
1	19	8.5009
1	20	16.607
1	21	9.2716
1	22	13.495
1	23	9.1796
1	24	7.3996
1	25	7.1255
1	26	6.4193
1	27	10.844
1	28	8.4196
1	29	2.6111
1	30	4.3674
1	31	4.7191
1	32	6.925
1	33	14.04
1	34	13.331
1	35	9.4258
1	36	12.854
1	37	8.6757
1	38	14.035
1	39	9.0945
1	40	548.52
1	41	548.52
1	42	548.52
1	43	548.52
1	44	548.52
1	45	548.52
1	46	548.52
1	47	6.1338
1	48	7.555
1	49	7.7272
1	50	6.2854
1	51	3.951
1	52	1.3581
1	53	1.3614
1	54	3.9288
1	55	2.5391
1	56	5.7148
1	57	3.1665
1	58	5.1143
1	59	3.7154
1	60	2.4407
1	61	1.8269
1	62	4.8249
1	63	4.565
1	64	6.631
1	65	3.4309
1	66	3.0335
1	67	7.6251
1	68	4.5961
1	69	5.9649
1	70	7.6946
1	71	2.2201
1	72	5.2765
1	73	6.4513
1	74	3.2066
1	75	11.838
1	76	11.838
1	77	1.8157
1	78	2.2186
1	79	1.4346
1	80	3.8241
1	81	2.1881
1	82	1.3858
1	83	4.7695
1	84	2.2974
1	85	4.8667
1	86	0.84257
1	87	5.7122
1	88	2.6742
1	89	3.7245
1	90	3.2058
1	91	2.7181
1	92	3.0645
1	93	1.9472
1	94	2.2305
1	95	2.7511
1	96	3.2233
1	97	2.5304
1	98	2.1279
1	99	5.2514
1	100	11.003
1	101	1.5394
1	102	6.8261
1	103	6.4987
1	104	7.0609
1	105	5.4614
1	106	3.3441
1	107	3.3441
1	108	3.3441
1	109	3.2616
1	110	2.9491
1	111	4.7423
1	112	4.7423
1	113	2.3612
1	114	1.658
1	115	4.6611
1	116	3.9885
1	117	3.9885
2	3	135.46
2	4	43.666
2	5	37.997
2	6	24.862
2	7	19.905
2	8	20.883
2	9	12.016
2	10	19.479
2	11	14.489
2	12	9.5054
2	13	15.321
2	14	9.7145
2	15	14.542
2	16	18.37
2	17	6.8402
2	18	11.26
2	19	10.524
2	20	10.613
2	21	12.811
2	22	11.518
2	23	6.5523
2	24	9.4774
2	25	3.8407
2	26	9.3425
2	27	10.938
2	28	10.598
2	29	4.017
2	30	3.8488
2	31	6.764
2	32	9.6006
2	33	10.093
2	34	14.299
2	35	6.1765
2	36	4.9145
2	37	11.623
2	38	5.691
2	39	13.902
2	40	13.902
2	41	13.902
2	42	13.902
2	43	37.737
2	44	37.737
2	45	37.737
2	46	37.737
2	47	8.611
2	48	5.7849
2	49	1.6151
2	50	2.6785
2	51	3.6408
2	52	3.1392
2	53	3.1379
2	54	2.5105
2	55	3.8841
2	56	3.2869
2	57	3.3955
2	58	2.9376
2	59	2.3813
2	60	4.363
2	61	5.1397
2	62	3.6955
2	63	6.3991
2	64	1.4517
2	65	3.6783
2	66	4.6414
2	67	3.647
2	68	5.2732
2	69	3.9151
2	70	3.6845
2	71	5.1058
2	72	3.2366
2	73	3.2917
2	74	1.8408
2	75	4.1224
2	76	3.7372
2	77	2.7758
2	78	1.7023
2	79	2.2006
2	80	2.9343
2	81	1.1261
2	82	3.2053
2	83	2.4384
2	84	4.1134
2	85	2.662
2	86	5.15
2	87	3.8253
2	88	3.4033
2	89	4.5758
2	90	1.8423
2	91	2.0853
2	92	3.1239
2	93	4.4641
2	94	2.2778
2	95	1.5752
2	96	2.9618
2	97	2.9127
2	98	5.4209
2	99	2.6801
2	100	4.2067
2	101	5.3068
2	102	3.9174
2	103	4.1428
2	104	3.0955
2	105	3.0955
2	106	1.2776
2	107	2.9637
2	108	1.3033
2	109	2.4924
2	110	3.0042
2	111	1.8129
2	112	1.8129
2	113	5.4206
2	114	5.4206
2	115	1.7835
2	116	3.0522
2	117	3.0522
3	4	92.169
3	5	67.389
3	6	31.472
3	7	18.906
3	8	17.053
3	9	11.605
3	10	19.06
3	11	13.045
3	12	11.033
3	13	11.929
3	14	10.161
3	15	10.146
3	16	9.422
3	17	10.034
3	18	5.8359
3	19	9.654
3	20	11.271
3	21	15.487
3	22	16.872
3	23	5.0587
3	24	5.946
3	25	5.5062
3	26	6.4346
3	27	6.5377
3	28	5.7879
3	29	6.2989
3	30	6.0293
3	31	4.7815
3	32	7.1353
3	33	12.409
3	34	7.7176
3	35	2.5956
3	36	5.8939
3	37	6.9707
3	38	7.9541
3	39	8.3363
3	40	8.3363
3	41	8.3363
3	42	8.3363
3	43	63.327
3	44	38.917
3	45	38.917
3	46	38.917
3	47	3.9391
3	48	6.0579
3	49	3.1569
3	50	2.6915
3	51	2.5412
3	52	3.5001
3	53	6.5651
3	54	2.1019
3	55	1.6295
3	56	3.2114
3	57	2.4376
3	58	1.6406
3	59	1.5929
3	60	2.0895
3	61	1.5644
3	62	3.6136
3	63	2.9281
3	64	3.0429
3	65	5.7241
3	66	1.9484
3	67	4.8978
3	68	5.9047
3	69	4.9253
3	70	4.3261
3	71	4.9995
3	72	4.7515
3	73	6.9083
3	74	2.5736
3	75	2.0737
3	76	4.391
3	77	4.6607
3	78	3.8027
3	79	3.2255
3	80	3.2747
3	81	1.4116
3	82	1.786
3	83	5.109
3	84	5.4129
3	85	2.6772
3	86	2.1619
3	87	1.8327
3	88	6.2897
3	89	1.4368
3	90	3.0887
3	91	4.6634
3	92	1.3124
3	93	3.75
3	94	2.3868
3	95	3.5245
3	96	3.723
3	97	2.4386
3	98	2.7291
3	99	2.2484
3	100	4.2412
3	101	3.9538
3	102	4.9295
3	103	2.7827
3	104	1.2978
3	105	4.9152
3	106	1.0753
3	107	1.2487
3	108	4.391
3	109	4.1942
3	110	2.5227
3	111	3.0468
3	112	3.0468
3	113	1.5213
3	114	4.2691
3	115	4.2691
3	116	3.8526
3	117	3.8526
4	5	181.57
4	6	38.916
4	7	36.04
4	8	26.006
4	9	19.859
4	10	18.17
4	11	14.068
4	12	6.8824
4	13	6.4446
4	14	10.642
4	15	12.178
4	16	14.438
4	17	11.538
4	18	9.5672
4	19	8.9294
4	20	13.204
4	21	9.2345
4	22	18.229
4	23	4.501
4	24	5.3855
4	25	6.6949
4	26	6.7098
4	27	6.7658
4	28	5.5958
4	29	5.7119
4	30	4.3077
4	31	5.9348
4	32	11.713
4	33	10.368
4	34	13.261
4	35	5.8351
4	36	5.6807
4	37	11.439
4	38	4.6098
4	39	8.8348
4	40	8.8348
4	41	8.8348
4	42	8.8348
4	43	30.68
4	44	37.537
4	45	37.537
4	46	37.537
4	47	3.8042
4	48	5.8519
4	49	3.0529
4	50	3.4744
4	51	3.9417
4	52	4.2585
4	53	5.0949
4	54	3.2544
4	55	3.6677
4	56	4.8841
4	57	2.7486
4	58	2.774
4	59	1.5471
4	60	1.5146
4	61	2.2729
4	62	6.4843
4	63	4.7056
4	64	4.7066
4	65	5.53
4	66	5.6386
4	67	2.9535
4	68	2.1345
4	69	4.2283
4	70	2.3893
4	71	3.4519
4	72	2.626
4	73	2.0002
4	74	4.9682
4	75	5.345
4	76	3.6343
4	77	5.0524
4	78	4.6023
4	79	2.2304
4	80	1.9822
4	81	1.3768
4	82	1.3048
4	83	0.98875
4	84	3.8129
4	85	2.1555
4	86	6.7665
4	87	2.2115
4	88	2.7518
4	89	3.2499
4	90	2.9858
4	91	5.0787
4	92	1.8964
4	93	1.8058
4	94	2.3066
4	95	3.8164
4	96	1.5985
4	97	1.9684
4	98	1.3148
4	99	4.3418
4	100	2.7244
4	101	3.8209
4	102	2.1141
4	103	2.0127
4	104	2.5125
4	105	4.0603
4	106	2.0701
4	107	3.6016
4	108	1.0564
4	109	2.0182
4	110	2.4285
4	111	1.468
4	112	1.468
4	113	1.4657
4	114	1.0284
4	115	4.3425
4	116	2.4753
4	117	8.72
5	6	218.03
5	7	65.589
5	8	34.009
5	9	11.535
5	10	19.723
5	11	10.987
5	12	8.7642
5	13	7.131
5	14	7.5735
5	15	11.598
5	16	8.621
5	17	10.088
5	18	7.8057
5	19	6.2576
5	20	14.724
5	21	13.813
5	22	11.972
5	23	5.2369
5	24	4.9245
5	25	5.1268
5	26	5.7046
5	27	11.368
5	28	8.6312
5	29	6.7803
5	30	6.4885
5	31	4.8565
5	32	5.5368
5	33	7.7013
5	34	27.646
5	35	11.801
5	36	8.0459
5	37	14.698
5	38	10.532
5	39	13.451
5	40	13.451
5	41	13.451
5	42	13.451
5	43	39.249
5	44	24.198
5	45	24.198
5	46	24.198
5	47	10.596
5	48	2.0073
5	49	3.3613
5	50	2.2288
5	51	5.0473
5	52	3.8014
5	53	4.3484
5	54	4.7011
5	55	6.7436
5	56	2.8493
5	57	0.50489
5	58	3.5673
5	59	1.4842
5	60	0.64873
5	61	1.9436
5	62	5.7703
5	63	4.2425
5	64	4.2425
5	65	7.1109
5	66	4.0293
5	67	0.75969
5	68	5.4934
5	69	3.3968
5	70	3.8354
5	71	5.3137
5	72	5.0518
5	73	6.8568
5	74	5.7506
5	75	1.7163
5	76	6.2263
5	77	5.7847
5	78	4.1314
5	79	1.7169
5	80	2.0343
5	81	2.0343
5	82	1.663
5	83	3.1713
5	84	2.4445
5	85	2.7713
5	86	6.0389
5	87	3.4144
5	88	4.9676
5	89	5.3523
5	90	6.3916
5	91	2.8926
5	92	6.5101
5	93	4.6527
5	94	3.557
5	95	1.0948
5	96	5.1393
5	97	2.5243
5	98	1.1298
5	99	2.093
5	100	5.2595
5	101	6.1373
5	102	2.0398
5	103	2.5893
5	104	4.0252
5	105	2.6112
5	106	2.6636
5	107	3.091
5	108	1.3587
5	109	5.196
5	110	2.3483
5	111	1.8891
5	112	1.8891
5	113	1.8891
5	114	2.6431
5	115	1.858
5	116	3.1796
5	117	3.1796
6	7	173.47
6	8	25.468
6	9	17.819
6	10	19.369
6	11	9.6594
6	12	3.7714
6	13	4.8405
6	14	1.9734
6	15	14.254
6	16	10.238
6	17	12.115
6	18	7.0722
6	19	9.1384
6	20	14.345
6	21	15.409
6	22	11.696
6	23	7.6845
6	24	3.8525
6	25	1.6762
6	26	5.5992
6	27	7.4086
6	28	8.4012
6	29	3.065
6	30	3.9252
6	31	4.7795
6	32	7.0618
6	33	9.5473
6	34	23.785
6	35	14.55
6	36	11.346
6	37	13.434
6	38	11.518
6	39	10.026
6	40	10.026
6	41	10.026
6	42	10.026
6	43	10.026
6	44	10.026
6	45	10.026
6	46	10.026
6	47	3.9605
6	48	1.4638
6	49	3.818
6	50	5.976
6	51	8.0091
6	52	8.0091
6	53	2.6565
6	54	4.581
6	55	3.9262
6	56	2.2215
6	57	1.9647
6	58	4.4604
6	59	1.9374
6	60	2.5245
6	61	2.5245
6	62	1.8705
6	63	3.5271
6	64	3.6754
6	65	2.6594
6	66	3.1277
6	67	5.1622
6	68	6.2141
6	69	2.6413
6	70	4.4767
6	71	8.6165
6	72	1.6395
6	73	5.8251
6	74	7.4468
6	75	5.8443
6	76	6.8059
6	77	8.4087
6	78	7.4815
6	79	2.7894
6	80	1.4884
6	81	1.7244
6	82	0.54469
6	83	1.8538
6	84	1.7884
6	85	2.6947
6	86	1.9493
6	87	1.6582
6	88	5.4935
6	89	4.0649
6	90	8.0849
6	91	3.5244
6	92	4.7304
6	93	3.7552
6	94	1.7297
6	95	1.5892
6	96	1.499
6	97	1.4777
6	98	2.19
6	99	7.4561
6	100	7.6451
6	101	4.1791
6	102	5.2809
6	103	3.3489
6	104	0.78461
6	105	0.84372
6	106	9.02
6	107	9.02
6	108	2.6286
6	109	2.5134
6	110	2.2732
6	111	5.4915
6	112	5.4915
6	113	1.8234
6	114	1.2805
6	115	5.3987
6	116	4.6216
6	117	4.6216
7	8	91.993
7	9	26.132
7	10	28.98
7	11	18.543
7	12	11.129
7	13	12.89
7	14	4.3085
7	15	11.822
7	16	13.797
7	17	8.8456
7	18	8.9162
7	19	6.6659
7	20	15.688
7	21	9.9939
7	22	6.3846
7	23	6.7065
7	24	5.7796
7	25	6.0848
7	26	3.6568
7	27	4.6197
7	28	7.6611
7	29	10.022
7	30	3.7351
7	31	5.7709
7	32	5.9149
7	33	5.2215
7	34	37.359
7	35	13.69
7	36	10.113
7	37	19.324
7	38	16.119
7	39	15.402
7	40	15.402
7	41	15.402
7	42	15.402
7	43	15.402
7	44	77.245
7	45	77.245
7	46	77.245
7	47	7.8086
7	48	3.2057
7	49	3.5807
7	50	2.9694
7	51	10.092
7	52	2.9012
7	53	5.7986
7	54	2.2265
7	55	5.7396
7	56	1.8218
7	57	1.0753
7	58	3.7986
7	59	1.5842
7	60	2.7636
7	61	2.5901
7	62	5.4618
7	63	3.8686
7	64	6.436
7	65	2.3295
7	66	2.5719
7	67	4.0418
7	68	1.9475
7	69	2.8929
7	70	1.6334
7	71	9.4318
7	72	2.6906
7	73	6.3844
7	74	4.76
7	75	1.8277
7	76	9.9404
7	77	5.382
7	78	4.4036
7	79	5.4888
7	80	1.0844
7	81	1.8735
7	82	1.1849
7	83	2.7029
7	84	1.9544
7	85	3.5407
7	86	6.4201
7	87	3.028
7	88	4.5255
7	89	7.6096
7	90	5.4452
7	91	5.3944
7	92	6.0573
7	93	0.82447
7	94	0.63122
7	95	1.1636
7	96	2.7357
7	97	1.6147
7	98	0.60079
7	99	5.941
7	100	1.8645
7	101	3.2677
7	102	2.1707
7	103	0.91827
7	104	2.5737
7	105	3.7028
7	106	1.4154
7	107	1.6417
7	108	2.888
7	109	2.7611
7	110	0.83215
7	111	1.0044
7	112	3.139
7	113	3.139
7	114	3.139
7	115	1.9754
7	116	5.0713
7	117	5.0713
8	9	151.53
8	10	82.674
8	11	46.261
8	12	22.618
8	13	23.113
8	14	19.089
8	15	22.095
8	16	23.293
8	17	13.259
8	18	14.376
8	19	16.576
8	20	15.195
8	21	10.597
8	22	15.952
8	23	12.601
8	24	7.194
8	25	6.8583
8	26	11.777
8	27	12.097
8	28	8.6495
8	29	8.9659
8	30	10.3
8	31	8.8193
8	32	11.903
8	33	12.642
8	34	3.6609
8	35	6.4633
8	36	3.1454
8	37	8.183
8	38	6.7921
8	39	10.677
8	40	10.677
8	41	10.677
8	42	10.677
8	43	10.677
8	44	41.542
8	45	41.542
8	46	41.542
8	47	6.3059
8	48	5.1728
8	49	4.8136
8	50	2.8729
8	51	2.7125
8	52	4.6711
8	53	2.3361
8	54	2.2435
8	55	5.7965
8	56	5.8764
8	57	2.6018
8	58	3.5022
8	59	2.5509
8	60	1.6725
8	61	3.7573
8	62	3.8567
8	63	7.2911
8	64	2.5984
8	65	3.2899
8	66	2.0794
8	67	1.3068
8	68	3.9393
8	69	3.5044
8	70	3.2984
8	71	3.0494
8	72	3.6229
8	73	1.4745
8	74	2.1976
8	75	5.1643
8	76	2.0084
8	77	2.4874
8	78	3.0442
8	79	4.4266
8	80	3.9323
8	81	4.0194
8	82	5.2443
8	83	2.7265
8	84	3.6768
8	85	2.3812
8	86	4.0373
8	87	2.4451
8	88	1.8304
8	89	1.0225
8	90	3.2967
8	91	3.7327
8	92	2.8016
8	93	1.3339
8	94	2.5472
8	95	4.2314
8	96	3.9733
8	97	3.9044
8	98	3.3973
8	99	2.9996
8	100	1.5091
8	101	2.6375
8	102	1.7538
8	103	0.74245
8	104	0.74245
8	105	0.74245
8	106	1.1479
8	107	1.3328
8	108	1.3328
8	109	1.1193
8	110	1.3463
8	111	1.3463
8	112	1.3463
8	113	1.3463
8	114	2.2793
8	115	2.2793
8	116	4.1137
8	117	4.1137
9	10	137.52
9	11	42.73
9	12	27
9	13	25.75
9	14	19.509
9	15	16.085
9	16	20.154
9	17	13.631
9	18	11.593
9	19	14.302
9	20	12.578
9	21	3.2965
9	22	8.0088
9	23	16.744
9	24	10.251
9	25	12.738
9	26	8.9365
9	27	12.476
9	28	5.3294
9	29	10.093
9	30	7.0755
9	31	6.8524
9	32	5.3651
9	33	13.515
9	34	3.9502
9	35	5.566
9	36	4.8754
9	37	2.5659
9	38	3.4171
9	39	6.1272
9	40	6.1272
9	41	16.199
9	42	16.199
9	43	29.217
9	44	53.647
9	45	53.647
9	46	53.647
9	47	3.6251
9	48	4.4596
9	49	2.4923
9	50	2.4811
9	51	4.2223
9	52	8.5067
9	53	4.4454
9	54	6.1975
9	55	3.9951
9	56	3.8052
9	57	2.6178
9	58	2.6423
9	59	5.5203
9	60	3.8474
9	61	5.0491
9	62	5.2271
9	63	3.5883
9	64	3.3633
9	65	4.0525
9	66	0.59731
9	67	3.3788
9	68	1.3572
9	69	1.511
9	70	2.2769
9	71	3.2903
9	72	3.2903
9	73	1.9067
9	74	1.4207
9	75	2.5462
9	76	1.7321
9	77	2.6769
9	78	1.3149
9	79	2.9735
9	80	2.6418
9	81	3.9278
9	82	3.3092
9	83	1.8836
9	84	2.2691
9	85	1.6428
9	86	3.9706
9	87	1.2645
9	88	1.0498
9	89	2.652
9	90	3.3187
9	91	2.1501
9	92	3.6182
9	93	0.57414
9	94	0.87894
9	95	1.6172
9	96	4.1876
9	97	1.8741
9	98	2.0888
9	99	2.5862
9	100	1.2995
9	101	1.3651
9	102	2.5188
9	103	3.838
9	104	0.59841
9	105	0.59841
9	106	1.9765
9	107	1.9765
9	108	2.0178
9	109	2.0178
9	110	2.0178
9	111	2.0178
9	112	2.1965
9	113	2.1965
9	114	1.9638
9	115	1.9638
9	116	1.1817
9	117	1.1817
10	11	79.278
10	12	41.644
10	13	33.863
10	14	29.822
10	15	29.275
10	16	20.818
10	17	16.254
10	18	20.056
10	19	15.904
10	20	15.188
10	21	12.843
10	22	12.396
10	23	14.086
10	24	13.616
10	25	8.7967
10	26	13.231
10	27	13.715
10	28	12.058
10	29	10.843
10	30	6.9603
10	31	12.149
10	32	7.2697
10	33	9.6231
10	34	4.8633
10	35	2.4381
10	36	7.7608
10	37	4.6021
10	38	5.5113
10	39	11.75
10	40	11.75
10	41	11.75
10	42	11.75
10	43	11.75
10	44	36.69
10	45	36.69
10	46	36.69
10	47	4.3404
10	48	2.6723
10	49	4.6991
10	50	2.9813
10	51	5.3209
10	52	5.039
10	53	2.0862
10	54	2.7919
10	55	2.5584
10	56	3.0469
10	57	3.4596
10	58	3.4907
10	59	2.284
10	60	4.4479
10	61	4.089
10	62	5.8574
10	63	4.1356
10	64	2.8791
10	65	2.4973
10	66	3.6703
10	67	4.6162
10	68	3.471
10	69	3.6182
10	70	2.9224
10	71	2.7022
10	72	1.9284
10	73	1.9538
10	74	2.4278
10	75	0.65391
10	76	4.7364
10	77	1.6427
10	78	1.3542
10	79	2.1867
10	80	3.8903
10	81	2.7218
10	82	1.2877
10	83	4.8445
10	84	1.8703
10	85	3.7965
10	86	2.03
10	87	0.86475
10	88	3.7531
10	89	5.4698
10	90	0.97428
10	91	2.212
10	92	4.9307
10	93	2.9345
10	94	3.1602
10	95	4.1329
10	96	1.9552
10	97	3.0906
10	98	2.1383
10	99	1.061
10	100	1.9927
10	101	2.8049
10	102	4.1309
10	103	1.965
10	104	1.2312
10	105	1.9799
10	106	1.9799
10	107	1.1671
10	108	3.0845
10	109	3.0845
10	110	1.7753
10	111	1.7753
10	112	1.7753
10	113	1.7753
10	114	2.0048
10	115	1.4098
10	116	1.4098
10	117	1.4098
11	12	142.69
11	13	105.32
11	14	55.013
11	15	36.174
11	16	24.434
11	17	20.654
11	18	22.536
11	19	20.531
11	20	11.212
11	21	7.5383
11	22	14.01
11	23	20.79
11	24	18.65
11	25	14.455
11	26	17.601
11	27	12.683
11	28	16.3
11	29	14.617
11	30	18.62
11	31	11.808
11	32	13.555
11	33	8.7775
11	34	3.7985
11	35	3.7985
11	36	2.5996
11	37	5.392
11	38	6.4636
11	39	8.2662
11	40	8.2662
11	41	8.2662
11	42	8.2662
11	43	8.2662
11	44	8.2662
11	45	8.2662
11	46	8.2662
11	47	4.3627
11	48	1.3441
11	49	5.5141
11	50	1.4995
11	51	3.4047
11	52	3.4502
11	53	4.8971
11	54	4.2134
11	55	4.1995
11	56	1.5325
11	57	4.5121
11	58	4.0965
11	59	4.4704
11	60	6.3771
11	61	3.0545
11	62	2.2903
11	63	1.6165
11	64	1.3507
11	65	0.9769
11	66	4.3014
11	67	4.0581
11	68	2.4408
11	69	2.4408
11	70	2.7414
11	71	0.79159
11	72	4.5212
11	73	3.0531
11	74	1.7083
11	75	3.0679
11	76	2.082
11	77	3.21
11	78	2.1182
11	79	3.0792
11	80	2.2833
11	81	4.2607
11	82	2.5199
11	83	3.4094
11	84	1.6461
11	85	2.4747
11	86	1.7848
11	87	1.5217
11	88	1.8848
11	89	1.0697
11	90	1.7142
11	91	1.2965
11	92	4.3325
11	93	0.68769
11	94	5.2951
11	95	3.3933
11	96	1.3765
11	97	2.7204
11	98	4.0121
11	99	1.2439
11	100	0.77817
11	101	1.6453
11	102	0.60549
11	103	0.76747
11	104	0.72173
11	105	0.77302
11	106	1.1791
11	107	1.3647
11	108	1.2025
11	109	1.2025
11	110	1.3874
11	111	1.3874
11	112	1.3103
11	113	3.3408
11	114	1.1732
11	115	1.1732
11	116	1.1732
11	117	1.1732
12	13	122.06
12	14	53.015
12	15	29.562
12	16	22.115
12	17	20.568
12	18	20.41
12	19	17.682
12	20	11.254
12	21	6.304
12	22	12.258
12	23	17.92
12	24	20.63
12	25	17.141
12	26	18.173
12	27	19.889
12	28	13.408
12	29	16.545
12	30	13.357
12	31	12.606
12	32	8.5721
12	33	11.289
12	34	2.7001
12	35	4.5068
12	36	3.0763
12	37	4.3789
12	38	3.3393
12	39	9.5641
12	40	9.5641
12	41	9.5641
12	42	9.5641
12	43	9.5641
12	44	81.539
12	45	81.539
12	46	81.539
12	47	2.7554
12	48	4.2434
12	49	4.2745
12	50	2.8421
12	51	1.0761
12	52	4.2087
12	53	5.1073
12	54	2.218
12	55	5.1142
12	56	3.3883
12	57	5.1291
12	58	2.1557
12	59	4.2387
12	60	6.0419
12	61	4.1355
12	62	3.2548
12	63	5.1029
12	64	5.1188
12	65	1.8505
12	66	2.0371
12	67	1.2812
12	68	3.8512
12	69	2.2968
12	70	1.948
12	71	1.5001
12	72	2.8561
12	73	0.72306
12	74	1.0785
12	75	3.6334
12	76	2.6298
12	77	2.431
12	78	1.5057
12	79	3.8911
12	80	4.3277
12	81	3.0328
12	82	1.9129
12	83	1.6156
12	84	4.1606
12	85	0.93772
12	86	2.253
12	87	2.8825
12	88	3.5695
12	89	0.50708
12	90	1.0828
12	91	2.4582
12	92	0.68358
12	93	2.6046
12	94	1.5053
12	95	1.3765
12	96	2.608
12	97	3.0082
12	98	3.3242
12	99	3.5351
12	100	2.21
12	101	2.0781
12	102	0.57342
12	103	2.1806
12	104	0.68409
12	105	0.73189
12	106	0.73189
12	107	3.8759
12	108	3.8759
12	109	3.8759
12	110	0.65651
12	111	1.5878
12	112	1.2402
12	113	1.5811
12	114	1.5811
12	115	1.5601
12	116	1.5601
12	117	1.5601
13	14	100.7
13	15	49.255
13	16	29.431
13	17	24.609
13	18	24.191
13	19	17.245
13	20	15.629
13	21	3.7788
13	22	12.753
13	23	20.566
13	24	19.749
13	25	23.92
13	26	20.555
13	27	16.159
13	28	8.5367
13	29	13.826
13	30	16.732
13	31	16.262
13	32	10.442
13	33	12.48
13	34	7.2089
13	35	3.617
13	36	1.851
13	37	3.6558
13	38	4.4587
13	39	9.5936
13	40	9.5936
13	41	18.519
13	42	18.519
13	43	33.408
13	44	20.426
13	45	20.426
13	46	20.426
13	47	2.0691
13	48	3.823
13	49	5.2261
13	50	2.8408
13	51	3.2247
13	52	4.6595
13	53	3.245
13	54	4.8782
13	55	3.4164
13	56	6.2916
13	57	4.2768
13	58	3.0205
13	59	4.2282
13	60	3.2979
13	61	3.7193
13	62	2.7147
13	63	2.5572
13	64	2.5615
13	65	2.3156
13	66	3.4027
13	67	4.4936
13	68	1.545
13	69	2.2998
13	70	0.64998
13	71	1.5017
13	72	4.2873
13	73	0.72447
13	74	1.6208
13	75	2.9091
13	76	0.65849
13	77	1.8289
13	78	3.0101
13	79	5.3488
13	80	6.4868
13	81	4.5272
13	82	4.7624
13	83	3.7698
13	84	3.1184
13	85	2.8157
13	86	2.2601
13	87	0.96236
13	88	4.7758
13	89	3.5454
13	90	1.0835
13	91	2.4579
13	92	2.7438
13	93	1.9597
13	94	2.5105
13	95	2.7623
13	96	2.6101
13	97	2.5763
13	98	1.4282
13	99	2.3605
13	100	4.435
13	101	1.5599
13	102	2.2982
13	103	2.1858
13	104	2.1858
13	105	2.1858
13	106	1.1212
13	107	1.1212
13	108	1.1438
13	109	1.1438
13	110	0.65887
13	111	0.65887
13	112	0.65887
13	113	3.176
13	114	3.176
13	115	3.176
13	116	3.176
13	117	3.176
14	15	136.09
14	16	39.04
14	17	31.419
14	18	22.208
14	19	21.536
14	20	20.693
14	21	7.3205
14	22	15.915
14	23	20.49
14	24	20.802
14	25	20.119
14	26	16.579
14	27	16.938
14	28	10.831
14	29	12.259
14	30	12.163
14	31	14.441
14	32	12.169
14	33	11.473
14	34	5.809
14	35	1.6688
14	36	2.8436
14	37	5.3894
14	38	5.1285
14	39	4.824
14	40	4.824
14	41	4.824
14	42	4.824
14	43	30.724
14	44	18.786
14	45	18.786
14	46	18.786
14	47	5.0777
14	48	4.2961
14	49	3.0564
14	50	3.4787
14	51	5.9207
14	52	5.5459
14	53	4.6771
14	54	3.6655
14	55	2.0978
14	56	4.4456
14	57	3.1445
14	58	3.9671
14	59	3.099
14	60	4.5488
14	61	5.3104
14	62	1.4981
14	63	2.8261
14	64	2.9451
14	65	4.2586
14	66	4.3902
14	67	4.1394
14	68	1.4247
14	69	5.2913
14	70	0.59803
14	71	1.3827
14	72	3.9449
14	73	0.66744
14	74	4.4766
14	75	3.3447
14	76	2.4256
14	77	2.248
14	78	2.248
14	79	3.1263
14	80	3.5725
14	81	4.1391
14	82	4.3571
14	83	2.9699
14	84	1.909
14	85	2.1579
14	86	1.0419
14	87	2.6566
14	88	1.6524
14	89	2.7894
14	90	0.49824
14	91	1.13
14	92	0.6329
14	93	4.8205
14	94	3.2326
14	95	2.5462
14	96	3.2003
14	97	1.1826
14	98	2.6319
14	99	3.8034
14	100	0.68199
14	101	1.9126
14	102	1.5874
14	103	1.3433
14	104	0.629
14	105	0.629
14	106	1.0366
14	107	1.0366
14	108	1.0366
14	109	1.0105
14	110	2.4311
14	111	1.4698
14	112	1.4698
14	113	1.4685
14	114	3.0905
14	115	3.0905
14	116	3.0905
14	117	3.0905
15	16	78.262
15	17	36.442
15	18	28.652
15	19	19.462
15	20	17.78
15	21	16.515
15	22	20.99
15	23	15.51
15	24	10.745
15	25	11.567
15	26	8.916
15	27	12.658
15	28	18.26
15	29	7.3231
15	30	10.141
15	31	6.7537
15	32	12.107
15	33	10.903
15	34	11.599
15	35	5.8394
15	36	4.5461
15	37	6.7289
15	38	6.1433
15	39	12.053
15	40	12.053
15	41	12.053
15	42	12.053
15	43	12.053
15	44	56.28
15	45	56.28
15	46	56.28
15	47	7.6061
15	48	3.5087
15	49	4.7926
15	50	5.2042
15	51	1.9674
15	52	5.0925
15	53	3.8127
15	54	3.2501
15	55	4.7162
15	56	5.321
15	57	3.5308
15	58	2.7719
15	59	3.8571
15	60	1.5135
15	61	2.2691
15	62	3.4895
15	63	4.2361
15	64	4.115
15	65	2.1253
15	66	1.2533
15	67	4.726
15	68	6.4056
15	69	4.2265
15	70	1.7909
15	71	6.2102
15	72	1.9678
15	73	1.3334
15	74	1.3334
15	75	2.0028
15	76	1.2111
15	77	4.4928
15	78	2.7577
15	79	3.5636
15	80	2.3746
15	81	1.8279
15	82	4.766
15	83	3.9507
15	84	2.3793
15	85	1.7234
15	86	4.1669
15	87	3.9795
15	88	4.9584
15	89	2.7805
15	90	3.4808
15	91	0.56369
15	92	2.53
15	93	4.217
15	94	3.6885
15	95	0.84874
15	96	5.1924
15	97	3.1445
15	98	2.1923
15	99	3.2554
15	100	2.0444
15	101	1.4318
15	102	2.1138
15	103	1.3423
15	104	2.5097
15	105	1.3542
15	106	2.0728
15	107	2.0728
15	108	2.0728
15	109	2.0728
15	110	0.6076
15	111	0.73455
15	112	0.73455
15	113	0.73455
15	114	4.1169
15	115	1.4491
15	116	1.2387
15	117	8.7154
16	17	98.077
16	18	69.1
16	19	48.108
16	20	35.054
16	21	25.402
16	22	25.142
16	23	14.014
16	24	15.525
16	25	13.103
16	26	12.586
16	27	17.579
16	28	14.133
16	29	10.979
16	30	6.2323
16	31	7.7844
16	32	12.739
16	33	11.997
16	34	19.212
16	35	8.1303
16	36	4.1587
16	37	5.7469
16	38	13.76
16	39	18.617
16	40	18.617
16	41	20.758
16	42	20.758
16	43	37.467
16	44	68.804
16	45	68.804
16	46	68.804
16	47	10.064
16	48	4.7662
16	49	1.5986
16	50	2.6538
16	51	6.623
16	52	3.6468
16	53	3.1147
16	54	2.4861
16	55	2.5579
16	56	3.798
16	57	1.919
16	58	1.4525
16	59	4.2584
16	60	4.3169
16	61	0.46309
16	62	6.0923
16	63	5.7442
16	64	5.0286
16	65	3.6373
16	66	3.8218
16	67	1.4417
16	68	3.4715
16	69	3.2264
16	70	3.6462
16	71	8.4259
16	72	2.4044
16	73	0.81352
16	74	2.4259
16	75	4.0794
16	76	2.2176
16	77	4.7941
16	78	3.3744
16	79	4.3604
16	80	2.4233
16	81	3.3706
16	82	5.3225
16	83	3.0194
16	84	3.4948
16	85	3.1594
16	86	3.1752
16	87	3.2404
16	88	2.0136
16	89	1.1348
16	90	4.8618
16	91	3.4452
16	92	6.1667
16	93	5.1394
16	94	2.817
16	95	0.51748
16	96	1.9526
16	97	1.9249
16	98	2.6747
16	99	1.3249
16	100	1.6612
16	101	4.0835
16	102	1.2903
16	103	0.81853
16	104	2.3011
16	105	3.3006
16	106	1.2607
16	107	1.2607
16	108	1.2607
16	109	1.2607
16	110	1.4813
16	111	0.89498
16	112	1.4
16	113	1.4
16	114	1.4
16	115	1.4
16	116	1.5078
16	117	21.258
17	18	127.55
17	19	50.087
17	20	41.109
17	21	22.118
17	22	24.654
17	23	19.649
17	24	23.886
17	25	16.692
17	26	21.419
17	27	25.266
17	28	14.034
17	29	14.8
17	30	9.1408
17	31	16.309
17	32	12.674
17	33	12.174
17	34	10.711
17	35	12.764
17	36	8.0298
17	37	7.9139
17	38	7.8297
17	39	12.306
17	40	399.66
17	41	39.958
17	42	39.958
17	43	39.958
17	44	66.342
17	45	66.342
17	46	66.342
17	47	3.7287
17	48	2.7538
17	49	3.075
17	50	4.5883
17	51	5.1982
17	52	1.9893
17	53	2.985
17	54	4.778
17	55	3.7018
17	56	2.6069
17	57	4.1558
17	58	3.2626
17	59	4.0748
17	60	5.3417
17	61	4.8905
17	62	1.7596
17	63	2.2174
17	64	3.4569
17	65	1.501
17	66	4.4247
17	67	3.476
17	68	2.5134
17	69	2.4864
17	70	1.4041
17	71	5.6756
17	72	5.3954
17	73	1.5689
17	74	4.6768
17	75	4.7118
17	76	2.8492
17	77	4.6307
17	78	2.7004
17	79	3.666
17	80	3.7221
17	81	2.6744
17	82	3.046
17	83	1.7414
17	84	2.7963
17	85	4.5634
17	86	1.2274
17	87	3.1234
17	88	2.597
17	89	4.3545
17	90	1.7545
17	91	3.3104
17	92	2.9787
17	93	2.1285
17	94	2.712
17	95	4.004
17	96	2.8206
17	97	4.6197
17	98	2.5832
17	99	5.1073
17	100	1.6043
17	101	3.9305
17	102	3.9305
17	103	4.7387
17	104	4.4219
17	105	1.5935
17	106	6.0971
17	107	6.0971
17	108	2.4888
17	109	3.5672
17	110	0.71592
17	111	0.86448
17	112	1.3522
17	113	1.3522
17	114	1.21
17	115	6.8083
17	116	1.4559
17	117	1.4559
18	19	129.21
18	20	60.256
18	21	20.407
18	22	33.044
18	23	27.57
18	24	21.246
18	25	21.186
18	26	20.735
18	27	17.282
18	28	8.248
18	29	10.813
18	30	8.6439
18	31	9.822
18	32	13.41
18	33	10.25
18	34	6.4094
18	35	4.6072
18	36	5.0243
18	37	6.6929
18	38	5.6613
18	39	7.9924
18	40	7.9924
18	41	7.9924
18	42	7.9924
18	43	7.9924
18	44	20.76
18	45	20.76
18	46	20.76
18	47	3.5045
18	48	3.4506
18	49	1.9282
18	50	3.3592
18	51	2.1769
18	52	3.7601
18	53	3.7519
18	54	5.3952
18	55	1.7378
18	56	0.98132
18	57	5.2089
18	58	2.1905
18	59	1.2815
18	60	4.4644
18	61	4.6046
18	62	3.3083
18	63	1.5612
18	64	3.901
18	65	6.5834
18	66	4.8476
18	67	1.3059
18	68	3.1457
18	69	1.7526
18	70	1.3201
18	71	0.76268
18	72	0.72524
18	73	2.9477
18	74	3.2951
18	75	2.2152
18	76	1.3388
18	77	1.2414
18	78	1.5256
18	79	3.9432
18	80	2.1903
18	81	1.5189
18	82	2.3999
18	83	3.2776
18	84	3.1596
18	85	3.8126
18	86	2.3026
18	87	1.956
18	88	1.8261
18	89	3.5899
18	90	2.7498
18	91	3.7401
18	92	2.795
18	93	1.9968
18	94	2.5497
18	95	1.4073
18	96	2.2091
18	97	4.35
18	98	3.393
18	99	1.7996
18	100	1.7996
18	101	2.6395
18	102	2.337
18	103	2.9665
18	104	0.69386
18	105	0.74795
18	106	0.74795
18	107	0.74795
18	108	1.1673
18	109	1.1152
18	110	0.67138
18	111	1.6226
18	112	1.2697
18	113	1.2697
18	114	1.2697
18	115	1.2697
18	116	2.7341
18	117	2.7341
19	20	138.12
19	21	32.94
19	22	45.782
19	23	28.668
19	24	19.028
19	25	17.454
19	26	18.407
19	27	20.484
19	28	14.256
19	29	10.924
19	30	7.6485
19	31	10.888
19	32	8.4814
19	33	15.214
19	34	7.7102
19	35	3.4526
19	36	2.9399
19	37	7.6549
19	38	6.8823
19	39	8.3154
19	40	8.3154
19	41	8.3154
19	42	8.3154
19	43	8.3154
19	44	97.027
19	45	97.027
19	46	97.027
19	47	2.6217
19	48	4.0315
19	49	2.7025
19	50	4.4821
19	51	3.5572
19	52	6.5709
19	53	3.0635
19	54	4.619
19	55	5.4204
19	56	5.0416
19	57	4.4621
19	58	7.3702
19	59	2.7885
19	60	2.608
19	61	3.5174
19	62	6.7006
19	63	3.4084
19	64	3.0392
19	65	3.9563
19	66	1.9446
19	67	1.8331
19	68	3.6822
19	69	2.7317
19	70	3.7036
19	71	3.7036
19	72	3.3907
19	73	1.3792
19	74	3.0826
19	75	2.7613
19	76	1.8788
19	77	0.5812
19	78	3.3247
19	79	2.7625
19	80	0.409
19	81	1.4145
19	82	2.6831
19	83	3.573
19	84	2.4589
19	85	1.3366
19	86	2.156
19	87	3.6589
19	88	3.4211
19	89	2.3941
19	90	0.51412
19	91	1.1651
19	92	5.2364
19	93	1.87
19	94	1.9068
19	95	3.0746
19	96	2.8909
19	97	1.6247
19	98	2.7218
19	99	1.6834
19	100	1.6834
19	101	2.9609
19	102	1.0933
19	103	0.6942
19	104	1.2969
19	105	2.1018
19	106	2.1018
19	107	2.1018
19	108	2.1899
19	109	2.0914
19	110	2.0914
19	111	0.75999
19	112	0.75999
19	113	1.5182
19	114	4.26
19	115	4.26
19	116	2.5634
19	117	2.5634
20	21	171.8
20	22	122.63
20	23	35.796
20	24	19.63
20	25	18.18
20	26	12.355
20	27	20.952
20	28	14.721
20	29	8.9144
20	30	7.9767
20	31	8.0092
20	32	19.571
20	33	19.882
20	34	14.468
20	35	8.5036
20	36	4.9765
20	37	10.783
20	38	12.706
20	39	11.731
20	40	11.731
20	41	11.731
20	42	11.731
20	43	11.731
20	44	55.032
20	45	55.032
20	46	55.032
20	47	7.4008
20	48	7.4133
20	49	2.547
20	50	3.802
20	51	5.7397
20	52	2.4765
20	53	3.7126
20	54	4.1588
20	55	3.824
20	56	3.24
20	57	1.7215
20	58	3.4745
20	59	3.9467
20	60	5.8949
20	61	3.8703
20	62	3.641
20	63	2.0624
20	64	2.5737
20	65	4.9719
20	66	4.5677
20	67	3.4462
20	68	1.0379
20	69	3.8559
20	70	7.837
20	71	1.005
20	72	3.824
20	73	2.9157
20	74	7.2514
20	75	2.9236
20	76	5.2971
20	77	5.739
20	78	6.7104
20	79	3.2533
20	80	0.5787
20	81	2.6659
20	82	1.2648
20	83	2.1619
20	84	5.5603
20	85	0.62953
20	86	1.5208
20	87	1.9379
20	88	6.4288
20	89	0.67647
20	90	3.6297
20	91	4.9271
20	92	8.2985
20	93	7.0278
20	94	2.6923
20	95	1.2411
20	96	3.5023
20	97	1.7229
20	98	1.2812
20	99	2.3751
20	100	2.9803
20	101	5.5771
20	102	0.77156
20	103	1.9568
20	104	0.91447
20	105	0.98606
20	106	6.0257
20	107	6.0257
20	108	6.0257
20	109	6.0257
20	110	2.6619
20	111	3.2095
20	112	3.3408
20	113	3.3408
20	114	2.9925
20	115	4.203
20	116	4.203
20	117	4.203
21	22	125.65
21	23	19.996
21	24	10.528
21	25	9.5953
21	26	8.7422
21	27	12.401
21	28	14.59
21	29	9.1705
21	30	6.1212
21	31	7.8687
21	32	12.294
21	33	16.009
21	34	25.134
21	35	16.315
21	36	9.4481
21	37	9.8745
21	38	17.535
21	39	17.287
21	40	17.287
21	41	17.287
21	42	17.287
21	43	17.287
21	44	36.7
21	45	36.7
21	46	36.7
21	47	7.4424
21	48	4.5779
21	49	4.691
21	50	4.6705
21	51	7.2255
21	52	2.4967
21	53	4.9802
21	54	2.3863
21	55	5.638
21	56	5.2093
21	57	3.4554
21	58	2.3251
21	59	1.5119
21	60	2.9624
21	61	2.2219
21	62	2.4391
21	63	4.143
21	64	5.7536
21	65	2.4959
21	66	3.6777
21	67	3.4672
21	68	4.873
21	69	5.1696
21	70	5.8421
21	71	4.0521
21	72	3.2106
21	73	4.5656
21	74	2.9159
21	75	4.5738
21	76	4.74
21	77	2.7461
21	78	4.0502
21	79	3.489
21	80	0.77509
21	81	0.44838
21	82	2.9746
21	83	3.3841
21	84	2.7958
21	85	5.059
21	86	2.0372
21	87	2.5956
21	88	5.3857
21	89	3.6311
21	90	9.2467
21	91	4.9668
21	92	1.8557
21	93	5.8905
21	94	2.707
21	95	1.2446
21	96	2.3449
21	97	1.1547
21	98	2.1438
21	99	3.1851
21	100	5.3319
21	101	1.8683
21	102	4.1358
21	103	3.9384
21	104	0.61428
21	105	1.3245
21	106	2.0265
21	107	1.1756
21	108	1.0344
21	109	1.0344
21	110	1.1882
21	111	1.4366
21	112	1.1255
21	113	1.1255
21	114	3.0199
21	115	1.4173
21	116	2.4231
21	117	2.4231
22	23	113.22
22	24	33.803
22	25	29.675
22	26	22.836
22	27	29.12
22	28	18.162
22	29	10.174
22	30	6.976
22	31	9.0607
22	32	18.03
22	33	21.372
22	34	13.761
22	35	10.872
22	36	4.0433
22	37	8.7794
22	38	6.6864
22	39	15.245
22	40	15.245
22	41	15.245
22	42	15.245
22	43	15.245
22	44	89.118
22	45	89.118
22	46	89.118
22	47	9.7827
22	48	5.0952
22	49	4.6599
22	50	4.6407
22	51	8.1879
22	52	4.0447
22	53	7.0576
22	54	3.3813
22	55	4.9743
22	56	4.217
22	57	0.93244
22	58	4.2347
22	59	2.2966
22	60	3.5961
22	61	3.1489
22	62	4.7369
22	63	3.9097
22	64	2.0945
22	65	1.515
22	66	5.2023
22	67	4.9059
22	68	4.2189
22	69	5.645
22	70	3.5438
22	71	7.3697
22	72	3.8937
22	73	7.9089
22	74	1.7686
22	75	6.3435
22	76	1.4371
22	77	5.3274
22	78	5.4633
22	79	3.1774
22	80	2.8246
22	81	3.2694
22	82	3.6148
22	83	4.1075
22	84	3.3949
22	85	1.5354
22	86	1.8529
22	87	4.2001
22	88	1.9589
22	89	4.9603
22	90	1.7718
22	91	3.3476
22	92	3.7478
22	93	1.428
22	94	5.4762
22	95	3.5234
22	96	1.8979
22	97	3.2723
22	98	2.6011
22	99	1.9319
22	100	1.9319
22	101	1.7008
22	102	3.1359
22	103	1.5917
22	104	2.981
22	105	2.407
22	106	1.2262
22	107	1.4216
22	108	2.5025
22	109	1.1957
22	110	1.4404
22	111	1.7407
22	112	1.7407
22	113	1.7407
22	114	1.218
22	115	3.4255
22	116	2.9316
22	117	2.9316
23	24	110.01
23	25	65.956
23	26	55.413
23	27	49.688
23	28	18.598
23	29	16.977
23	30	11.825
23	31	12.363
23	32	7.6758
23	33	13.608
23	34	9.4713
23	35	7.7866
23	36	2.3584
23	37	2.7951
23	38	4.7876
23	39	6.6675
23	40	6.6675
23	41	6.6675
23	42	6.6675
23	43	31.902
23	44	38.961
23	45	38.961
23	46	38.961
23	47	2.6338
23	48	6.8864
23	49	3.1712
23	50	3.1587
23	51	3.5859
23	52	3.5464
23	53	4.4149
23	54	3.381
23	55	3.2633
23	56	5.0745
23	57	5.7086
23	58	5.7611
23	59	6.0345
23	60	5.2437
23	61	5.9051
23	62	1.5541
23	63	3.4189
23	64	1.2222
23	65	3.5337
23	66	3.252
23	67	3.6799
23	68	2.2155
23	69	1.6466
23	70	2.4818
23	71	1.4345
23	72	4.7751
23	73	4.1537
23	74	1.5475
23	75	2.0819
23	76	1.8871
23	77	1.8871
23	78	2.8699
23	79	4.6352
23	80	5.7676
23	81	3.8248
23	82	5.887
23	83	3.0823
23	84	2.4768
23	85	1.7907
23	86	7.0209
23	87	1.8369
23	88	1.142
23	89	2.4132
23	90	2.5846
23	91	0.5865
23	92	2.624
23	93	1.2494
23	94	4.3121
23	95	2.6388
23	96	3.3199
23	97	1.2275
23	98	2.2738
23	99	1.6907
23	100	1.6907
23	101	0.9921
23	102	0.9921
23	103	0.69643
23	104	0.65283
23	105	1.405
23	106	1.0741
23	107	1.0741
23	108	1.0741
23	109	1.0471
23	110	1.2597
23	111	0.76183
23	112	0.76183
23	113	1.5218
23	114	1.5218
23	115	1.5218
23	116	1.5218
23	117	1.5218
24	25	111.76
24	26	81.828
24	27	41.748
24	28	23.318
24	29	18.75
24	30	17.627
24	31	17.426
24	32	8.4873
24	33	11.194
24	34	5.6662
24	35	1.6271
24	36	3.8812
24	37	3.942
24	38	3.0012
24	39	3.9189
24	40	3.9189
24	41	16.594
24	42	345.04
24	43	29.99
24	44	36.641
24	45	36.641
24	46	36.641
24	47	3.0957
24	48	4.1903
24	49	2.5558
24	50	2.97
24	51	4.3338
24	52	5.4157
24	53	5.3951
24	54	4.7686
24	55	5.1145
24	56	3.0362
24	57	6.1347
24	58	4.6435
24	59	6.4285
24	60	5.9165
24	61	5.9221
24	62	3.4098
24	63	2.756
24	64	3.4476
24	65	2.4922
24	66	3.6696
24	67	2.8835
24	68	1.3889
24	69	3.0965
24	70	3.5001
24	71	1.3487
24	72	1.2826
24	73	0.65094
24	74	1.9403
24	75	1.305
24	76	1.305
24	77	2.1915
24	78	2.2484
24	79	3.0505
24	80	2.7113
24	81	4.4925
24	82	4.2555
24	83	1.9318
24	84	4.1911
24	85	2.9468
24	86	4.0634
24	87	3.0228
24	88	2.1479
24	89	2.2686
24	90	0.97206
24	91	2.7567
24	92	1.2339
24	93	2.3498
24	94	2.703
24	95	3.3096
24	96	1.9511
24	97	3.462
24	98	0.8554
24	99	2.1196
24	100	0.6648
24	101	1.8656
24	102	1.0319
24	103	2.6197
24	104	1.2274
24	105	1.3212
24	106	1.3212
24	107	1.1714
24	108	1.1714
24	109	1.9695
24	110	1.7773
24	111	1.7773
24	112	1.7773
24	113	1.7773
24	114	1.004
24	115	1.004
24	116	1.2082
24	117	1.2082
25	26	120.52
25	27	68.59
25	28	23.221
25	29	23.169
25	30	21.4
25	31	17.866
25	32	5.918
25	33	16.048
25	34	1.8713
25	35	6.5717
25	36	3.2031
25	37	3.7959
25	38	2.8938
25	39	9.0548
25	40	9.0548
25	41	9.0548
25	42	9.0548
25	43	9.0548
25	44	106.09
25	45	106.09
25	46	106.09
25	47	5.0135
25	48	5.7351
25	49	2.4673
25	50	2.9509
25	51	2.7913
25	52	1.9365
25	53	3.3709
25	54	5.0674
25	55	2.9561
25	56	4.0214
25	57	2.6652
25	58	2.6889
25	59	5.7109
25	60	7.4211
25	61	8.5855
25	62	5.075
25	63	3.7174
25	64	5.3205
25	65	1.4429
25	66	6.3596
25	67	2.6662
25	68	1.6042
25	69	5.3739
25	70	0.67498
25	71	0.77975
25	72	2.2261
25	73	3.009
25	74	1.683
25	75	3.021
25	76	3.021
25	77	1.2659
25	78	2.0845
25	79	3.0302
25	80	2.2462
25	81	3.659
25	82	2.9693
25	83	5.0339
25	84	3.7789
25	85	2.9243
25	86	5.8663
25	87	4.497
25	88	1.2395
25	89	1.0522
25	90	1.6879
25	91	4.4671
25	92	2.1365
25	93	0.67819
25	94	4.693
25	95	3.8241
25	96	2.7108
25	97	2.2303
25	98	1.9774
25	99	3.6768
25	100	2.3022
25	101	1.08
25	102	2.3864
25	103	1.5131
25	104	0.71046
25	105	0.71046
25	106	0.71046
25	107	1.3478
25	108	1.3478
25	109	1.3478
25	110	0.68408
25	111	0.68408
25	112	1.293
25	113	1.6483
25	114	1.6483
25	115	1.627
25	116	1.627
25	117	1.627
26	27	112.5
26	28	28.344
26	29	31.125
26	30	22.803
26	31	15.497
26	32	13.351
26	33	14.218
26	34	2.8093
26	35	5.6351
26	36	3.206
26	37	5.3192
26	38	5.2159
26	39	11.782
26	40	11.782
26	41	19.255
26	42	19.255
26	43	19.255
26	44	85.001
26	45	85.001
26	46	85.001
26	47	6.4552
26	48	2.6518
26	49	3.9551
26	50	3.9427
26	51	3.3558
26	52	4.8539
26	53	3.3784
26	54	5.0782
26	55	1.7758
26	56	3.0222
26	57	6.6758
26	58	3.1429
26	59	4.8447
26	60	4.5744
26	61	5.5927
26	62	6.2131
26	63	2.1269
26	64	1.332
26	65	3.8543
26	66	4.9508
26	67	4.0034
26	68	1.6053
26	69	1.7937
26	70	4.055
26	71	4.055
26	72	2.2288
26	73	2.2588
26	74	2.8085
26	75	0.75639
26	76	1.3689
26	77	1.2669
26	78	2.6105
26	79	1.012
26	80	4.5024
26	81	4.7177
26	82	3.4734
26	83	3.3614
26	84	2.7046
26	85	1.4645
26	86	2.9359
26	87	2.0015
26	88	1.8605
26	89	2.636
26	90	2.636
26	91	3.1955
26	92	1.4251
26	93	1.3573
26	94	1.0446
26	95	2.3928
26	96	3.1681
26	97	2.2349
26	98	3.9598
26	99	2.4542
26	100	0.76785
26	101	1.0818
26	102	1.7921
26	103	1.5146
26	104	3.5577
26	105	1.5253
26	106	1.1635
26	107	1.3468
26	108	1.3468
26	109	1.3468
26	110	2.0539
26	111	0.82722
26	112	2.5842
26	113	2.5842
26	114	1.1571
26	115	3.2509
26	116	3.2509
26	117	3.2509
27	28	81.734
27	29	40.337
27	30	35.792
27	31	25.072
27	32	23.315
27	33	31.048
27	34	6.2241
27	35	8.044
27	36	1.8285
27	37	5.7747
27	38	8.7968
27	39	9.4777
27	40	362.13
27	41	362.13
27	42	362.13
27	43	362.13
27	44	80.631
27	45	80.631
27	46	80.631
27	47	4.083
27	48	5.4456
27	49	1.8732
27	50	2.7985
27	51	5.8205
27	52	3.2038
27	53	2.7367
27	54	3.9324
27	55	7.8701
27	56	3.8146
27	57	4.2164
27	58	4.2548
27	59	5.4043
27	60	5.9616
27	61	5.2898
27	62	4.8193
27	63	3.0297
27	64	3.1575
27	65	4.1106
27	66	2.6884
27	67	4.4362
27	68	2.2898
27	69	3.9709
27	70	3.8467
27	71	3.8467
27	72	1.4093
27	73	1.4306
27	74	1.5996
27	75	4.303
27	76	5.1994
27	77	4.8184
27	78	4.4482
27	79	3.8322
27	80	2.9809
27	81	3.9478
27	82	3.7406
27	83	4.2461
27	84	4.6068
27	85	2.3141
27	86	2.7917
27	87	4.7475
27	88	4.7213
27	89	2.9918
27	90	2.6711
27	91	5.4509
27	92	2.7119
27	93	3.2281
27	94	4.4565
27	95	2.7297
27	96	2.5742
27	97	2.9599
27	98	3.7617
27	99	3.7617
27	100	0.73056
27	101	1.5382
27	102	1.5382
27	103	2.1589
27	104	0.67426
27	105	0.72578
27	106	1.1094
27	107	1.1094
27	108	1.1094
27	109	1.1094
27	110	0.65132
27	111	1.5743
27	112	1.5743
27	113	1.5743
27	114	1.1027
27	115	1.1027
27	116	1.3269
27	117	1.3269
28	29	94.996
28	30	54.007
28	31	49.232
28	32	58.672
28	33	58.037
28	34	15.762
28	35	7.9419
28	36	7.0281
28	37	7.6825
28	38	5.3543
28	39	13.761
28	40	13.761
28	41	32.242
28	42	32.242
28	43	32.242
28	44	71.321
28	45	71.321
28	46	71.321
28	47	8.4387
28	48	4.4464
28	49	3.7265
28	50	5.7679
28	51	4.205
28	52	3.2215
28	53	2.4137
28	54	4.6314
28	55	3.4894
28	56	3.3703
28	57	2.2369
28	58	5.6458
28	59	2.9284
28	60	2.8776
28	61	4.6695
28	62	6.1607
28	63	3.5819
28	64	2.2355
28	65	4.4443
28	66	4.7699
28	67	6.1816
28	68	1.3544
28	69	4.5214
28	70	2.8378
28	71	4.5935
28	72	1.2473
28	73	0.63431
28	74	0.47236
28	75	2.5387
28	76	2.3041
28	77	2.6716
28	78	3.4936
28	79	4.2324
28	80	4.5109
28	81	3.9003
28	82	3.6991
28	83	3.2855
28	84	2.2604
28	85	5.3242
28	86	3.9657
28	87	2.1022
28	88	3.147
28	89	1.3206
28	90	3.3088
28	91	2.1436
28	92	3.612
28	93	2.8671
28	94	3.5068
28	95	2.8266
28	96	2.6578
28	97	1.8669
28	98	1.2515
28	99	3.0962
28	100	5.1884
28	101	3.6294
28	102	0.50259
28	103	0.50259
28	104	1.7891
28	105	1.9335
28	106	1.9335
28	107	1.9335
28	108	1.008
28	109	0.96212
28	110	1.7346
28	111	2.0974
28	112	2.0974
28	113	2.0974
28	114	0.97981
28	115	2.76
28	116	3.5381
28	117	8.2936
29	30	119.25
29	31	77.137
29	32	44.148
29	33	38.413
29	34	4.2863
29	35	9.4709
29	36	5.2833
29	37	3.4784
29	38	6.3589
29	39	7.4676
29	40	7.4676
29	41	17.597
29	42	17.597
29	43	63.535
29	44	19.412
29	45	19.412
29	46	19.412
29	47	4.5906
29	48	2.4218
29	49	4.5145
29	50	2.2489
29	51	5.6162
29	52	2.6535
29	53	3.0814
29	54	2.9489
29	55	2.7076
29	56	3.2184
29	57	3.657
29	58	2.0502
29	59	3.6118
29	60	10.448
29	61	7.0641
29	62	2.0643
29	63	3.4043
29	64	3.6527
29	65	3.5209
29	66	1.9425
29	67	3.6639
29	68	2.941
29	69	2.7335
29	70	2.7335
29	71	2.1431
29	72	2.0386
29	73	1.3785
29	74	0.51376
29	75	2.7652
29	76	0.62638
29	77	1.74
29	78	2.8603
29	79	5.0813
29	80	4.5179
29	81	3.818
29	82	4.9709
29	83	2.0473
29	84	1.4811
29	85	1.784
29	86	4.3008
29	87	2.7445
29	88	3.9771
29	89	2.4055
29	90	0.51498
29	91	2.3369
29	92	2.6122
29	93	1.2434
29	94	3.818
29	95	1.7514
29	96	1.6537
29	97	4.0786
29	98	3.1695
29	99	2.2449
29	100	0.70371
29	101	0.49421
29	102	0.49421
29	103	0.69336
29	104	1.3008
29	105	0.6992
29	106	0.6992
29	107	0.6992
29	108	0.6992
29	109	2.0838
29	110	1.2541
29	111	1.2541
29	112	1.2541
29	113	1.5143
29	114	1.5143
29	115	1.5143
29	116	2.5575
29	117	2.5575
30	31	131.28
30	32	61.553
30	33	47.099
30	34	5.7456
30	35	7.4017
30	36	1.6827
30	37	3.9933
30	38	3.5503
30	39	11.096
30	40	11.096
30	41	16.833
30	42	16.833
30	43	16.833
30	44	55.659
30	45	55.659
30	46	55.659
30	47	1.8832
30	48	4.6369
30	49	2.5952
30	50	4.3131
30	51	2.4503
30	52	3.4056
30	53	2.5363
30	54	2.0192
30	55	3.1074
30	56	1.7631
30	57	1.5566
30	58	3.1409
30	59	6.5569
30	60	5.0036
30	61	4.1413
30	62	3.4592
30	63	2.325
30	64	2.9151
30	65	2.9492
30	66	5.5721
30	67	2.9203
30	68	0.70242
30	69	2.6162
30	70	1.7753
30	71	1.368
30	72	1.3018
30	73	2.6369
30	74	2.4574
30	75	1.3241
30	76	2.9967
30	77	2.2161
30	78	1.8286
30	79	3.9862
30	80	4.3336
30	81	2.7605
30	82	4.7871
30	83	2.4531
30	84	2.8415
30	85	3.8434
30	86	3.0809
30	87	1.7507
30	88	2.1701
30	89	1.8471
30	90	1.8471
30	91	3.3609
30	92	1.2471
30	93	0.59384
30	94	2.7426
30	95	1.2542
30	96	3.167
30	97	1.9564
30	98	0.86548
30	99	0.86548
30	100	2.6881
30	101	2.8396
30	102	3.1356
30	103	1.3258
30	104	1.247
30	105	0.66786
30	106	0.66786
30	107	0.66786
30	108	0.66786
30	109	0.66786
30	110	0.59858
30	111	0.59858
30	112	1.1332
30	113	1.4447
30	114	1.0141
30	115	1.0141
30	116	2.4413
30	117	2.4413
31	32	125.83
31	33	65.572
31	34	5.3206
31	35	7.1027
31	36	3.6359
31	37	5.7521
31	38	3.838
31	39	11.131
31	40	11.131
31	41	11.131
31	42	11.131
31	43	11.131
31	44	60.224
31	45	60.224
31	46	60.224
31	47	2.036
31	48	3.7621
31	49	2.3397
31	50	3.7339
31	51	2.6511
31	52	0.92219
31	53	5.0334
31	54	4.8076
31	55	2.2389
31	56	1.9077
31	57	3.3684
31	58	5.0965
31	59	4.1775
31	60	3.2469
31	61	5.2973
31	62	1.6033
31	63	4.5234
31	64	1.2608
31	65	1.8229
31	66	4.0134
31	67	3.1555
31	68	0.7587
31	69	2.8284
31	70	1.9191
31	71	2.2172
31	72	4.221
31	73	4.221
31	74	4.221
31	75	4.2952
31	76	2.5908
31	77	2.3941
31	78	1.9783
31	79	2.396
31	80	5.5435
31	81	3.9883
31	82	3.3006
31	83	1.5919
31	84	2.5622
31	85	0.9237
31	86	3.8833
31	87	1.8928
31	88	0.58588
31	89	1.9988
31	90	0.53338
31	91	1.2114
31	92	3.3665
31	93	0.64132
31	94	3.4601
31	95	2.2591
31	96	2.9973
31	97	2.5408
31	98	2.8063
31	99	1.7413
31	100	0.72562
31	101	0.51183
31	102	0.51183
31	103	0.71607
31	104	1.3482
31	105	0.72103
31	106	1.0994
31	107	1.0994
31	108	1.0994
31	109	1.0994
31	110	1.2931
31	111	3.1277
31	112	1.2214
31	113	1.5574
31	114	1.5574
31	115	1.5366
31	116	1.5366
31	117	1.5366
32	33	127.21
32	34	34.57
32	35	16.426
32	36	10.584
32	37	11.809
32	38	13.5
32	39	13.198
32	40	13.198
32	41	13.198
32	42	13.198
32	43	13.198
32	44	41.217
32	45	41.217
32	46	41.217
32	47	6.9621
32	48	2.1435
32	49	4.3165
32	50	3.3464
32	51	5.4274
32	52	1.8831
32	53	4.2133
32	54	1.3432
32	55	2.2987
32	56	4.3974
32	57	2.5901
32	58	3.4843
32	59	2.5622
32	60	6.6586
32	61	4.1723
32	62	4.3845
32	63	2.0644
32	64	5.8178
32	65	1.8696
32	66	0.68686
32	67	3.2396
32	68	2.3386
32	69	1.1607
32	70	3.2806
32	71	1.5162
32	72	1.4427
32	73	1.4625
32	74	2.7261
32	75	1.4683
32	76	2.6588
32	77	4.9204
32	78	1.5197
32	79	1.9636
32	80	5.2397
32	81	2.5416
32	82	3.8494
32	83	4.35
32	84	4.1982
32	85	3.7894
32	86	1.1402
32	87	2.4279
32	88	3.012
32	89	3.0688
32	90	2.7344
32	91	2.4822
32	92	6.2289
32	93	3.9551
32	94	3.0414
32	95	1.3933
32	96	0.87826
32	97	1.7343
32	98	1.9218
32	99	2.9782
32	100	2.9782
32	101	2.6243
32	102	2.3194
32	103	3.6771
32	104	0.69077
32	105	0.74102
32	106	2.2626
32	107	2.2626
32	108	3.4625
32	109	3.3094
32	110	1.3295
32	111	1.3295
32	112	1.3295
32	113	1.6024
32	114	5.6249
32	115	5.6249
32	116	1.3539
32	117	1.3539
33	34	126.23
33	35	27.742
33	36	17.353
33	37	13.991
33	38	18.477
33	39	17.85
33	40	17.85
33	41	23.6
33	42	23.6
33	43	23.6
33	44	26.118
33	45	26.118
33	46	26.118
33	47	7.0388
33	48	7.5885
33	49	4.8426
33	50	7.229
33	51	7.5056
33	52	5.2971
33	53	7.0585
33	54	3.388
33	55	5.82
33	56	4.3121
33	57	3.8181
33	58	2.7523
33	59	4.8223
33	60	0.70066
33	61	3.1532
33	62	5.5391
33	63	0.65379
33	64	5.7113
33	65	4.7263
33	66	3.4765
33	67	5.7367
33	68	3.9485
33	69	1.4668
33	70	4.141
33	71	3.8242
33	72	4.5465
33	73	3.6985
33	74	3.4479
33	75	6.4878
33	76	4.1991
33	77	3.8984
33	78	6.3799
33	79	3.0932
33	80	0.55002
33	81	4.4345
33	82	0.60107
33	83	7.5384
33	84	3.9648
33	85	4.7887
33	86	5.7858
33	87	3.0713
33	88	3.8229
33	89	1.9297
33	90	3.4517
33	91	4.6875
33	92	2.6311
33	93	3.3427
33	94	1.2804
33	95	1.7702
33	96	2.775
33	97	3.8218
33	98	1.8276
33	99	3.0118
33	100	2.8344
33	101	3.3142
33	102	0.73372
33	103	1.8615
33	104	2.6094
33	105	2.8143
33	106	2.8143
33	107	2.8143
33	108	2.8143
33	109	2.7973
33	110	1.6872
33	111	3.0537
33	112	3.1792
33	113	3.1792
33	114	2.8469
33	115	4
33	116	4
33	117	4
34	35	241.74
34	36	84.989
34	37	73.498
34	38	55.01
34	39	33.874
34	40	33.874
34	41	33.874
34	42	33.874
34	43	33.874
34	44	79.653
34	45	79.653
34	46	79.653
34	47	13.358
34	48	1.6488
34	49	3.6799
34	50	5.4911
34	51	8.2772
34	52	2.675
34	53	2.6784
34	54	4.2929
34	55	8.8381
34	56	1.8717
34	57	2.4889
34	58	4.1857
34	59	2.4404
34	60	1.0644
34	61	2.3959
34	62	1.0521
34	63	5.9632
34	64	8.6657
34	65	6.2862
34	66	6.5908
34	67	3.7297
34	68	4.4894
34	69	5.5668
34	70	5.0238
34	71	4.3425
34	72	5.5086
34	73	14.021
34	74	4.1868
34	75	5.6267
34	76	10.186
34	77	9.4665
34	78	6.7788
34	79	2.8183
34	80	0.83602
34	81	0.95878
34	82	3.643
34	83	1.0398
34	84	4.013
34	85	4.013
34	86	4.3952
34	87	2.7996
34	88	6.9661
34	89	5.8556
34	90	6.2874
34	91	4.735
34	92	7.9766
34	93	1.268
34	94	1.9446
34	95	6.2864
34	96	2.5311
34	97	1.6587
34	98	4.6322
34	99	4.5709
34	100	8.5909
34	101	4.0269
34	102	2.2281
34	103	4.2352
34	104	3.9535
34	105	7.1025
34	106	4.3326
34	107	2.5089
34	108	8.8287
34	109	2.1149
34	110	2.5624
34	111	3.0838
34	112	2.3942
34	113	2.3942
34	114	6.447
34	115	9.028
34	116	5.1657
34	117	5.1657
35	36	248.97
35	37	101.26
35	38	46.761
35	39	25.666
35	40	25.666
35	41	25.666
35	42	25.666
35	43	25.666
35	44	40.16
35	45	40.16
35	46	40.16
35	47	9.4319
35	48	7.4817
35	49	4.6347
35	50	6.4497
35	51	6.2463
35	52	6.26
35	53	2.693
35	54	2.5935
35	55	1.1157
35	56	3.7698
35	57	1.6726
35	58	3.3758
35	59	2.4509
35	60	1.0731
35	61	1.0731
35	62	6.3643
35	63	4.0145
35	64	8.7352
35	65	9.0545
35	66	3.992
35	67	8.784
35	68	6.0418
35	69	4.4909
35	70	6.3311
35	71	21.877
35	72	5.5492
35	73	7.0753
35	74	7.3918
35	75	4.2545
35	76	14.129
35	77	5.9761
35	78	5.848
35	79	5.848
35	80	3.3652
35	81	3.3652
35	82	0.91285
35	83	2.0949
35	84	3.0297
35	85	3.6693
35	86	4.4416
35	87	4.7083
35	88	7.0459
35	89	5.8909
35	90	2.1125
35	91	9.5378
35	92	6.7118
35	93	5.1252
35	94	5.1252
35	95	2.7242
35	96	1.7018
35	97	1.6694
35	98	1.8719
35	99	3.4583
35	100	10.118
35	101	6.0891
35	102	3.3727
35	103	12.825
35	104	6.6349
35	105	11.473
35	106	6.5677
35	107	7.6105
35	108	8.9213
35	109	2.1365
35	110	6.4709
35	111	6.2292
35	112	2.4155
35	113	6.1615
35	114	2.1681
35	115	6.0711
35	116	2.6062
35	117	18.205
36	37	180.19
36	38	59.317
36	39	26.824
36	40	26.824
36	41	26.824
36	42	26.824
36	43	26.824
36	44	54.578
36	45	54.578
36	46	54.578
36	47	5.5136
36	48	4.5275
36	49	5.6841
36	50	6.9075
36	51	2.131
36	52	3.0522
36	53	3.0599
36	54	2.9441
36	55	1.5214
36	56	1.9265
36	57	2.2777
36	58	4.0234
36	59	2.2271
36	60	2.2271
36	61	2.7379
36	62	5.0608
36	63	6.1554
36	64	2.5532
36	65	3.0834
36	66	6.3575
36	67	5.1367
36	68	4.1227
36	69	8.4223
36	70	6.0472
36	71	10.96
36	72	8.5247
36	73	8.6921
36	74	2.8797
36	75	5.8021
36	76	9.6437
36	77	7.3319
36	78	5.9828
36	79	1.9346
36	80	0.57313
36	81	0.65551
36	82	0.65551
36	83	3.5728
36	84	2.7538
36	85	1.2501
36	86	3.7852
36	87	3.8497
36	88	8.0093
36	89	6.027
36	90	5.0416
36	91	4.8862
36	92	2.7485
36	93	4.3712
36	94	2.6745
36	95	3.709
36	96	1.7393
36	97	2.8447
36	98	3.8267
36	99	7.8626
36	100	11.838
36	101	4.8422
36	102	3.8318
36	103	7.7815
36	104	0.90601
36	105	9.7952
36	106	7.4853
36	107	8.6856
36	108	9.1609
36	109	2.9206
36	110	7.0571
36	111	7.4442
36	112	3.3071
36	113	6.3285
36	114	5.9313
36	115	10.399
36	116	7.1346
36	117	7.1346
37	38	233.26
37	39	81.316
37	40	577.72
37	41	577.72
37	42	577.72
37	43	577.72
37	44	161.68
37	45	161.68
37	46	161.68
37	47	16.293
37	48	5.3588
37	49	3.7369
37	50	2.2298
37	51	5.884
37	52	2.894
37	53	3.6243
37	54	2.0916
37	55	1.7974
37	56	4.5611
37	57	3.3701
37	58	2.0406
37	59	0.6601
37	60	2.5954
37	61	0.6485
37	62	5.9854
37	63	6.4657
37	64	7.0452
37	65	2.1895
37	66	3.2176
37	67	3.0344
37	68	12.179
37	69	2.7157
37	70	7.15
37	71	3.5322
37	72	3.36
37	73	13.689
37	74	4.2562
37	75	11.437
37	76	9.3231
37	77	6.7407
37	78	3.1467
37	79	3.0528
37	80	3.3939
37	81	0.77751
37	82	2.2162
37	83	4.2255
37	84	2.4448
37	85	1.4787
37	86	2.6824
37	87	3.0353
37	88	2.8356
37	89	7.9268
37	90	5.1108
37	91	1.9248
37	92	10.822
37	93	9.2898
37	94	3.1617
37	95	1.4611
37	96	1.3715
37	97	0.67353
37	98	1.507
37	99	2.788
37	100	4.6619
37	101	1.6365
37	102	9.0601
37	103	10.338
37	104	6.4278
37	105	6.9391
37	106	7.063
37	107	8.1859
37	108	7.1989
37	109	1.7233
37	110	9.383
37	111	3.7662
37	112	7.8086
37	113	7.4691
37	114	3.5017
37	115	2.4543
37	116	2.1052
37	117	2.1052
38	39	218.19
38	40	218.19
38	41	22.111
38	42	22.111
38	43	22.111
38	44	122.71
38	45	122.71
38	46	122.71
38	47	14.061
38	48	4.0746
38	49	3.4123
38	50	5.658
38	51	7.6879
38	52	4.4141
38	53	4.9686
38	54	0.53037
38	55	6.1583
38	56	6.3642
38	57	1.5376
38	58	3.1038
38	59	1.5075
38	60	2.6342
38	61	1.9738
38	62	5.857
38	63	6.7653
38	64	11.499
38	65	6.6612
38	66	4.904
38	67	4.6232
38	68	7.4219
38	69	8.961
38	70	3.1127
38	71	8.9809
38	72	11.101
38	73	6.0858
38	74	6.4807
38	75	8.709
38	76	11.052
38	77	2.9317
38	78	5.9913
38	79	1.1622
38	80	2.0658
38	81	1.1866
38	82	1.6897
38	83	3.2193
38	84	4.3437
38	85	4.5007
38	86	4.7635
38	87	3.4643
38	88	6.478
38	89	6.0392
38	90	7.7839
38	91	9.5433
38	92	7.4201
38	93	6.2896
38	94	2.4075
38	95	1.1106
38	96	1.0434
38	97	2.5635
38	98	1.7197
38	99	7.7858
38	100	4.4396
38	101	6.8511
38	102	5.5176
38	103	4.3765
38	104	5.7182
38	105	3.5274
38	106	8.0874
38	107	4.6905
38	108	4.1248
38	109	1.3146
38	110	0.79322
38	111	0.79322
38	112	7.4577
38	113	7.4577
38	114	2.6733
38	115	1.8766
38	116	1.8766
38	117	11.285
39	40	1324.4
39	41	1324.4
39	42	1324.4
39	43	1324.4
39	44	1324.4
39	45	1324.4
39	46	1324.4
39	47	11.7
39	48	8.8049
39	49	3.5729
39	50	5.3279
39	51	8.0351
39	52	5.1765
39	53	6.0564
39	54	4.1635
39	55	7.5338
39	56	7.2651
39	57	5.6371
39	58	4.8777
39	59	2.3609
39	60	3.1039
39	61	6.1939
39	62	4.0904
39	63	5.806
39	64	7.2231
39	65	6.1051
39	66	8.9962
39	67	3.6345
39	68	2.9177
39	69	5.4159
39	70	1.222
39	71	2.82
39	72	8.0398
39	73	6.8333
39	74	6.1115
39	75	5.4711
39	76	12.405
39	77	4.6117
39	78	10.341
39	79	5.4714
39	80	2.4312
39	81	1.8525
39	82	4.4013
39	83	3.0318
39	84	2.9205
39	85	3.5362
39	86	4.2854
39	87	2.7227
39	88	6.802
39	89	3.7874
39	90	6.1123
39	91	4.6077
39	92	7.7819
39	93	3.7121
39	94	6.6198
39	95	5.2482
39	96	2.4599
39	97	2.4134
39	98	2.7072
39	99	6.6747
39	100	2.7931
39	101	0.97846
39	102	6.5063
39	103	2.7534
39	104	3.8448
39	105	3.8448
39	106	3.8448
39	107	4.9222
39	108	2.1628
39	109	2.0682
39	110	2.0682
39	111	9.0329
39	112	4.6846
39	113	4.6846
39	114	6.3008
39	115	6.3008
39	116	5.0521
39	117	5.0521
40	41	5.0521
40	42	5.0521
40	43	5.0521
40	44	5.0521
40	45	5.0521
40	46	5.0521
40	47	5.0521
40	48	5.0521
40	49	5.0521
40	50	5.0521
40	51	5.0521
40	52	5.0521
40	53	5.0521
40	54	5.0521
40	55	5.0521
40	56	5.0521
40	57	5.0521
40	58	5.0521
40	59	5.0521
40	60	5.0521
40	61	5.0521
40	62	5.0521
40	63	5.0521
40	64	5.0521
40	65	5.0521
40	66	5.0521
40	67	5.0521
40	68	5.0521
40	69	5.0521
40	70	5.0521
40	71	5.0521
40	72	5.0521
40	73	5.0521
40	74	5.0521
40	75	5.0521
40	76	5.0521
40	77	5.0521
40	78	5.0521
40	79	5.0521
40	80	5.0521
40	81	5.0521
40	82	5.0521
40	83	5.0521
40	84	5.0521
40	85	5.0521
40	86	5.0521
40	87	5.0521
40	88	5.0521
40	89	5.0521
40	90	5.0521
40	91	5.0521
40	92	5.0521
40	93	5.0521
40	94	5.0521
40	95	5.0521
40	96	5.0521
40	97	5.0521
40	98	5.0521
40	99	5.0521
40	100	5.0521
40	101	5.0521
40	102	5.0521
40	103	5.0521
40	104	5.0521
40	105	5.0521
40	106	5.0521
40	107	5.0521
40	108	5.0521
40	109	5.0521
40	110	5.0521
40	111	5.0521
40	112	5.0521
40	113	5.0521
40	114	5.0521
40	115	5.0521
40	116	5.0521
40	117	5.0521
41	42	1512.6
41	43	1512.6
41	44	1512.6
41	45	1512.6
41	46	1512.6
41	47	27.449
41	48	27.449
41	49	27.449
41	50	18.775
41	51	18.775
41	52	18.775
41	53	18.775
41	54	17.593
41	55	17.593
41	56	17.593
41	57	17.593
41	58	17.593
41	59	17.593
41	60	21.853
41	61	21.853
41	62	21.596
41	63	20.392
41	64	25.407
41	65	25.407
41	66	25.407
41	67	25.545
41	68	25.545
41	69	25.545
41	70	25.545
41	71	25.545
41	72	25.545
41	73	25.545
41	74	25.545
41	75	25.545
41	76	25.545
41	77	25.545
41	78	25.545
41	79	25.545
41	80	25.545
41	81	25.545
41	82	25.545
41	83	25.545
41	84	25.545
41	85	25.545
41	86	25.545
41	87	19.122
41	88	19.122
41	89	19.122
41	90	19.122
41	91	24.404
41	92	24.404
41	93	24.404
41	94	24.404
41	95	24.404
41	96	24.404
41	97	24.404
41	98	24.404
41	99	24.404
41	100	24.404
41	101	24.404
41	102	24.404
41	103	24.404
41	104	24.404
41	105	24.404
41	106	24.404
41	107	24.404
41	108	24.404
41	109	24.404
41	110	24.404
41	111	24.404
41	112	24.404
41	113	24.404
41	114	24.404
41	115	24.404
41	116	24.404
41	117	24.404
42	43	24.404
42	44	24.404
42	45	24.404
42	46	24.404
42	47	24.404
42	48	24.404
42	49	24.404
42	50	24.404
42	51	24.404
42	52	24.404
42	53	24.404
42	54	24.404
42	55	24.404
42	56	24.404
42	57	24.404
42	58	24.404
42	59	24.404
42	60	24.404
42	61	24.404
42	62	24.404
42	63	24.404
42	64	24.404
42	65	24.404
42	66	24.404
42	67	24.404
42	68	24.404
42	69	24.404
42	70	24.404
42	71	24.404
42	72	24.404
42	73	24.404
42	74	24.404
42	75	24.404
42	76	24.404
42	77	24.404
42	78	24.404
42	79	24.404
42	80	24.404
42	81	24.404
42	82	24.404
42	83	24.404
42	84	24.404
42	85	24.404
42	86	24.404
42	87	24.404
42	88	24.404
42	89	24.404
42	90	24.404
42	91	24.404
42	92	24.404
42	93	24.404
42	94	24.404
42	95	24.404
42	96	24.404
42	97	24.404
42	98	24.404
42	99	24.404
42	100	24.404
42	101	24.404
42	102	24.404
42	103	24.404
42	104	24.404
42	105	24.404
42	106	24.404
42	107	24.404
42	108	24.404
42	109	24.404
42	110	24.404
42	111	24.404
42	112	24.404
42	113	24.404
42	114	24.404
42	115	24.404
42	116	24.404
42	117	24.404
43	44	24.404
43	45	24.404
43	46	24.404
43	47	49.318
43	48	49.318
43	49	33.995
43	50	33.836
43	51	33.836
43	52	33.836
43	53	33.836
43	54	33.836
43	55	33.836
43	56	33.836
43	57	33.836
43	58	33.836
43	59	33.836
43	60	33.836
43	61	29.549
43	62	29.549
43	63	29.549
43	64	29.549
43	65	29.549
43	66	29.549
43	67	29.549
43	68	29.549
43	69	29.549
43	70	29.549
43	71	29.549
43	72	29.549
43	73	29.549
43	74	29.549
43	75	29.549
43	76	29.549
43	77	29.549
43	78	29.549
43	79	29.549
43	80	29.549
43	81	35.659
43	82	33.829
43	83	33.829
43	84	33.829
43	85	33.829
43	86	33.829
43	87	33.829
43	88	33.829
43	89	36.128
43	90	36.128
43	91	36.128
43	92	36.128
43	93	36.128
43	94	36.128
43	95	36.128
43	96	36.128
43	97	30.67
43	98	30.67
43	99	42.204
43	100	42.204
43	101	42.204
43	102	42.204
43	103	42.204
43	104	42.204
43	105	42.204
43	106	42.204
43	107	42.204
43	108	42.204
43	109	42.204
43	110	42.204
43	111	42.204
43	112	42.204
43	113	42.204
43	114	42.204
43	115	42.204
43	116	42.204
43	117	42.204
44	45	1.305e+05
44	46	1.305e+05
44	47	577.9
44	48	149.36
44	49	41.72
44	50	20.752
44	51	70.632
44	52	40.455
44	53	80.957
44	54	58.297
44	55	50.349
44	56	42.433
44	57	56.345
44	58	18.961
44	59	36.784
44	60	120.86
44	61	72.331
44	62	72.331
44	63	22.601
44	64	56.384
44	65	56.384
44	66	30.125
44	67	85.137
44	68	34.19
44	69	25.34
44	70	28.638
44	71	66.229
44	72	94.352
44	73	96.126
44	74	96.126
44	75	96.126
44	76	58.149
44	77	80.95
44	78	21.99
44	79	21.327
44	80	56.735
44	81	21.738
44	82	20.634
44	83	23.662
44	84	68.293
44	85	68.293
44	86	25.04
44	87	25.04
44	88	26.537
44	89	44.339
44	90	44.339
44	91	44.339
44	92	30.406
44	93	28.975
44	94	22.118
44	95	20.396
44	96	38.294
44	97	18.8
44	98	18.8
44	99	52.08
44	100	98.25
44	101	98.25
44	102	50.731
44	103	64.522
44	104	60.147
44	105	60.147
44	106	60.147
44	107	58.113
44	108	58.113
44	109	58.113
44	110	58.113
44	111	58.113
44	112	58.113
44	113	58.113
44	114	58.113
44	115	58.113
44	116	58.113
44	117	58.113
45	46	58.113
45	47	58.113
45	48	58.113
45	49	58.113
45	50	58.113
45	51	58.113
45	52	58.113
45	53	58.113
45	54	58.113
45	55	58.113
45	56	58.113
45	57	58.113
45	58	58.113
45	59	58.113
45	60	58.113
45	61	58.113
45	62	58.113
45	63	58.113
45	64	58.113
45	65	58.113
45	66	58.113
45	67	58.113
45	68	58.113
45	69	58.113
45	70	58.113
45	71	58.113
45	72	58.113
45	73	58.113
45	74	58.113
45	75	58.113
45	76	58.113
45	77	58.113
45	78	58.113
45	79	58.113
45	80	58.113
45	81	58.113
45	82	58.113
45	83	58.113
45	84	58.113
45	85	58.113
45	86	58.113
45	87	58.113
45	88	58.113
45	89	58.113
45	90	58.113
45	91	58.113
45	92	58.113
45	93	58.113
45	94	58.113
45	95	58.113
45	96	58.113
45	97	58.113
45	98	58.113
45	99	58.113
45	100	58.113
45	101	58.113
45	102	58.113
45	103	58.113
45	104	58.113
45	105	58.113
45	106	58.113
45	107	58.113
45	108	58.113
45	109	58.113
45	110	58.113
45	111	58.113
45	112	58.113
45	113	58.113
45	114	58.113
45	115	58.113
45	116	58.113
45	117	58.113
46	47	58.113
46	48	58.113
46	49	58.113
46	50	58.113
46	51	58.113
46	52	58.113
46	53	58.113
46	54	58.113
46	55	58.113
46	56	58.113
46	57	58.113
46	58	58.113
46	59	58.113
46	60	58.113
46	61	58.113
46	62	58.113
46	63	58.113
46	64	58.113
46	65	58.113
46	66	58.113
46	67	58.113
46	68	58.113
46	69	58.113
46	70	58.113
46	71	58.113
46	72	58.113
46	73	58.113
46	74	58.113
46	75	58.113
46	76	58.113
46	77	58.113
46	78	58.113
46	79	58.113
46	80	58.113
46	81	58.113
46	82	58.113
46	83	58.113
46	84	58.113
46	85	58.113
46	86	58.113
46	87	58.113
46	88	58.113
46	89	58.113
46	90	58.113
46	91	58.113
46	92	58.113
46	93	58.113
46	94	58.113
46	95	58.113
46	96	58.113
46	97	58.113
46	98	58.113
46	99	58.113
46	100	58.113
46	101	58.113
46	102	58.113
46	103	58.113
46	104	58.113
46	105	58.113
46	106	58.113
46	107	58.113
46	108	58.113
46	109	58.113
46	110	58.113
46	111	58.113
46	112	58.113
46	113	58.113
46	114	58.113
46	115	58.113
46	116	58.113
46	117	58.113
47	48	111
47	49	54.923
47	50	25.914
47	51	28.548
47	52	18.436
47	53	20.5
47	54	12.475
47	55	22.878
47	56	23.639
47	57	10.788
47	58	16.014
47	59	4.9765
47	60	4.8918
47	61	6.7193
47	62	22.561
47	63	12.946
47	64	11.392
47	65	11.687
47	66	8.0987
47	67	2.8633
47	68	4.6008
47	69	11.097
47	70	15.422
47	71	16.691
47	72	9.5218
47	73	7.5378
47	74	15.255
47	75	10.784
47	76	4.8893
47	77	13.627
47	78	11.869
47	79	8.6313
47	80	8.3112
47	81	6.6084
47	82	5.5767
47	83	11.159
47	84	11.523
47	85	6.2689
47	86	10.116
47	87	8.5814
47	88	17.829
47	89	8.97
47	90	9.6386
47	91	9.0872
47	92	8.1773
47	93	15.585
47	94	5.2149
47	95	10.316
47	96	3.2293
47	97	5.7114
47	98	8.5167
47	99	11.396
47	100	9.9105
47	101	7.7128
47	102	13.67
47	103	6.5057
47	104	8.0935
47	105	9.8392
47	106	3.3448
47	107	9.7007
47	108	6.8234
47	109	6.5249
47	110	3.9335
47	111	3.5592
47	112	3.7073
47	113	2.3635
47	114	3.3195
47	115	4.6659
47	116	4.6659
47	117	13.994
48	49	97.471
48	50	40.943
48	51	35.664
48	52	23.138
48	53	24.396
48	54	17.766
48	55	19.305
48	56	17.628
48	57	11.315
48	58	9.8473
48	59	7.6535
48	60	8.531
48	61	7.1387
48	62	11.406
48	63	8.4368
48	64	11.695
48	65	8.0339
48	66	13.728
48	67	13.527
48	68	7.0887
48	69	12.091
48	70	7.7201
48	71	6.864
48	72	5.2182
48	73	6.6378
48	74	7.4155
48	75	4.6486
48	76	6.6297
48	77	7.8316
48	78	13.245
48	79	12.397
48	80	11.01
48	81	4.9777
48	82	10.734
48	83	8.3463
48	84	6.6195
48	85	3.8575
48	86	11.419
48	87	10.561
48	88	11.534
48	89	5.984
48	90	4.451
48	91	3.3623
48	92	9.4525
48	93	9.004
48	94	4.5867
48	95	4.6523
48	96	9.1388
48	97	11.325
48	98	7.8617
48	99	9.1799
48	100	10.182
48	101	3.323
48	102	4.2084
48	103	4.6784
48	104	3.1184
48	105	4.0471
48	106	2.0663
48	107	2.4
48	108	5.2747
48	109	1.0071
48	110	5.4488
48	111	5.4488
48	112	3.4394
48	113	1.4617
48	114	2.0507
48	115	1.4439
48	116	1.234
48	117	1.234
49	50	109.8
49	51	55.684
49	52	38.121
49	53	35.268
49	54	26.623
49	55	22.71
49	56	17.728
49	57	13.077
49	58	13.199
49	59	9.4173
49	60	11.208
49	61	6.7193
49	62	16.06
49	63	10.462
49	64	16.324
49	65	9.4465
49	66	9.7473
49	67	12.47
49	68	12.655
49	69	4.6954
49	70	7.2935
49	71	4.5967
49	72	8.7399
49	73	6.6662
49	74	4.4152
49	75	6.6743
49	76	8.0721
49	77	8.7398
49	78	6.1234
49	79	6.9258
49	80	9.2293
49	81	9.6239
49	82	6.7266
49	83	13.161
49	84	11.624
49	85	7.6586
49	86	10.422
49	87	5.4049
49	88	6.737
49	89	5.6587
49	90	9.3896
49	91	8.134
49	92	9.8411
49	93	6.6954
49	94	7.6822
49	95	7.5512
49	96	7.1002
49	97	6.5465
49	98	9.7478
49	99	9.6444
49	100	8.3301
49	101	6.3622
49	102	8.2209
49	103	3.728
49	104	4.179
49	105	2.257
49	106	4.6058
49	107	1.3363
49	108	1.1753
49	109	3.3679
49	110	1.3509
49	111	0.81613
49	112	2.5559
49	113	4.8877
49	114	4.8877
49	115	1.609
49	116	1.609
49	117	9.6654
50	51	155.46
50	52	59.583
50	53	36.997
50	54	23.354
50	55	17.369
50	56	19.606
50	57	11.71
50	58	10.505
50	59	8.9562
50	60	8.921
50	61	4.5988
50	62	15.425
50	63	6.2412
50	64	11.045
50	65	8.4582
50	66	15.231
50	67	7.8321
50	68	5.5053
50	69	4.6708
50	70	9.2353
50	71	8.3849
50	72	10.147
50	73	8.1024
50	74	3.8425
50	75	5.9025
50	76	8.6982
50	77	4.965
50	78	10.159
50	79	8.8632
50	80	13.126
50	81	7.0736
50	82	7.1859
50	83	9.2779
50	84	7.8899
50	85	8.5715
50	86	9.2081
50	87	5.3756
50	88	7.3031
50	89	9.2198
50	90	7.6935
50	91	6.2275
50	92	11.181
50	93	9.3178
50	94	7.6422
50	95	5.1592
50	96	6.1802
50	97	6.0827
50	98	5.3297
50	99	3.5972
50	100	6.0232
50	101	5.8027
50	102	5.2557
50	103	2.9653
50	104	4.1594
50	105	3.7401
50	106	3.433
50	107	2.6553
50	108	2.336
50	109	2.336
50	110	2.6856
50	111	2.434
50	112	2.5417
50	113	1.62
50	114	1.62
50	115	3.2
50	116	2.7358
50	117	19.24
51	52	122.48
51	53	71.193
51	54	33.622
51	55	29.486
51	56	21.118
51	57	11.309
51	58	13.894
51	59	9.6841
51	60	10.108
51	61	6.6398
51	62	13.732
51	63	15.31
51	64	13.242
51	65	7.9875
51	66	10.178
51	67	6.6455
51	68	7.1131
51	69	3.9663
51	70	6.7202
51	71	9.4849
51	72	7.3824
51	73	7.4987
51	74	1.8641
51	75	4.178
51	76	12.868
51	77	8.4237
51	78	9.7883
51	79	10.047
51	80	9.4318
51	81	9.1803
51	82	8.16
51	83	12.365
51	84	5.9638
51	85	7.0138
51	86	7.8121
51	87	6.0877
51	88	9.6319
51	89	10.453
51	90	13.071
51	91	9.1652
51	92	9.4781
51	93	7.5242
51	94	8.0792
51	95	5.8399
51	96	4.5019
51	97	6.4057
51	98	7.1302
51	99	7.465
51	100	2.5531
51	101	7.1711
51	102	5.2886
51	103	7.5464
51	104	0.78495
51	105	0.84502
51	106	5.163
51	107	5.163
51	108	3.9498
51	109	2.5183
51	110	2.2784
51	111	1.8333
51	112	1.4323
51	113	5.4785
51	114	3.8478
51	115	3.8478
51	116	1.5427
51	117	1.5427
52	53	179.66
52	54	46.582
52	55	31.557
52	56	23.495
52	57	13.557
52	58	15.386
52	59	13.837
52	60	13.609
52	61	13.105
52	62	12.367
52	63	8.6051
52	64	12.681
52	65	8.2553
52	66	8.7535
52	67	11.434
52	68	6.1136
52	69	4.5537
52	70	5.7911
52	71	2.2298
52	72	7.0737
52	73	2.1506
52	74	5.8822
52	75	7.9211
52	76	4.5618
52	77	5.4275
52	78	10.935
52	79	15.896
52	80	9.0006
52	81	17.469
52	82	10.394
52	83	13.335
52	84	9.7841
52	85	8.8296
52	86	10.062
52	87	9.5268
52	88	5.9044
52	89	4.0152
52	90	3.2188
52	91	5.4765
52	92	8.141
52	93	3.8767
52	94	8.4526
52	95	5.0108
52	96	11.632
52	97	8.936
52	98	8.9523
52	99	5.8412
52	100	5.1174
52	101	1.5447
52	102	2.8434
52	103	3.6048
52	104	1.3549
52	105	4.3571
52	106	1.1079
52	107	2.5651
52	108	1.13
52	109	1.13
52	110	0.65179
52	111	3.1505
52	112	3.692
52	113	3.138
52	114	3.138
52	115	1.5483
52	116	1.5483
52	117	1.5483
53	54	90.813
53	55	51.374
53	56	24.896
53	57	20.745
53	58	18.8
53	59	11.685
53	60	14.151
53	61	13.075
53	62	14.518
53	63	14.2
53	64	10.145
53	65	5.0443
53	66	13.498
53	67	8.9099
53	68	9.1958
53	69	6.8353
53	70	6.4369
53	71	7.4385
53	72	7.7822
53	73	5.7462
53	74	3.7477
53	75	5.0409
53	76	5.2205
53	77	10.281
53	78	5.4588
53	79	7.6957
53	80	13.683
53	81	10.403
53	82	7.9793
53	83	12.258
53	84	6.6815
53	85	9.7592
53	86	10.093
53	87	10.488
53	88	7.7059
53	89	5.5072
53	90	6.9733
53	91	7.2981
53	92	10.212
53	93	5.1867
53	94	4.9725
53	95	7.7671
53	96	7.3236
53	97	9.7653
53	98	6.6115
53	99	5.2634
53	100	2.2006
53	101	5.1484
53	102	5.1257
53	103	5.059
53	104	3.3851
53	105	2.9149
53	106	1.1139
53	107	1.2914
53	108	3.4101
53	109	1.0861
53	110	0.654
53	111	1.5809
53	112	1.237
53	113	3.1542
53	114	1.1069
53	115	3.1143
53	116	2.6639
53	117	2.6639
54	55	110.75
54	56	39.954
54	57	26.41
54	58	21.736
54	59	16.775
54	60	15.675
54	61	17.624
54	62	13.424
54	63	9.7514
54	64	10.353
54	65	9.2464
54	66	11.038
54	67	10.405
54	68	9.589
54	69	8.2094
54	70	6.8034
54	71	4.2895
54	72	7.4762
54	73	3.4541
54	74	3.0878
54	75	6.9159
54	76	3.1372
54	77	8.1477
54	78	7.1399
54	79	15.226
54	80	9.4258
54	81	9.9369
54	82	6.2811
54	83	14.323
54	84	7.8857
54	85	8.9257
54	86	8.6347
54	87	10.077
54	88	3.996
54	89	6.7193
54	90	3.0906
54	91	3.5035
54	92	11.799
54	93	7.4911
54	94	8.5958
54	95	6.1548
54	96	8.6873
54	97	9.3619
54	98	9.0835
54	99	6.1831
54	100	9.1816
54	101	2.9662
54	102	4.3799
54	103	4.8671
54	104	3.2498
54	105	4.9127
54	106	1.0746
54	107	1.2474
54	108	1.2474
54	109	1.2474
54	110	2.5183
54	111	3.0451
54	112	3.0451
54	113	3.0451
54	114	5.3361
54	115	1.5033
54	116	1.5033
54	117	9.0334
55	56	91.198
55	57	39.365
55	58	25.963
55	59	20.034
55	60	14.161
55	61	20.196
55	62	27.993
55	63	15.128
55	64	14.133
55	65	12.511
55	66	10.054
55	67	10.268
55	68	6.6644
55	69	8.4749
55	70	11.958
55	71	8.2824
55	72	4.3739
55	73	8.9104
55	74	8.6362
55	75	9.8112
55	76	5.6629
55	77	15.041
55	78	7.9717
55	79	11.893
55	80	10.041
55	81	11.506
55	82	10.928
55	83	15.158
55	84	10.794
55	85	12.099
55	86	11.168
55	87	9.4664
55	88	8.8596
55	89	4.9417
55	90	5.9786
55	91	6.7609
55	92	11.849
55	93	15.324
55	94	13.556
55	95	9.114
55	96	6.4112
55	97	8.9174
55	98	6.4641
55	99	6.5278
55	100	7.2929
55	101	4.4657
55	102	5.6561
55	103	4.4871
55	104	3.3452
55	105	3.6202
55	106	4.1543
55	107	4.8212
55	108	4.2382
55	109	5.4035
55	110	1.6288
55	111	5.893
55	112	7.6699
55	113	1.9562
55	114	1.3737
55	115	3.8612
55	116	3.3045
55	117	3.3045
56	57	73.177
56	58	41.632
56	59	24.412
56	60	27.94
56	61	26.502
56	62	27.607
56	63	18.088
56	64	22.587
56	65	11.532
56	66	14.161
56	67	17.355
56	68	9.6503
56	69	7.7617
56	70	9.4434
56	71	8.5742
56	72	4.4462
56	73	5.2732
56	74	6.1748
56	75	10.563
56	76	9.5793
56	77	12.693
56	78	8.3102
56	79	12.083
56	80	12.973
56	81	8.2602
56	82	8.3228
56	83	11.161
56	84	12.369
56	85	7.7914
56	86	11.186
56	87	6.9966
56	88	10.584
56	89	6.808
56	90	7.8675
56	91	10.826
56	92	12.864
56	93	12.253
56	94	8.337
56	95	8.1561
56	96	10.835
56	97	9.7736
56	98	7.4344
56	99	7.9706
56	100	5.3896
56	101	5.3943
56	102	8.9584
56	103	3.7912
56	104	4.2529
56	105	1.5299
56	106	5.8515
56	107	2.7157
56	108	2.389
56	109	3.4231
56	110	3.4231
56	111	3.4231
56	112	2.5978
56	113	1.6561
56	114	2.3242
56	115	2.3242
56	116	1.3985
56	117	1.3985
57	58	108.19
57	59	73.194
57	60	68.665
57	61	59.36
57	62	31.932
57	63	17.915
57	64	9.4143
57	65	10.636
57	66	8.1617
57	67	9.4674
57	68	5.7066
57	69	12.166
57	70	8.963
57	71	4.8357
57	72	7.222
57	73	4.675
57	74	2.9845
57	75	6.6819
57	76	6.0645
57	77	5.0653
57	78	6.8949
57	79	16.038
57	80	13.058
57	81	12.763
57	82	12.971
57	83	8.3986
57	84	9.0409
57	85	11.211
57	86	9.3972
57	87	8.8541
57	88	4.4188
57	89	1.8531
57	90	1.9906
57	91	4.5118
57	92	7.6094
57	93	10.266
57	94	8.3058
57	95	10.634
57	96	4.7969
57	97	4.7159
57	98	10.543
57	99	3.26
57	100	4.7822
57	101	2.8659
57	102	2.1171
57	103	2.1171
57	104	0.62772
57	105	0.67882
57	106	3.1193
57	107	2.415
57	108	2.415
57	109	1.0136
57	110	0.60911
57	111	2.9452
57	112	2.9452
57	113	2.9452
57	114	2.9452
57	115	2.9452
57	116	1.2424
57	117	1.2424
58	59	97.969
58	60	58.099
58	61	49.233
58	62	40.289
58	63	20.941
58	64	17.222
58	65	9.4484
58	66	15.84
58	67	11.348
58	68	8.6383
58	69	8.008
58	70	6.031
58	71	11.85
58	72	3.975
58	73	3.37
58	74	6.5273
58	75	3.3723
58	76	3.6725
58	77	6.2494
58	78	7.4221
58	79	14.84
58	80	12.381
58	81	11.495
58	82	15.703
58	83	12.466
58	84	8.6447
58	85	12.188
58	86	5.7975
58	87	11.62
58	88	8.9222
58	89	5.6104
58	90	4.5207
58	91	7.398
58	92	8.3188
58	93	10.971
58	94	8.8502
58	95	7.7304
58	96	6.0531
58	97	5.1566
58	98	6.2091
58	99	6.032
58	100	3.4468
58	101	2.4108
58	102	0.53422
58	103	2.0358
58	104	1.9002
58	105	0.68497
58	106	0.68497
58	107	2.4362
58	108	2.4362
58	109	3.0681
58	110	0.61481
58	111	1.4861
58	112	1.1644
58	113	1.4845
58	114	2.0825
58	115	2.0825
58	116	1.2532
58	117	1.2532
59	60	136.74
59	61	91.896
59	62	41.111
59	63	16.606
59	64	11.547
59	65	11.267
59	66	12.902
59	67	8.1102
59	68	5.5793
59	69	5.1851
59	70	4.6894
59	71	2.7108
59	72	3.8672
59	73	6.539
59	74	5.8469
59	75	5.2451
59	76	4.1595
59	77	4.4005
59	78	2.2603
59	79	7.8841
59	80	11.681
59	81	17.642
59	82	15.42
59	83	9.2233
59	84	7.0221
59	85	9.305
59	86	13.769
59	87	8.2413
59	88	7.5471
59	89	4.5621
59	90	1.9535
59	91	8.8689
59	92	4.9556
59	93	8.8483
59	94	11.317
59	95	4.9831
59	96	7.8415
59	97	10.828
59	98	9.0195
59	99	5.8557
59	100	1.335
59	101	2.3433
59	102	1.0365
59	103	2.6314
59	104	3.0847
59	105	1.3267
59	106	2.028
59	107	1.1758
59	108	1.1758
59	109	1.1758
59	110	1.1758
59	111	0.71941
59	112	0.71941
59	113	2.8734
59	114	2.8734
59	115	2.8734
59	116	2.8734
59	117	2.8734
60	61	143.45
60	62	50.02
60	63	20.6
60	64	15.119
60	65	11.489
60	66	16.121
60	67	15.199
60	68	5.4954
60	69	4.7571
60	70	3.8381
60	71	3.5465
60	72	10.958
60	73	6.0019
60	74	3.1958
60	75	3.4345
60	76	4.6722
60	77	5.7846
60	78	5.3163
60	79	12.027
60	80	12.722
60	81	17.571
60	82	11.114
60	83	7.6169
60	84	12.233
60	85	8.8695
60	86	6.7073
60	87	8.5369
60	88	5.675
60	89	3.5724
60	90	5.1157
60	91	5.0677
60	92	4.8838
60	93	4.6522
60	94	13.638
60	95	7.6567
60	96	6.1673
60	97	10.61
60	98	9.0334
60	99	2.0937
60	100	1.7538
60	101	1.2279
60	102	3.4003
60	103	0.86331
60	104	3.224
60	105	1.7419
60	106	1.7419
60	107	1.7419
60	108	1.7419
60	109	1.7419
60	110	3.1301
60	111	1.8899
60	112	1.8899
60	113	1.8899
60	114	1.3231
60	115	1.3231
60	116	1.3231
60	117	1.3231
61	62	68.701
61	63	29.023
61	64	20.967
61	65	13.519
61	66	15.701
61	67	14.802
61	68	7.5451
61	69	8.1472
61	70	7.4805
61	71	4.6568
61	72	7.5891
61	73	1.9277
61	74	4.787
61	75	3.2176
61	76	2.9183
61	77	4.3291
61	78	6.2038
61	79	11.166
61	80	11.829
61	81	15.441
61	82	18.4
61	83	12.855
61	84	8.7173
61	85	10.796
61	86	9.534
61	87	7.6696
61	88	9.0216
61	89	3.1281
61	90	2.8759
61	91	3.8042
61	92	7.924
61	93	8.706
61	94	8.4424
61	95	10.219
61	96	6.5432
61	97	7.5794
61	98	8.4479
61	99	5.7521
61	100	2.6269
61	101	4.1402
61	102	2.0371
61	103	2.0371
61	104	0.60494
61	105	1.9577
61	106	1.9577
61	107	1.1589
61	108	1.0196
61	109	1.0196
61	110	0.58539
61	111	2.8312
61	112	2.2188
61	113	2.8288
61	114	0.99217
61	115	0.99217
61	116	2.3881
61	117	2.3881
62	63	145.52
62	64	62.005
62	65	26.49
62	66	21.512
62	67	22.531
62	68	15.389
62	69	15.447
62	70	10.62
62	71	21.904
62	72	8.33
62	73	6.7802
62	74	8.8428
62	75	7.6366
62	76	6.9269
62	77	12.864
62	78	12.841
62	79	13.016
62	80	12.067
62	81	6.9407
62	82	6.0379
62	83	17.563
62	84	14.505
62	85	9.313
62	86	11.271
62	87	12.936
62	88	9.8172
62	89	7.6473
62	90	6.9514
62	91	12.163
62	92	12.873
62	93	13.797
62	94	9.9625
62	95	9.7305
62	96	7.1106
62	97	5.9906
62	98	11.161
62	99	8.967
62	100	5.2003
62	101	6.6736
62	102	6.0487
62	103	4.2662
62	104	1.5929
62	105	1.7217
62	106	1.3175
62	107	1.3175
62	108	2.6889
62	109	5.1388
62	110	3.0938
62	111	4.6695
62	112	1.4615
62	113	1.8634
62	114	2.6155
62	115	2.6155
62	116	2.6155
62	117	11.04
63	64	165.15
63	65	43.939
63	66	38.425
63	67	27.694
63	68	17.98
63	69	19.678
63	70	17.915
63	71	13.241
63	72	24.386
63	73	6.4099
63	74	14.331
63	75	12.827
63	76	17.456
63	77	10.82
63	78	15.977
63	79	14.426
63	80	12.814
63	81	11.421
63	82	6.1985
63	83	9.4759
63	84	10.839
63	85	12.425
63	86	10.667
63	87	11.166
63	88	9.958
63	89	9.4347
63	90	6.5671
63	91	6.7532
63	92	11.419
63	93	6.5281
63	94	8.3065
63	95	8.1905
63	96	7.1998
63	97	7.5385
63	98	7.9212
63	99	9.1283
63	100	8.2
63	101	6.3053
63	102	6.3554
63	103	5.6486
63	104	2.2556
63	105	2.4427
63	106	3.7407
63	107	2.8954
63	108	2.8954
63	109	4.8638
63	110	4.393
63	111	0.88359
63	112	4.1466
63	113	5.2864
63	114	1.2369
63	115	1.2369
63	116	1.2369
63	117	1.2369
64	65	89.214
64	66	59.092
64	67	35.375
64	68	22.366
64	69	18.99
64	70	16.974
64	71	21.655
64	72	16.668
64	73	9.978
64	74	14.135
64	75	9.997
64	76	13.591
64	77	18.507
64	78	18.577
64	79	17.346
64	80	10.083
64	81	6.1386
64	82	5.1788
64	83	14.783
64	84	12.826
64	85	10.978
64	86	15.616
64	87	10.604
64	88	16.513
64	89	6.2414
64	90	8.1908
64	91	11.798
64	92	11.357
64	93	10.825
64	94	5.526
64	95	8.919
64	96	7.7845
64	97	4.71
64	98	12.496
64	99	12.187
64	100	20.39
64	101	8.5804
64	102	7.1251
64	103	2.0092
64	104	4.6901
64	105	6.0736
64	106	7.7357
64	107	3.5888
64	108	6.3123
64	109	3.0184
64	110	3.642
64	111	2.1971
64	112	3.4273
64	113	3.4273
64	114	6.1411
64	115	6.1411
64	116	3.6932
64	117	3.6932
65	66	163.86
65	67	62.162
65	68	35.524
65	69	24.065
65	70	18.119
65	71	20.189
65	72	11.371
65	73	13.741
65	74	12.93
65	75	14.476
65	76	13.792
65	77	9.7522
65	78	5.9749
65	79	10.618
65	80	10.72
65	81	8.8794
65	82	12.17
65	83	10.167
65	84	4.1238
65	85	8.4105
65	86	13.01
65	87	9.1137
65	88	8.9767
65	89	9.0319
65	90	5.9295
65	91	7.9389
65	92	10.296
65	93	10.465
65	94	7.5
65	95	9.6823
65	96	6.0651
65	97	8.9418
65	98	14.284
65	99	10.593
65	100	8.8733
65	101	6.2097
65	102	6.8796
65	103	5.8258
65	104	3.3979
65	105	6.6116
65	106	1.1246
65	107	5.2231
65	108	1.148
65	109	4.3858
65	110	5.9375
65	111	1.5942
65	112	1.5942
65	113	4.771
65	114	3.3478
65	115	3.3478
65	116	2.6859
65	117	2.6859
66	67	167.86
66	68	81.789
66	69	38.811
66	70	29.513
66	71	14.271
66	72	27.144
66	73	18.084
66	74	14.283
66	75	22.379
66	76	19.315
66	77	12.572
66	78	9.5264
66	79	20.616
66	80	13.273
66	81	7.9576
66	82	6.8739
66	83	14.961
66	84	7.59
66	85	9.6445
66	86	14.174
66	87	12.022
66	88	18.515
66	89	8.1209
66	90	7.1438
66	91	10.763
66	92	10.095
66	93	22.143
66	94	5.1559
66	95	6.1296
66	96	10.861
66	97	3.1361
66	98	7.7264
66	99	17.325
66	100	6.5233
66	101	9.9116
66	102	5.9119
66	103	10.713
66	104	5.9906
66	105	12.949
66	106	3.2977
66	107	1.912
66	108	3.3618
66	109	3.2178
66	110	4.8615
66	111	2.3428
66	112	5.4704
66	113	9.3019
66	114	1.6349
66	115	2.2934
66	116	2.2934
66	117	2.2934
67	68	137.09
67	69	59.655
67	70	36.806
67	71	24.852
67	72	23.63
67	73	15.045
67	74	9.7244
67	75	14.067
67	76	16.392
67	77	15.235
67	78	12.438
67	79	17.426
67	80	11.321
67	81	10.239
67	82	8.43
67	83	11.88
67	84	11.45
67	85	11.039
67	86	14.146
67	87	8.6654
67	88	13.299
67	89	7.6582
67	90	5.9868
67	91	8.4598
67	92	13.325
67	93	11.799
67	94	6.944
67	95	9.6263
67	96	10.84
67	97	6.5052
67	98	15.889
67	99	9.8013
67	100	12.301
67	101	11.501
67	102	6.3697
67	103	7.0709
67	104	4.7084
67	105	5.0876
67	106	5.0876
67	107	1.8037
67	108	1.5858
67	109	1.5858
67	110	4.5821
67	111	4.4184
67	112	1.7203
67	113	8.7764
67	114	1.542
67	115	4.3276
67	116	3.7091
67	117	3.7091
68	69	181.1
68	70	96.196
68	71	53.559
68	72	23.684
68	73	21.744
68	74	18.016
68	75	24.206
68	76	21.93
68	77	31.586
68	78	14.147
68	79	19.38
68	80	10.769
68	81	9.8455
68	82	7.0193
68	83	12.522
68	84	11.206
68	85	15.654
68	86	11.368
68	87	12.049
68	88	14.029
68	89	9.2225
68	90	11.719
68	91	9.1689
68	92	19.465
68	93	12.026
68	94	5.86
68	95	9.2891
68	96	9.4397
68	97	2.1377
68	98	7.9852
68	99	10.821
68	100	12.327
68	101	11.257
68	102	11.508
68	103	3.6496
68	104	14.732
68	105	7.3429
68	106	7.4724
68	107	8.6652
68	108	9.5212
68	109	3.6454
68	110	3.3097
68	111	2.658
68	112	6.1799
68	113	2.6286
68	114	1.8493
68	115	15.536
68	116	4.4484
68	117	4.4484
69	70	220.09
69	71	60.264
69	72	43.197
69	73	27.82
69	74	21.409
69	75	18.876
69	76	18.742
69	77	21.193
69	78	17.312
69	79	14.99
69	80	10.658
69	81	3.6724
69	82	9.2973
69	83	13.288
69	84	5.7629
69	85	8.7095
69	86	4.9174
69	87	8.9397
69	88	15.602
69	89	6.8541
69	90	8.7029
69	91	12.877
69	92	7.6642
69	93	8.1172
69	94	4.9682
69	95	5.7323
69	96	6.4607
69	97	6.3483
69	98	6.5078
69	99	11.69
69	100	17.427
69	101	10.928
69	102	11.392
69	103	10.843
69	104	12.646
69	105	13.662
69	106	4.1781
69	107	6.4624
69	108	5.6826
69	109	10.867
69	110	1.6385
69	111	4.942
69	112	1.5425
69	113	9.8346
69	114	5.5261
69	115	3.8817
69	116	4.9857
69	117	4.9857
70	71	154.85
70	72	63.673
70	73	33.42
70	74	23.41
70	75	27.402
70	76	28.507
70	77	20.493
70	78	15.367
70	79	10.837
70	80	5.4205
70	81	4.1519
70	82	4.5988
70	83	12.006
70	84	6.5106
70	85	5.9016
70	86	7.1351
70	87	12.784
70	88	8.3821
70	89	5.6318
70	90	9.8271
70	91	6.8421
70	92	8.6433
70	93	10.988
70	94	9.1174
70	95	9.0587
70	96	7.2974
70	97	8.9673
70	98	9.3508
70	99	10.721
70	100	16.551
70	101	11.615
70	102	11.253
70	103	11.216
70	104	5.7116
70	105	7.1892
70	106	7.8446
70	107	7.8446
70	108	6.4001
70	109	7.6536
70	110	7.3948
70	111	7.8028
70	112	6.9456
70	113	8.8592
70	114	7.7824
70	115	6.5527
70	116	7.4879
70	117	13.135
71	72	197.29
71	73	63.063
71	74	36.606
71	75	33.981
71	76	43.487
71	77	17.729
71	78	17.745
71	79	6.2611
71	80	6.2662
71	81	3.197
71	82	9.1091
71	83	8.6642
71	84	6.6863
71	85	6.8187
71	86	6.4042
71	87	5.4402
71	88	15.472
71	89	12.198
71	90	18.33
71	91	17.759
71	92	9.9565
71	93	12.669
71	94	4.0505
71	95	8.2224
71	96	8.4332
71	97	4.1454
71	98	3.857
71	99	15.226
71	100	21.445
71	101	5.8694
71	102	18.551
71	103	12.93
71	104	19.762
71	105	16.555
71	106	14.427
71	107	2.0883
71	108	16.536
71	109	10.559
71	110	12.79
71	111	6.4188
71	112	9.9579
71	113	7.6216
71	114	7.1506
71	115	12.514
71	116	6.4485
71	117	6.4485
72	73	135.5
72	74	59.654
72	75	41.223
72	76	51.441
72	77	20.594
72	78	13.809
72	79	14.883
72	80	7.2817
72	81	6.0876
72	82	7.9468
72	83	5.7677
72	84	11.127
72	85	11.523
72	86	10.435
72	87	11.818
72	88	11.949
72	89	13.149
72	90	10.789
72	91	6.5711
72	92	16.832
72	93	11.042
72	94	5.3916
72	95	2.1304
72	96	4.0079
72	97	3.2849
72	98	10.998
72	99	16.288
72	100	10.196
72	101	7.1737
72	102	7.0539
72	103	14.533
72	104	13.579
72	105	11.247
72	106	6.8617
72	107	1.9875
72	108	3.4973
72	109	8.3693
72	110	7.0916
72	111	6.1046
72	112	5.6857
72	113	7.2537
72	114	6.8037
72	115	4.765
72	116	2.0455
72	117	2.0455
73	74	170.48
73	75	104.29
73	76	48.278
73	77	36.285
73	78	17.154
73	79	9.0764
73	80	8.0701
73	81	6.1629
73	82	5.8551
73	83	10.89
73	84	6.461
73	85	6.5949
73	86	3.5463
73	87	6.0175
73	88	15.936
73	89	15.712
73	90	9.288
73	91	12.405
73	92	18.249
73	93	11.262
73	94	3.1341
73	95	5.793
73	96	8.1551
73	97	5.3391
73	98	2.9876
73	99	11.978
73	100	20.812
73	101	16.221
73	102	12.575
73	103	6.8361
73	104	4.2492
73	105	11.475
73	106	3.5063
73	107	8.1305
73	108	8.9363
73	109	11.975
73	110	4.1354
73	111	4.9825
73	112	7.7573
73	113	7.4192
73	114	12.17
73	115	4.878
73	116	4.181
73	117	29.273
74	75	183.4
74	76	65.131
74	77	29.889
74	78	19.763
74	79	12.402
74	80	8.5178
74	81	5.1726
74	82	8.1871
74	83	3.7483
74	84	7.8257
74	85	3.8221
74	86	7.9306
74	87	7.2858
74	88	11.185
74	89	8.2001
74	90	13.219
74	91	12.108
74	92	14.411
74	93	6.8712
74	94	7.5936
74	95	2.1573
74	96	9.6211
74	97	8.9532
74	98	5.5665
74	99	12.367
74	100	7.7602
74	101	7.8581
74	102	10.044
74	103	9.3481
74	104	8.7179
74	105	3.425
74	106	7.8536
74	107	1.5187
74	108	2.6706
74	109	2.5535
74	110	6.9337
74	111	5.5762
74	112	2.8963
74	113	11.083
74	114	2.5956
74	115	5.4659
74	116	7.8059
74	117	7.8059
75	76	149.28
75	77	40.145
75	78	23.446
75	79	18.942
75	80	12.124
75	81	6.1972
75	82	11.027
75	83	8.3961
75	84	6.4741
75	85	5.8676
75	86	9.7578
75	87	7.5276
75	88	5.6282
75	89	13.39
75	90	13.533
75	91	10.531
75	92	11.832
75	93	14.352
75	94	11.769
75	95	9.4071
75	96	7.4811
75	97	6.0177
75	98	5.2297
75	99	14.768
75	100	13.904
75	101	9.7463
75	102	8.0942
75	103	4.5658
75	104	8.5254
75	105	5.7529
75	106	5.2771
75	107	2.0406
75	108	7.1787
75	109	8.5792
75	110	6.2077
75	111	8.7392
75	112	5.8477
75	113	7.4571
75	114	12.22
75	115	9.8117
75	116	4.1999
75	117	4.1999
76	77	154.26
76	78	48.87
76	79	17.174
76	80	10.385
76	81	4.2032
76	82	5.9884
76	83	6.848
76	84	8.8031
76	85	13.973
76	86	8.0475
76	87	14.34
76	88	18.719
76	89	8.5645
76	90	15.336
76	91	17.338
76	92	16.565
76	93	15.797
76	94	9.961
76	95	9.8579
76	96	3.7028
76	97	5.4567
76	98	8.1372
76	99	14.223
76	100	13.643
76	101	11.048
76	102	18.757
76	103	14.481
76	104	14.473
76	105	7.2916
76	106	15.91
76	107	7.3777
76	108	12.976
76	109	4.6572
76	110	5.6297
76	111	3.392
76	112	8.7976
76	113	13.466
76	114	13.466
76	115	6.638
76	116	7.5894
76	117	13.292
77	78	162.94
77	79	55.447
77	80	23.222
77	81	11.006
77	82	9.8451
77	83	12.713
77	84	10.886
77	85	12.356
77	86	19.463
77	87	14.587
77	88	21.386
77	89	12.574
77	90	14.238
77	91	13.685
77	92	20.834
77	93	12.102
77	94	4.6267
77	95	6.7236
77	96	9.1693
77	97	10.121
77	98	12.613
77	99	23.32
77	100	13.654
77	101	13.674
77	102	9.0914
77	103	8.6557
77	104	13.432
77	105	13.559
77	106	7.4
77	107	3.4357
77	108	3.0196
77	109	1.4437
77	110	4.361
77	111	3.1544
77	112	6.5362
77	113	8.3392
77	114	1.4657
77	115	4.1104
77	116	7.0515
77	117	7.0515
78	79	113.21
78	80	33.389
78	81	10.17
78	82	14.214
78	83	22.544
78	84	20.064
78	85	15.137
78	86	10.36
78	87	15.532
78	88	20.618
78	89	11.396
78	90	19.209
78	91	13.186
78	92	16.264
78	93	9.1568
78	94	5.9373
78	95	7.4535
78	96	11.695
78	97	10.129
78	98	12.318
78	99	14.601
78	100	17.522
78	101	12.293
78	102	11.132
78	103	7.8466
78	104	11.743
78	105	8.702
78	106	4.8375
78	107	4.8375
78	108	6.1688
78	109	7.0762
78	110	4.2642
78	111	6.0081
78	112	4.0245
78	113	3.4207
78	114	6.0042
78	115	1.6882
78	116	1.4449
78	117	1.4449
79	80	115.96
79	81	33.715
79	82	28.037
79	83	40.351
79	84	25.931
79	85	20.054
79	86	15.96
79	87	13.552
79	88	13.126
79	89	5.7861
79	90	11.852
79	91	10.87
79	92	10.764
79	93	13.669
79	94	13.082
79	95	12.046
79	96	12.243
79	97	12.049
79	98	13.439
79	99	9.236
79	100	8.5045
79	101	10.294
79	102	4.7984
79	103	5.3299
79	104	1.4237
79	105	3.8396
79	106	3.5239
79	107	3.5239
79	108	1.1987
79	109	3.4363
79	110	1.3793
79	111	0.83308
79	112	5.2155
79	113	3.3246
79	114	3.5002
79	115	1.6415
79	116	2.8072
79	117	2.8072
80	81	83.572
80	82	73.522
80	83	84.208
80	84	40.335
80	85	26.51
80	86	19.957
80	87	16.948
80	88	11.665
80	89	11.225
80	90	10.535
80	91	11.376
80	92	9.5693
80	93	12.15
80	94	14.882
80	95	11.978
80	96	11.682
80	97	11.502
80	98	12.82
80	99	8.2093
80	100	8.9356
80	101	5.2961
80	102	3.731
80	103	2.7072
80	104	3.1657
80	105	2.0492
80	106	2.0492
80	107	1.2132
80	108	1.2132
80	109	3.0574
80	110	2.4505
80	111	0.74084
80	112	3.4844
80	113	2.9612
80	114	1.0384
80	115	1.0384
80	116	2.5
80	117	2.5
81	82	140.89
81	83	75.791
81	84	32.726
81	85	26.993
81	86	17.403
81	87	26.115
81	88	13.941
81	89	6.49
81	90	4.6172
81	91	8.5165
81	92	11.65
81	93	6.2423
81	94	14.443
81	95	11.247
81	96	14.831
81	97	17.42
81	98	10.629
81	99	3.7676
81	100	1.5693
81	101	6.0931
81	102	1.2223
81	103	1.5489
81	104	1.4584
81	105	2.3385
81	106	2.3755
81	107	2.3755
81	108	1.2113
81	109	1.1585
81	110	1.1585
81	111	1.1585
81	112	1.3191
81	113	1.3191
81	114	3.5452
81	115	3.5452
81	116	2.844
81	117	10.076
82	83	139.44
82	84	42.597
82	85	32.73
82	86	32.509
82	87	20.417
82	88	12.651
82	89	8.2028
82	90	10.407
82	91	8.7036
82	92	9.693
82	93	9.8911
82	94	16.244
82	95	17.19
82	96	13.193
82	97	11.733
82	98	9.6151
82	99	1.1926
82	100	0.74616
82	101	4.7307
82	102	2.902
82	103	3.6799
82	104	0.69202
82	105	1.4826
82	106	1.1311
82	107	2.6189
82	108	2.6189
82	109	1.103
82	110	0.66495
82	111	0.80397
82	112	0.80397
82	113	1.6023
82	114	1.1251
82	115	1.5815
82	116	5.4157
82	117	5.4157
83	84	165.83
83	85	54.763
83	86	43.241
83	87	26.707
83	88	26.32
83	89	12.238
83	90	14.384
83	91	15.575
83	92	25.43
83	93	17.413
83	94	10.439
83	95	12.825
83	96	14.579
83	97	9.3977
83	98	15.45
83	99	11.597
83	100	8.5618
83	101	7.2059
83	102	4.6531
83	103	2.5301
83	104	7.0941
83	105	2.5503
83	106	1.2997
83	107	3.0136
83	108	2.651
83	109	3.803
83	110	1.5286
83	111	0.92245
83	112	1.4413
83	113	3.6755
83	114	2.5811
83	115	9.0693
83	116	9.0693
83	117	10.903
84	85	159.85
84	86	78.88
84	87	43.953
84	88	42.033
84	89	20.795
84	90	18.084
84	91	19.807
84	92	23.744
84	93	21.887
84	94	17.325
84	95	14.402
84	96	9.6856
84	97	6.675
84	98	16.473
84	99	16.437
84	100	9.0772
84	101	5.2076
84	102	5.1234
84	103	4.0642
84	104	6.0827
84	105	4.9182
84	106	5.0137
84	107	5.0137
84	108	3.8373
84	109	2.4446
84	110	2.9443
84	111	1.7784
84	112	6.9552
84	113	1.7737
84	114	4.9797
84	115	1.751
84	116	2.9959
84	117	2.9959
85	86	121.51
85	87	68.541
85	88	32.739
85	89	20.338
85	90	20.211
85	91	18.557
85	92	22.959
85	93	15.906
85	94	22.29
85	95	15.888
85	96	13.609
85	97	12.513
85	98	9.6491
85	99	12.523
85	100	4.4968
85	101	3.671
85	102	4.6483
85	103	5.1652
85	104	4.1315
85	105	2.2333
85	106	2.279
85	107	1.3229
85	108	3.4895
85	109	2.2225
85	110	2.0063
85	111	0.80764
85	112	1.2644
85	113	4.8362
85	114	6.7875
85	115	4.776
85	116	1.3611
85	117	28.657
86	87	148.36
86	88	61.776
86	89	23.321
86	90	19.158
86	91	24.642
86	92	36.215
86	93	23.286
86	94	26.359
86	95	21.561
86	96	20.73
86	97	12.511
86	98	13.457
86	99	15.874
86	100	12.699
86	101	5.0757
86	102	4.221
86	103	8.0378
86	104	3.3247
86	105	3.6021
86	106	1.3784
86	107	3.2003
86	108	1.406
86	109	4.0334
86	110	0.81072
86	111	0.81072
86	112	0.81072
86	113	1.9453
86	114	2.7325
86	115	2.7325
86	116	3.2868
86	117	11.489
87	88	144.49
87	89	39.641
87	90	27.471
87	91	24.751
87	92	24.276
87	93	27.899
87	94	17.163
87	95	18.724
87	96	16.677
87	97	16.383
87	98	13.877
87	99	20.2
87	100	9.9984
87	101	8.6125
87	102	7.7545
87	103	6.06
87	104	5.6509
87	105	5.3472
87	106	4.6753
87	107	1.357
87	108	9.5439
87	109	3.4198
87	110	3.4332
87	111	4.973
87	112	3.8855
87	113	6.607
87	114	1.1596
87	115	1.6304
87	116	1.3951
87	117	9.7869
88	89	202.39
88	90	93.611
88	91	58.387
88	92	40.985
88	93	31.428
88	94	15.557
88	95	22.826
88	96	14.618
88	97	14.332
88	98	13.621
88	99	17.552
88	100	16.313
88	101	12.751
88	102	12.651
88	103	6.612
88	104	12.299
88	105	4.7617
88	106	4.3721
88	107	3.3828
88	108	4.4585
88	109	4.2658
88	110	3.4324
88	111	3.1013
88	112	4.8374
88	113	8.2252
88	114	4.3339
88	115	4.0578
88	116	10.422
88	117	24.252
89	90	188.92
89	91	63.818
89	92	26.813
89	93	25.539
89	94	13.055
89	95	13.508
89	96	12.727
89	97	8.8221
89	98	6.7198
89	99	15.353
89	100	8.8281
89	101	10.138
89	102	11.84
89	103	8.6966
89	104	6.661
89	105	8.7676
89	106	3.6545
89	107	4.2365
89	108	6.214
89	109	8.3168
89	110	3.5795
89	111	2.594
89	112	4.0568
89	113	1.7241
89	114	3.6313
89	115	3.404
89	116	4.3687
89	117	4.3687
90	91	251.03
90	92	67.292
90	93	24.431
90	94	11.102
90	95	12.932
90	96	14.689
90	97	10.956
90	98	10.57
90	99	14.436
90	100	13.809
90	101	13.913
90	102	10.717
90	103	11.051
90	104	6.3507
90	105	15.426
90	106	9.1731
90	107	4.5602
90	108	5.3475
90	109	2.5562
90	110	3.082
90	111	5.5796
90	112	5.8097
90	113	7.4083
90	114	5.2025
90	115	12.795
90	116	6.2582
90	117	6.2582
91	92	190.05
91	93	39.671
91	94	24.469
91	95	18.289
91	96	14.914
91	97	10.724
91	98	13.214
91	99	27.99
91	100	17.549
91	101	14.383
91	102	10.609
91	103	6.7237
91	104	9.879
91	105	15.481
91	106	5.9093
91	107	6.8441
91	108	6.0231
91	109	7.208
91	110	6.098
91	111	3.1499
91	112	4.9116
91	113	6.2624
91	114	5.8681
91	115	2.059
91	116	5.2927
91	117	5.2927
92	93	124.4
92	94	45.386
92	95	40.622
92	96	30.982
92	97	24.059
92	98	34.082
92	99	27.979
92	100	26.29
92	101	11.544
92	102	16.195
92	103	11.891
92	104	11.072
92	105	10.874
92	106	4.9784
92	107	4.9784
92	108	5.074
92	109	6.4765
92	110	7.846
92	111	3.5428
92	112	1.8287
92	113	4.6665
92	114	6.5688
92	115	2.298
92	116	9.8735
92	117	9.8735
93	94	162.27
93	95	77.416
93	96	36.88
93	97	28.937
93	98	35.851
93	99	40.012
93	100	21.977
93	101	10.266
93	102	11.379
93	103	11.343
93	104	3.8393
93	105	13.503
93	106	7.9385
93	107	5.5257
93	108	9.7121
93	109	6.1959
93	110	3.7449
93	111	2.2554
93	112	10.525
93	113	6.7121
93	114	4.7189
93	115	2.2062
93	116	3.7829
93	117	3.7829
94	95	114.98
94	96	62.461
94	97	43.856
94	98	39.216
94	99	23.598
94	100	24.849
94	101	6.1715
94	102	6.2154
94	103	3.9445
94	104	5.8912
94	105	5.5718
94	106	4.8722
94	107	4.8722
94	108	3.7284
94	109	3.5642
94	110	2.1463
94	111	3.454
94	112	1.3518
94	113	3.4467
94	114	9.6767
94	115	3.4036
94	116	1.455
94	117	1.455
95	96	115.24
95	97	53.521
95	98	54.413
95	99	25.915
95	100	17.056
95	101	10.348
95	102	8.0372
95	103	11.673
95	104	3.3925
95	105	3.6828
95	106	1.1292
95	107	2.625
95	108	2.3057
95	109	3.3029
95	110	2.6482
95	111	5.5951
95	112	5.0056
95	113	6.3823
95	114	2.2389
95	115	1.576
95	116	1.3469
95	117	1.3469
96	97	126
96	98	108.25
96	99	34.839
96	100	24.338
96	101	11.184
96	102	5.3883
96	103	8.8961
96	104	7.0243
96	105	5.5256
96	106	4.2311
96	107	1.2282
96	108	3.2392
96	109	3.0943
96	110	3.722
96	111	2.2478
96	112	7.0457
96	113	7.486
96	114	4.201
96	115	1.4788
96	116	1.2637
96	117	1.2637
97	98	117.62
97	99	33.138
97	100	16.373
97	101	12.429
97	102	8.4663
97	103	2.6869
97	104	5.027
97	105	4.0662
97	106	6.2221
97	107	1.203
97	108	2.1166
97	109	5.0554
97	110	1.2165
97	111	3.6755
97	112	4.6079
97	113	5.8746
97	114	3.0909
97	115	2.9009
97	116	2.4797
97	117	17.444
98	99	95.419
98	100	43.595
98	101	18.163
98	102	10.071
98	103	9.0284
98	104	3.5027
98	105	7.5949
98	106	6.9822
98	107	5.4057
98	108	3.5626
98	109	5.6738
98	110	4.0972
98	111	7.4171
98	112	3.871
98	113	1.645
98	114	4.617
98	115	3.2493
98	116	2.7774
98	117	2.7774
99	100	151.61
99	101	45.552
99	102	25.591
99	103	20.411
99	104	17.308
99	105	15.895
99	106	15.722
99	107	14.919
99	108	16.034
99	109	11.153
99	110	8.4142
99	111	12.177
99	112	4.746
99	113	10.087
99	114	11.339
99	115	7.9607
99	116	15.344
99	117	35.849
100	101	176.58
100	102	54.158
100	103	51.219
100	104	36.864
100	105	40.971
100	106	16.073
100	107	8.2819
100	108	20.02
100	109	17.424
100	110	23.23
100	111	12.715
100	112	13.768
100	113	15.06
100	114	30.038
100	115	2.4715
100	116	8.4994
100	117	44.623
101	102	160.81
101	103	71.043
101	104	33.543
101	105	21.409
101	106	23.934
101	107	10.232
101	108	16.709
101	109	11.055
101	110	7.3997
101	111	13.402
101	112	13.963
101	113	8.9031
101	114	8.7502
101	115	8.7872
101	116	12.032
101	117	10.559
102	103	208.95
102	104	48.912
102	105	38.288
102	106	27.879
102	107	16.176
102	108	9.9548
102	109	9.5176
102	110	10.662
102	111	5.9367
102	112	9.2548
102	113	7.869
102	114	11.056
102	115	17.466
102	116	11.638
102	117	11.638
103	104	190.3
103	105	108.63
103	106	58.258
103	107	38.894
103	108	26.996
103	109	25.838
103	110	14.576
103	111	16.307
103	112	15.612
103	113	19.909
103	114	13.998
103	115	14.723
103	116	4.2083
103	117	4.2083
104	105	245.41
104	106	77.204
104	107	30.448
104	108	23.443
104	109	22.438
104	110	24.223
104	111	17.523
104	112	14.544
104	113	23.185
104	114	17.932
104	115	25.145
104	116	9.8019
104	117	9.8019
105	106	288.74
105	107	41.051
105	108	41.503
105	109	39.764
105	110	22.022
105	111	32.807
105	112	23.416
105	113	32.369
105	114	22.794
105	115	22.064
105	116	12.647
105	117	14.748
106	107	174.7
106	108	57.605
106	109	28.949
106	110	30.465
106	111	48.127
106	112	29.565
106	113	30.197
106	114	26.635
106	115	22.259
106	116	16.001
106	117	16.001
107	108	301.49
107	109	91.443
107	110	53.976
107	111	55.781
107	112	44.433
107	113	8.7267
107	114	24.652
107	115	51.431
107	116	25.909
107	117	25.784
108	109	321.55
108	110	71.956
108	111	56.886
108	112	66.146
108	113	30.708
108	114	43.366
108	115	37.71
108	116	22.789
108	117	45.418
109	110	268.94
109	111	146.56
109	112	95.308
109	113	55.308
109	114	44.21
109	115	21.75
109	116	25.005
109	117	25.005
110	111	231.15
110	112	79.628
110	113	54.18
110	114	47.608
110	115	48.96
110	116	24.818
110	117	13.358
111	112	207.98
111	113	75.816
111	114	93.398
111	115	42.671
111	116	18.331
111	117	48.059
112	113	251.42
112	114	169.13
112	115	109.11
112	116	77.066
112	117	73.623
113	114	450.57
113	115	92.949
113	116	62.637
113	117	62.634
114	115	182.84
114	116	69.529
114	117	44.259
115	116	180.08
115	117	30.753
116	117	876.98
